mean_e0,mean_e1,mean_e2,mean_e3,mean_e4,mean_e5,mean_e6,mean_e7,mean_e8,mean_e9,mean_e10,mean_e11,mean_e12,mean_e13,mean_e14,mean_e15,mean_e16,mean_e17,mean_e18,mean_e19,mean_e20,mean_e21,mean_e22,mean_e23,mean_e24,mean_e25,mean_e26,mean_e27,mean_e28,mean_e29,mean_e30,mean_e31,mean_e32,mean_e33,mean_e34,mean_e35,mean_e36,mean_e37,mean_e38,mean_e39,mean_e40,mean_e41,mean_e42,mean_e43,mean_e44,mean_e45,mean_e46,mean_e47,mean_e48,mean_e49,mean_e50,mean_e51,mean_e52,mean_e53,mean_e54,mean_e55,mean_e56,mean_e57,mean_e58,mean_e59,mean_e60,mean_e61,mean_e62,mean_e63,mean_e64,mean_e65,mean_e66,mean_e67,mean_e68,mean_e69,mean_e70,mean_e71,mean_e72,mean_e73,mean_e74,mean_e75,mean_e76,mean_e77,mean_e78,mean_e79,mean_e80,mean_e81,mean_e82,mean_e83,mean_e84,mean_e85,mean_e86,mean_e87,mean_e88,mean_e89,mean_e90,mean_e91,mean_e92,mean_e93,mean_e94,mean_e95,mean_e96,mean_e97,mean_e98,mean_e99,mean_e100,mean_e101,mean_e102,mean_e103,mean_e104,mean_e105,mean_e106,mean_e107,mean_e108,mean_e109,mean_e110,mean_e111,mean_e112,mean_e113,mean_e114,mean_e115,mean_e116,mean_e117,mean_e118,mean_e119,mean_e120,mean_e121,mean_e122,mean_e123,mean_e124,mean_e125,mean_e126,mean_e127,mean_e128,mean_e129,mean_e130,mean_e131,mean_e132,mean_e133,mean_e134,mean_e135,mean_e136,mean_e137,mean_e138,mean_e139,mean_e140,mean_e141,mean_e142,mean_e143,mean_e144,mean_e145,mean_e146,mean_e147,mean_e148,mean_e149,mean_e150,mean_e151,mean_e152,mean_e153,mean_e154,mean_e155,mean_e156,mean_e157,mean_e158,mean_e159,mean_e160,mean_e161,mean_e162,mean_e163,mean_e164,mean_e165,mean_e166,mean_e167,mean_e168,mean_e169,mean_e170,mean_e171,mean_e172,mean_e173,mean_e174,mean_e175,mean_e176,mean_e177,mean_e178,mean_e179,mean_e180,mean_e181,mean_e182,mean_e183,mean_e184,mean_e185,mean_e186,mean_e187,mean_e188,mean_e189,mean_e190,mean_e191,mean_e192,mean_e193,mean_e194,mean_e195,mean_e196,mean_e197,mean_e198,mean_e199,mean_e200,mean_e201,mean_e202,mean_e203,mean_e204,mean_e205,mean_e206,mean_e207,mean_e208,mean_e209,mean_e210,mean_e211,mean_e212,mean_e213,mean_e214,mean_e215,mean_e216,mean_e217,mean_e218,mean_e219,mean_e220,mean_e221,mean_e222,mean_e223,mean_e224,mean_e225,mean_e226,mean_e227,mean_e228,mean_e229,mean_e230,mean_e231,mean_e232,mean_e233,mean_e234,mean_e235,mean_e236,mean_e237,mean_e238,mean_e239,mean_e240,mean_e241,mean_e242,mean_e243,mean_e244,mean_e245,mean_e246,mean_e247,mean_e248,mean_e249,mean_e250,mean_e251,mean_e252,mean_e253,mean_e254,mean_e255,mean_e256,mean_e257,mean_e258,mean_e259,mean_e260,mean_e261,mean_e262,mean_e263,mean_e264,mean_e265,mean_e266,mean_e267,mean_e268,mean_e269,mean_e270,mean_e271,mean_e272,mean_e273,mean_e274,mean_e275,mean_e276,mean_e277,mean_e278,mean_e279,mean_e280,mean_e281,mean_e282,mean_e283,mean_e284,mean_e285,mean_e286,mean_e287,mean_e288,mean_e289,mean_e290,mean_e291,mean_e292,mean_e293,mean_e294,mean_e295,mean_e296,mean_e297,mean_e298,mean_e299,mean_e300,mean_e301,mean_e302,mean_e303,mean_e304,mean_e305,mean_e306,mean_e307,mean_e308,mean_e309,mean_e310,mean_e311,mean_e312,mean_e313,mean_e314,mean_e315,mean_e316,mean_e317,mean_e318,mean_e319,mean_e320,mean_e321,mean_e322,mean_e323,mean_e324,mean_e325,mean_e326,mean_e327,mean_e328,mean_e329,mean_e330,mean_e331,mean_e332,mean_e333,mean_e334,mean_e335,mean_e336,mean_e337,mean_e338,mean_e339,mean_e340,mean_e341,mean_e342,mean_e343,mean_e344,mean_e345,mean_e346,mean_e347,mean_e348,mean_e349,mean_e350,mean_e351,mean_e352,mean_e353,mean_e354,mean_e355,mean_e356,mean_e357,mean_e358,mean_e359,mean_e360,mean_e361,mean_e362,mean_e363,mean_e364,mean_e365,mean_e366,mean_e367,mean_e368,mean_e369,mean_e370,mean_e371,mean_e372,mean_e373,mean_e374,mean_e375,mean_e376,mean_e377,mean_e378,mean_e379,mean_e380,mean_e381,mean_e382,mean_e383,std_e0,std_e1,std_e2,std_e3,std_e4,std_e5,std_e6,std_e7,std_e8,std_e9,std_e10,std_e11,std_e12,std_e13,std_e14,std_e15,std_e16,std_e17,std_e18,std_e19,std_e20,std_e21,std_e22,std_e23,std_e24,std_e25,std_e26,std_e27,std_e28,std_e29,std_e30,std_e31,std_e32,std_e33,std_e34,std_e35,std_e36,std_e37,std_e38,std_e39,std_e40,std_e41,std_e42,std_e43,std_e44,std_e45,std_e46,std_e47,std_e48,std_e49,std_e50,std_e51,std_e52,std_e53,std_e54,std_e55,std_e56,std_e57,std_e58,std_e59,std_e60,std_e61,std_e62,std_e63,std_e64,std_e65,std_e66,std_e67,std_e68,std_e69,std_e70,std_e71,std_e72,std_e73,std_e74,std_e75,std_e76,std_e77,std_e78,std_e79,std_e80,std_e81,std_e82,std_e83,std_e84,std_e85,std_e86,std_e87,std_e88,std_e89,std_e90,std_e91,std_e92,std_e93,std_e94,std_e95,std_e96,std_e97,std_e98,std_e99,std_e100,std_e101,std_e102,std_e103,std_e104,std_e105,std_e106,std_e107,std_e108,std_e109,std_e110,std_e111,std_e112,std_e113,std_e114,std_e115,std_e116,std_e117,std_e118,std_e119,std_e120,std_e121,std_e122,std_e123,std_e124,std_e125,std_e126,std_e127,std_e128,std_e129,std_e130,std_e131,std_e132,std_e133,std_e134,std_e135,std_e136,std_e137,std_e138,std_e139,std_e140,std_e141,std_e142,std_e143,std_e144,std_e145,std_e146,std_e147,std_e148,std_e149,std_e150,std_e151,std_e152,std_e153,std_e154,std_e155,std_e156,std_e157,std_e158,std_e159,std_e160,std_e161,std_e162,std_e163,std_e164,std_e165,std_e166,std_e167,std_e168,std_e169,std_e170,std_e171,std_e172,std_e173,std_e174,std_e175,std_e176,std_e177,std_e178,std_e179,std_e180,std_e181,std_e182,std_e183,std_e184,std_e185,std_e186,std_e187,std_e188,std_e189,std_e190,std_e191,std_e192,std_e193,std_e194,std_e195,std_e196,std_e197,std_e198,std_e199,std_e200,std_e201,std_e202,std_e203,std_e204,std_e205,std_e206,std_e207,std_e208,std_e209,std_e210,std_e211,std_e212,std_e213,std_e214,std_e215,std_e216,std_e217,std_e218,std_e219,std_e220,std_e221,std_e222,std_e223,std_e224,std_e225,std_e226,std_e227,std_e228,std_e229,std_e230,std_e231,std_e232,std_e233,std_e234,std_e235,std_e236,std_e237,std_e238,std_e239,std_e240,std_e241,std_e242,std_e243,std_e244,std_e245,std_e246,std_e247,std_e248,std_e249,std_e250,std_e251,std_e252,std_e253,std_e254,std_e255,std_e256,std_e257,std_e258,std_e259,std_e260,std_e261,std_e262,std_e263,std_e264,std_e265,std_e266,std_e267,std_e268,std_e269,std_e270,std_e271,std_e272,std_e273,std_e274,std_e275,std_e276,std_e277,std_e278,std_e279,std_e280,std_e281,std_e282,std_e283,std_e284,std_e285,std_e286,std_e287,std_e288,std_e289,std_e290,std_e291,std_e292,std_e293,std_e294,std_e295,std_e296,std_e297,std_e298,std_e299,std_e300,std_e301,std_e302,std_e303,std_e304,std_e305,std_e306,std_e307,std_e308,std_e309,std_e310,std_e311,std_e312,std_e313,std_e314,std_e315,std_e316,std_e317,std_e318,std_e319,std_e320,std_e321,std_e322,std_e323,std_e324,std_e325,std_e326,std_e327,std_e328,std_e329,std_e330,std_e331,std_e332,std_e333,std_e334,std_e335,std_e336,std_e337,std_e338,std_e339,std_e340,std_e341,std_e342,std_e343,std_e344,std_e345,std_e346,std_e347,std_e348,std_e349,std_e350,std_e351,std_e352,std_e353,std_e354,std_e355,std_e356,std_e357,std_e358,std_e359,std_e360,std_e361,std_e362,std_e363,std_e364,std_e365,std_e366,std_e367,std_e368,std_e369,std_e370,std_e371,std_e372,std_e373,std_e374,std_e375,std_e376,std_e377,std_e378,std_e379,std_e380,std_e381,std_e382,std_e383,max_e0,max_e1,max_e2,max_e3,max_e4,max_e5,max_e6,max_e7,max_e8,max_e9,max_e10,max_e11,max_e12,max_e13,max_e14,max_e15,max_e16,max_e17,max_e18,max_e19,max_e20,max_e21,max_e22,max_e23,max_e24,max_e25,max_e26,max_e27,max_e28,max_e29,max_e30,max_e31,max_e32,max_e33,max_e34,max_e35,max_e36,max_e37,max_e38,max_e39,max_e40,max_e41,max_e42,max_e43,max_e44,max_e45,max_e46,max_e47,max_e48,max_e49,max_e50,max_e51,max_e52,max_e53,max_e54,max_e55,max_e56,max_e57,max_e58,max_e59,max_e60,max_e61,max_e62,max_e63,max_e64,max_e65,max_e66,max_e67,max_e68,max_e69,max_e70,max_e71,max_e72,max_e73,max_e74,max_e75,max_e76,max_e77,max_e78,max_e79,max_e80,max_e81,max_e82,max_e83,max_e84,max_e85,max_e86,max_e87,max_e88,max_e89,max_e90,max_e91,max_e92,max_e93,max_e94,max_e95,max_e96,max_e97,max_e98,max_e99,max_e100,max_e101,max_e102,max_e103,max_e104,max_e105,max_e106,max_e107,max_e108,max_e109,max_e110,max_e111,max_e112,max_e113,max_e114,max_e115,max_e116,max_e117,max_e118,max_e119,max_e120,max_e121,max_e122,max_e123,max_e124,max_e125,max_e126,max_e127,max_e128,max_e129,max_e130,max_e131,max_e132,max_e133,max_e134,max_e135,max_e136,max_e137,max_e138,max_e139,max_e140,max_e141,max_e142,max_e143,max_e144,max_e145,max_e146,max_e147,max_e148,max_e149,max_e150,max_e151,max_e152,max_e153,max_e154,max_e155,max_e156,max_e157,max_e158,max_e159,max_e160,max_e161,max_e162,max_e163,max_e164,max_e165,max_e166,max_e167,max_e168,max_e169,max_e170,max_e171,max_e172,max_e173,max_e174,max_e175,max_e176,max_e177,max_e178,max_e179,max_e180,max_e181,max_e182,max_e183,max_e184,max_e185,max_e186,max_e187,max_e188,max_e189,max_e190,max_e191,max_e192,max_e193,max_e194,max_e195,max_e196,max_e197,max_e198,max_e199,max_e200,max_e201,max_e202,max_e203,max_e204,max_e205,max_e206,max_e207,max_e208,max_e209,max_e210,max_e211,max_e212,max_e213,max_e214,max_e215,max_e216,max_e217,max_e218,max_e219,max_e220,max_e221,max_e222,max_e223,max_e224,max_e225,max_e226,max_e227,max_e228,max_e229,max_e230,max_e231,max_e232,max_e233,max_e234,max_e235,max_e236,max_e237,max_e238,max_e239,max_e240,max_e241,max_e242,max_e243,max_e244,max_e245,max_e246,max_e247,max_e248,max_e249,max_e250,max_e251,max_e252,max_e253,max_e254,max_e255,max_e256,max_e257,max_e258,max_e259,max_e260,max_e261,max_e262,max_e263,max_e264,max_e265,max_e266,max_e267,max_e268,max_e269,max_e270,max_e271,max_e272,max_e273,max_e274,max_e275,max_e276,max_e277,max_e278,max_e279,max_e280,max_e281,max_e282,max_e283,max_e284,max_e285,max_e286,max_e287,max_e288,max_e289,max_e290,max_e291,max_e292,max_e293,max_e294,max_e295,max_e296,max_e297,max_e298,max_e299,max_e300,max_e301,max_e302,max_e303,max_e304,max_e305,max_e306,max_e307,max_e308,max_e309,max_e310,max_e311,max_e312,max_e313,max_e314,max_e315,max_e316,max_e317,max_e318,max_e319,max_e320,max_e321,max_e322,max_e323,max_e324,max_e325,max_e326,max_e327,max_e328,max_e329,max_e330,max_e331,max_e332,max_e333,max_e334,max_e335,max_e336,max_e337,max_e338,max_e339,max_e340,max_e341,max_e342,max_e343,max_e344,max_e345,max_e346,max_e347,max_e348,max_e349,max_e350,max_e351,max_e352,max_e353,max_e354,max_e355,max_e356,max_e357,max_e358,max_e359,max_e360,max_e361,max_e362,max_e363,max_e364,max_e365,max_e366,max_e367,max_e368,max_e369,max_e370,max_e371,max_e372,max_e373,max_e374,max_e375,max_e376,max_e377,max_e378,max_e379,max_e380,max_e381,max_e382,max_e383,min_e0,min_e1,min_e2,min_e3,min_e4,min_e5,min_e6,min_e7,min_e8,min_e9,min_e10,min_e11,min_e12,min_e13,min_e14,min_e15,min_e16,min_e17,min_e18,min_e19,min_e20,min_e21,min_e22,min_e23,min_e24,min_e25,min_e26,min_e27,min_e28,min_e29,min_e30,min_e31,min_e32,min_e33,min_e34,min_e35,min_e36,min_e37,min_e38,min_e39,min_e40,min_e41,min_e42,min_e43,min_e44,min_e45,min_e46,min_e47,min_e48,min_e49,min_e50,min_e51,min_e52,min_e53,min_e54,min_e55,min_e56,min_e57,min_e58,min_e59,min_e60,min_e61,min_e62,min_e63,min_e64,min_e65,min_e66,min_e67,min_e68,min_e69,min_e70,min_e71,min_e72,min_e73,min_e74,min_e75,min_e76,min_e77,min_e78,min_e79,min_e80,min_e81,min_e82,min_e83,min_e84,min_e85,min_e86,min_e87,min_e88,min_e89,min_e90,min_e91,min_e92,min_e93,min_e94,min_e95,min_e96,min_e97,min_e98,min_e99,min_e100,min_e101,min_e102,min_e103,min_e104,min_e105,min_e106,min_e107,min_e108,min_e109,min_e110,min_e111,min_e112,min_e113,min_e114,min_e115,min_e116,min_e117,min_e118,min_e119,min_e120,min_e121,min_e122,min_e123,min_e124,min_e125,min_e126,min_e127,min_e128,min_e129,min_e130,min_e131,min_e132,min_e133,min_e134,min_e135,min_e136,min_e137,min_e138,min_e139,min_e140,min_e141,min_e142,min_e143,min_e144,min_e145,min_e146,min_e147,min_e148,min_e149,min_e150,min_e151,min_e152,min_e153,min_e154,min_e155,min_e156,min_e157,min_e158,min_e159,min_e160,min_e161,min_e162,min_e163,min_e164,min_e165,min_e166,min_e167,min_e168,min_e169,min_e170,min_e171,min_e172,min_e173,min_e174,min_e175,min_e176,min_e177,min_e178,min_e179,min_e180,min_e181,min_e182,min_e183,min_e184,min_e185,min_e186,min_e187,min_e188,min_e189,min_e190,min_e191,min_e192,min_e193,min_e194,min_e195,min_e196,min_e197,min_e198,min_e199,min_e200,min_e201,min_e202,min_e203,min_e204,min_e205,min_e206,min_e207,min_e208,min_e209,min_e210,min_e211,min_e212,min_e213,min_e214,min_e215,min_e216,min_e217,min_e218,min_e219,min_e220,min_e221,min_e222,min_e223,min_e224,min_e225,min_e226,min_e227,min_e228,min_e229,min_e230,min_e231,min_e232,min_e233,min_e234,min_e235,min_e236,min_e237,min_e238,min_e239,min_e240,min_e241,min_e242,min_e243,min_e244,min_e245,min_e246,min_e247,min_e248,min_e249,min_e250,min_e251,min_e252,min_e253,min_e254,min_e255,min_e256,min_e257,min_e258,min_e259,min_e260,min_e261,min_e262,min_e263,min_e264,min_e265,min_e266,min_e267,min_e268,min_e269,min_e270,min_e271,min_e272,min_e273,min_e274,min_e275,min_e276,min_e277,min_e278,min_e279,min_e280,min_e281,min_e282,min_e283,min_e284,min_e285,min_e286,min_e287,min_e288,min_e289,min_e290,min_e291,min_e292,min_e293,min_e294,min_e295,min_e296,min_e297,min_e298,min_e299,min_e300,min_e301,min_e302,min_e303,min_e304,min_e305,min_e306,min_e307,min_e308,min_e309,min_e310,min_e311,min_e312,min_e313,min_e314,min_e315,min_e316,min_e317,min_e318,min_e319,min_e320,min_e321,min_e322,min_e323,min_e324,min_e325,min_e326,min_e327,min_e328,min_e329,min_e330,min_e331,min_e332,min_e333,min_e334,min_e335,min_e336,min_e337,min_e338,min_e339,min_e340,min_e341,min_e342,min_e343,min_e344,min_e345,min_e346,min_e347,min_e348,min_e349,min_e350,min_e351,min_e352,min_e353,min_e354,min_e355,min_e356,min_e357,min_e358,min_e359,min_e360,min_e361,min_e362,min_e363,min_e364,min_e365,min_e366,min_e367,min_e368,min_e369,min_e370,min_e371,min_e372,min_e373,min_e374,min_e375,min_e376,min_e377,min_e378,min_e379,min_e380,min_e381,min_e382,min_e383,first_e0,first_e1,first_e2,first_e3,first_e4,first_e5,first_e6,first_e7,first_e8,first_e9,first_e10,first_e11,first_e12,first_e13,first_e14,first_e15,first_e16,first_e17,first_e18,first_e19,first_e20,first_e21,first_e22,first_e23,first_e24,first_e25,first_e26,first_e27,first_e28,first_e29,first_e30,first_e31,first_e32,first_e33,first_e34,first_e35,first_e36,first_e37,first_e38,first_e39,first_e40,first_e41,first_e42,first_e43,first_e44,first_e45,first_e46,first_e47,first_e48,first_e49,first_e50,first_e51,first_e52,first_e53,first_e54,first_e55,first_e56,first_e57,first_e58,first_e59,first_e60,first_e61,first_e62,first_e63,first_e64,first_e65,first_e66,first_e67,first_e68,first_e69,first_e70,first_e71,first_e72,first_e73,first_e74,first_e75,first_e76,first_e77,first_e78,first_e79,first_e80,first_e81,first_e82,first_e83,first_e84,first_e85,first_e86,first_e87,first_e88,first_e89,first_e90,first_e91,first_e92,first_e93,first_e94,first_e95,first_e96,first_e97,first_e98,first_e99,first_e100,first_e101,first_e102,first_e103,first_e104,first_e105,first_e106,first_e107,first_e108,first_e109,first_e110,first_e111,first_e112,first_e113,first_e114,first_e115,first_e116,first_e117,first_e118,first_e119,first_e120,first_e121,first_e122,first_e123,first_e124,first_e125,first_e126,first_e127,first_e128,first_e129,first_e130,first_e131,first_e132,first_e133,first_e134,first_e135,first_e136,first_e137,first_e138,first_e139,first_e140,first_e141,first_e142,first_e143,first_e144,first_e145,first_e146,first_e147,first_e148,first_e149,first_e150,first_e151,first_e152,first_e153,first_e154,first_e155,first_e156,first_e157,first_e158,first_e159,first_e160,first_e161,first_e162,first_e163,first_e164,first_e165,first_e166,first_e167,first_e168,first_e169,first_e170,first_e171,first_e172,first_e173,first_e174,first_e175,first_e176,first_e177,first_e178,first_e179,first_e180,first_e181,first_e182,first_e183,first_e184,first_e185,first_e186,first_e187,first_e188,first_e189,first_e190,first_e191,first_e192,first_e193,first_e194,first_e195,first_e196,first_e197,first_e198,first_e199,first_e200,first_e201,first_e202,first_e203,first_e204,first_e205,first_e206,first_e207,first_e208,first_e209,first_e210,first_e211,first_e212,first_e213,first_e214,first_e215,first_e216,first_e217,first_e218,first_e219,first_e220,first_e221,first_e222,first_e223,first_e224,first_e225,first_e226,first_e227,first_e228,first_e229,first_e230,first_e231,first_e232,first_e233,first_e234,first_e235,first_e236,first_e237,first_e238,first_e239,first_e240,first_e241,first_e242,first_e243,first_e244,first_e245,first_e246,first_e247,first_e248,first_e249,first_e250,first_e251,first_e252,first_e253,first_e254,first_e255,first_e256,first_e257,first_e258,first_e259,first_e260,first_e261,first_e262,first_e263,first_e264,first_e265,first_e266,first_e267,first_e268,first_e269,first_e270,first_e271,first_e272,first_e273,first_e274,first_e275,first_e276,first_e277,first_e278,first_e279,first_e280,first_e281,first_e282,first_e283,first_e284,first_e285,first_e286,first_e287,first_e288,first_e289,first_e290,first_e291,first_e292,first_e293,first_e294,first_e295,first_e296,first_e297,first_e298,first_e299,first_e300,first_e301,first_e302,first_e303,first_e304,first_e305,first_e306,first_e307,first_e308,first_e309,first_e310,first_e311,first_e312,first_e313,first_e314,first_e315,first_e316,first_e317,first_e318,first_e319,first_e320,first_e321,first_e322,first_e323,first_e324,first_e325,first_e326,first_e327,first_e328,first_e329,first_e330,first_e331,first_e332,first_e333,first_e334,first_e335,first_e336,first_e337,first_e338,first_e339,first_e340,first_e341,first_e342,first_e343,first_e344,first_e345,first_e346,first_e347,first_e348,first_e349,first_e350,first_e351,first_e352,first_e353,first_e354,first_e355,first_e356,first_e357,first_e358,first_e359,first_e360,first_e361,first_e362,first_e363,first_e364,first_e365,first_e366,first_e367,first_e368,first_e369,first_e370,first_e371,first_e372,first_e373,first_e374,first_e375,first_e376,first_e377,first_e378,first_e379,first_e380,first_e381,first_e382,first_e383,last_e0,last_e1,last_e2,last_e3,last_e4,last_e5,last_e6,last_e7,last_e8,last_e9,last_e10,last_e11,last_e12,last_e13,last_e14,last_e15,last_e16,last_e17,last_e18,last_e19,last_e20,last_e21,last_e22,last_e23,last_e24,last_e25,last_e26,last_e27,last_e28,last_e29,last_e30,last_e31,last_e32,last_e33,last_e34,last_e35,last_e36,last_e37,last_e38,last_e39,last_e40,last_e41,last_e42,last_e43,last_e44,last_e45,last_e46,last_e47,last_e48,last_e49,last_e50,last_e51,last_e52,last_e53,last_e54,last_e55,last_e56,last_e57,last_e58,last_e59,last_e60,last_e61,last_e62,last_e63,last_e64,last_e65,last_e66,last_e67,last_e68,last_e69,last_e70,last_e71,last_e72,last_e73,last_e74,last_e75,last_e76,last_e77,last_e78,last_e79,last_e80,last_e81,last_e82,last_e83,last_e84,last_e85,last_e86,last_e87,last_e88,last_e89,last_e90,last_e91,last_e92,last_e93,last_e94,last_e95,last_e96,last_e97,last_e98,last_e99,last_e100,last_e101,last_e102,last_e103,last_e104,last_e105,last_e106,last_e107,last_e108,last_e109,last_e110,last_e111,last_e112,last_e113,last_e114,last_e115,last_e116,last_e117,last_e118,last_e119,last_e120,last_e121,last_e122,last_e123,last_e124,last_e125,last_e126,last_e127,last_e128,last_e129,last_e130,last_e131,last_e132,last_e133,last_e134,last_e135,last_e136,last_e137,last_e138,last_e139,last_e140,last_e141,last_e142,last_e143,last_e144,last_e145,last_e146,last_e147,last_e148,last_e149,last_e150,last_e151,last_e152,last_e153,last_e154,last_e155,last_e156,last_e157,last_e158,last_e159,last_e160,last_e161,last_e162,last_e163,last_e164,last_e165,last_e166,last_e167,last_e168,last_e169,last_e170,last_e171,last_e172,last_e173,last_e174,last_e175,last_e176,last_e177,last_e178,last_e179,last_e180,last_e181,last_e182,last_e183,last_e184,last_e185,last_e186,last_e187,last_e188,last_e189,last_e190,last_e191,last_e192,last_e193,last_e194,last_e195,last_e196,last_e197,last_e198,last_e199,last_e200,last_e201,last_e202,last_e203,last_e204,last_e205,last_e206,last_e207,last_e208,last_e209,last_e210,last_e211,last_e212,last_e213,last_e214,last_e215,last_e216,last_e217,last_e218,last_e219,last_e220,last_e221,last_e222,last_e223,last_e224,last_e225,last_e226,last_e227,last_e228,last_e229,last_e230,last_e231,last_e232,last_e233,last_e234,last_e235,last_e236,last_e237,last_e238,last_e239,last_e240,last_e241,last_e242,last_e243,last_e244,last_e245,last_e246,last_e247,last_e248,last_e249,last_e250,last_e251,last_e252,last_e253,last_e254,last_e255,last_e256,last_e257,last_e258,last_e259,last_e260,last_e261,last_e262,last_e263,last_e264,last_e265,last_e266,last_e267,last_e268,last_e269,last_e270,last_e271,last_e272,last_e273,last_e274,last_e275,last_e276,last_e277,last_e278,last_e279,last_e280,last_e281,last_e282,last_e283,last_e284,last_e285,last_e286,last_e287,last_e288,last_e289,last_e290,last_e291,last_e292,last_e293,last_e294,last_e295,last_e296,last_e297,last_e298,last_e299,last_e300,last_e301,last_e302,last_e303,last_e304,last_e305,last_e306,last_e307,last_e308,last_e309,last_e310,last_e311,last_e312,last_e313,last_e314,last_e315,last_e316,last_e317,last_e318,last_e319,last_e320,last_e321,last_e322,last_e323,last_e324,last_e325,last_e326,last_e327,last_e328,last_e329,last_e330,last_e331,last_e332,last_e333,last_e334,last_e335,last_e336,last_e337,last_e338,last_e339,last_e340,last_e341,last_e342,last_e343,last_e344,last_e345,last_e346,last_e347,last_e348,last_e349,last_e350,last_e351,last_e352,last_e353,last_e354,last_e355,last_e356,last_e357,last_e358,last_e359,last_e360,last_e361,last_e362,last_e363,last_e364,last_e365,last_e366,last_e367,last_e368,last_e369,last_e370,last_e371,last_e372,last_e373,last_e374,last_e375,last_e376,last_e377,last_e378,last_e379,last_e380,last_e381,last_e382,last_e383,slope_e0,slope_e1,slope_e2,slope_e3,slope_e4,slope_e5,slope_e6,slope_e7,slope_e8,slope_e9,slope_e10,slope_e11,slope_e12,slope_e13,slope_e14,slope_e15,slope_e16,slope_e17,slope_e18,slope_e19,slope_e20,slope_e21,slope_e22,slope_e23,slope_e24,slope_e25,slope_e26,slope_e27,slope_e28,slope_e29,slope_e30,slope_e31,slope_e32,slope_e33,slope_e34,slope_e35,slope_e36,slope_e37,slope_e38,slope_e39,slope_e40,slope_e41,slope_e42,slope_e43,slope_e44,slope_e45,slope_e46,slope_e47,slope_e48,slope_e49,slope_e50,slope_e51,slope_e52,slope_e53,slope_e54,slope_e55,slope_e56,slope_e57,slope_e58,slope_e59,slope_e60,slope_e61,slope_e62,slope_e63,slope_e64,slope_e65,slope_e66,slope_e67,slope_e68,slope_e69,slope_e70,slope_e71,slope_e72,slope_e73,slope_e74,slope_e75,slope_e76,slope_e77,slope_e78,slope_e79,slope_e80,slope_e81,slope_e82,slope_e83,slope_e84,slope_e85,slope_e86,slope_e87,slope_e88,slope_e89,slope_e90,slope_e91,slope_e92,slope_e93,slope_e94,slope_e95,slope_e96,slope_e97,slope_e98,slope_e99,slope_e100,slope_e101,slope_e102,slope_e103,slope_e104,slope_e105,slope_e106,slope_e107,slope_e108,slope_e109,slope_e110,slope_e111,slope_e112,slope_e113,slope_e114,slope_e115,slope_e116,slope_e117,slope_e118,slope_e119,slope_e120,slope_e121,slope_e122,slope_e123,slope_e124,slope_e125,slope_e126,slope_e127,slope_e128,slope_e129,slope_e130,slope_e131,slope_e132,slope_e133,slope_e134,slope_e135,slope_e136,slope_e137,slope_e138,slope_e139,slope_e140,slope_e141,slope_e142,slope_e143,slope_e144,slope_e145,slope_e146,slope_e147,slope_e148,slope_e149,slope_e150,slope_e151,slope_e152,slope_e153,slope_e154,slope_e155,slope_e156,slope_e157,slope_e158,slope_e159,slope_e160,slope_e161,slope_e162,slope_e163,slope_e164,slope_e165,slope_e166,slope_e167,slope_e168,slope_e169,slope_e170,slope_e171,slope_e172,slope_e173,slope_e174,slope_e175,slope_e176,slope_e177,slope_e178,slope_e179,slope_e180,slope_e181,slope_e182,slope_e183,slope_e184,slope_e185,slope_e186,slope_e187,slope_e188,slope_e189,slope_e190,slope_e191,slope_e192,slope_e193,slope_e194,slope_e195,slope_e196,slope_e197,slope_e198,slope_e199,slope_e200,slope_e201,slope_e202,slope_e203,slope_e204,slope_e205,slope_e206,slope_e207,slope_e208,slope_e209,slope_e210,slope_e211,slope_e212,slope_e213,slope_e214,slope_e215,slope_e216,slope_e217,slope_e218,slope_e219,slope_e220,slope_e221,slope_e222,slope_e223,slope_e224,slope_e225,slope_e226,slope_e227,slope_e228,slope_e229,slope_e230,slope_e231,slope_e232,slope_e233,slope_e234,slope_e235,slope_e236,slope_e237,slope_e238,slope_e239,slope_e240,slope_e241,slope_e242,slope_e243,slope_e244,slope_e245,slope_e246,slope_e247,slope_e248,slope_e249,slope_e250,slope_e251,slope_e252,slope_e253,slope_e254,slope_e255,slope_e256,slope_e257,slope_e258,slope_e259,slope_e260,slope_e261,slope_e262,slope_e263,slope_e264,slope_e265,slope_e266,slope_e267,slope_e268,slope_e269,slope_e270,slope_e271,slope_e272,slope_e273,slope_e274,slope_e275,slope_e276,slope_e277,slope_e278,slope_e279,slope_e280,slope_e281,slope_e282,slope_e283,slope_e284,slope_e285,slope_e286,slope_e287,slope_e288,slope_e289,slope_e290,slope_e291,slope_e292,slope_e293,slope_e294,slope_e295,slope_e296,slope_e297,slope_e298,slope_e299,slope_e300,slope_e301,slope_e302,slope_e303,slope_e304,slope_e305,slope_e306,slope_e307,slope_e308,slope_e309,slope_e310,slope_e311,slope_e312,slope_e313,slope_e314,slope_e315,slope_e316,slope_e317,slope_e318,slope_e319,slope_e320,slope_e321,slope_e322,slope_e323,slope_e324,slope_e325,slope_e326,slope_e327,slope_e328,slope_e329,slope_e330,slope_e331,slope_e332,slope_e333,slope_e334,slope_e335,slope_e336,slope_e337,slope_e338,slope_e339,slope_e340,slope_e341,slope_e342,slope_e343,slope_e344,slope_e345,slope_e346,slope_e347,slope_e348,slope_e349,slope_e350,slope_e351,slope_e352,slope_e353,slope_e354,slope_e355,slope_e356,slope_e357,slope_e358,slope_e359,slope_e360,slope_e361,slope_e362,slope_e363,slope_e364,slope_e365,slope_e366,slope_e367,slope_e368,slope_e369,slope_e370,slope_e371,slope_e372,slope_e373,slope_e374,slope_e375,slope_e376,slope_e377,slope_e378,slope_e379,slope_e380,slope_e381,slope_e382,slope_e383
-0.01580418,-0.00451988,0.00285880,-0.00878947,0.02054487,-0.00392086,-0.02322233,-0.00505832,0.00011267,-0.00507874,0.00473053,0.05337451,-0.00939560,-0.00860700,0.03059103,-0.00325782,-0.00537445,-0.05422763,-0.02376543,0.02928342,-0.00961113,-0.00809205,-0.00127426,0.01345099,0.01742747,-0.00493064,-0.00856086,0.01455929,-0.00062893,-0.01695336,-0.01780761,0.04044238,0.01659633,-0.00664810,0.01421995,0.02463327,0.00977870,0.00140833,0.00361728,-0.02211603,0.01076170,-0.02941961,-0.01049473,0.02235278,-0.01887174,-0.00144055,-0.00719989,-0.02195604,-0.02321449,0.01649105,-0.00492858,-0.00257457,-0.00449734,-0.00438986,0.00673509,0.01726836,-0.01726954,-0.01165890,0.01224923,-0.00379550,-0.01007767,-0.00104437,-0.02756584,0.02912023,0.04041457,-0.00741088,-0.00541358,0.00616309,-0.02589403,-0.00474161,-0.00679228,-0.02515341,-0.01569630,-0.00640254,-0.00771717,0.01007653,0.02214195,0.03657261,0.05020768,-0.02886143,0.02126564,-0.00267025,-0.01098801,-0.01513072,-0.01673681,-0.00628184,-0.00727209,-0.02166176,0.01609561,0.01112293,0.00425701,-0.01074734,0.04981669,0.00256674,-0.01765201,0.02336401,-0.03377486,0.01608566,-0.00454236,0.02639481,-0.00938329,0.04640121,-0.01713672,-0.02385942,-0.02634808,-0.02566421,0.00277245,0.00469124,-0.00120755,-0.00583046,-0.01480330,0.00727789,0.01673311,0.01747091,-0.00688691,0.01116008,-0.01905674,-0.00040292,0.04083620,0.00298361,0.01282515,0.03313739,-0.02985330,0.01410166,-0.02307449,-0.01059976,-0.02094085,0.00000000,-0.01131789,0.01969893,0.01057442,0.00123758,-0.01124634,0.00772896,-0.03162168,-0.00065701,-0.00610670,-0.01004924,0.00918986,0.01209140,0.01216436,0.00047425,0.02510997,-0.03861279,-0.02636410,0.05680361,0.01642348,-0.00444381,0.02684320,-0.02616673,-0.01140376,-0.00226091,0.02501557,-0.00977720,-0.00047239,-0.00058830,0.00580413,0.00536492,-0.00270090,0.03141804,-0.00917999,-0.00437093,-0.01331061,0.02941586,-0.00678629,-0.01146426,-0.00677163,-0.01354289,-0.02481387,0.02101939,-0.03165460,-0.00005970,0.01382723,-0.00120472,0.03437180,-0.01436360,-0.04085189,-0.00390607,-0.00213277,0.02657809,-0.01583512,-0.01177122,-0.00888164,-0.00049639,0.00492868,-0.01597364,-0.00596005,0.00056261,-0.00804399,0.01209973,-0.02306214,-0.01040178,-0.05368299,0.04435944,0.00356475,0.01949697,-0.02499485,0.01028282,-0.00624374,0.00188920,-0.00991053,0.00398108,-0.01976337,0.00169082,-0.01833984,0.01388368,0.05923493,0.00610924,-0.00024024,-0.01132549,0.01036075,-0.00458494,0.04637151,-0.00349758,0.05758072,-0.00321026,-0.01982818,-0.00279551,-0.01255176,0.01054976,0.01269466,0.02485895,0.01100532,0.00000000,-0.03313310,-0.01239175,-0.00223647,0.02413420,0.00153980,0.00207723,0.01868883,0.01031897,0.01524861,0.03497949,0.01719682,0.00410364,-0.01675214,0.01667118,-0.01074432,-0.02292078,0.01643126,-0.02565172,0.01794808,-0.01822921,0.01410683,0.04397547,-0.02617228,0.04352305,-0.01675528,0.02595573,-0.03977150,-0.01327118,-0.02602122,-0.00887545,-0.00823499,-0.03039492,-0.05700881,0.00015789,0.00542269,-0.00534355,0.00197887,-0.00963795,-0.00893717,0.00871575,0.02945989,-0.02721999,-0.04509817,0.02486424,-0.00969651,-0.00290049,0.03927701,0.00756140,0.00576759,0.00062876,-0.00567286,0.00949447,-0.02725364,-0.00082292,-0.03580243,0.03879686,0.05375413,-0.01661274,-0.00281213,-0.00131942,0.00396132,0.03470515,0.00670558,-0.00939596,0.03839497,-0.01472646,0.01476032,-0.00750703,0.01227176,-0.01070205,0.03259251,-0.03138754,-0.04938546,0.00246288,0.00007261,0.01946014,0.02394797,-0.04076934,-0.02045664,-0.00393195,-0.01157424,-0.00404991,0.00494818,0.00665912,0.01949105,-0.01415836,-0.01113532,-0.03933802,0.01256898,0.01706303,-0.06226553,-0.03187168,-0.00304432,-0.00188374,-0.01277795,0.00000000,-0.00427635,0.01085315,0.02062836,0.02694055,0.03027317,-0.01015554,0.01864047,0.02018070,-0.00819095,0.01944569,0.03313095,0.01411611,-0.03677887,0.01477288,0.01078347,0.01426405,0.00351240,-0.00343545,-0.03437455,-0.00914396,-0.00554639,0.04818251,-0.00252490,0.00072141,-0.02220303,0.00757597,-0.02102070,0.05559080,0.00229030,-0.02296635,0.00337264,0.00251621,-0.01028354,0.00055630,-0.00808671,-0.00974145,-0.02858602,0.00805397,0.01425042,-0.01021194,-0.02864500,0.01550342,0.00880689,0.06153584,0.00475180,-0.01949302,-0.05725907,-0.00256797,-0.01401547,-0.04924647,0.00402043,-0.00505237,0.00987989,0.01801943,0.05610311,-0.00646059,-0.02396287,-0.00414661,-0.03320214,-0.01084078,0.04076394,-0.05553438,-0.00681661,0.02818910,0.05335312,0.05015121,0.04566002,0.03761046,0.04644086,0.04290389,0.05213354,0.04675286,0.04660708,0.04193275,0.04341650,0.05580226,0.04356658,0.04126139,0.04215058,0.04431888,0.04991007,0.04840084,0.04697532,0.05004951,0.05183162,0.04175262,0.04363275,0.03537014,0.05110193,0.03993657,0.04191088,0.03992439,0.04186764,0.04392446,0.04532006,0.04523306,0.04576474,0.04041066,0.04545500,0.04633331,0.04374986,0.04092129,0.04507822,0.04256013,0.03378838,0.04008724,0.04394544,0.04011543,0.03640577,0.04328450,0.04424552,0.04358578,0.05208245,0.05738089,0.04779138,0.04343224,0.04527324,0.05677852,0.04079841,0.04641429,0.04608761,0.04556764,0.03702482,0.04264059,0.04329180,0.03879217,0.04455392,0.03582523,0.04701520,0.04286034,0.03896660,0.06331953,0.04792557,0.05975432,0.04707298,0.04682170,0.05013212,0.04719548,0.04578034,0.04979396,0.03923240,0.04834179,0.04911933,0.04802408,0.04545859,0.04579668,0.03845702,0.04262486,0.04378667,0.04152284,0.04956248,0.05150552,0.04682038,0.03357714,0.05396540,0.05105876,0.06287998,0.03879414,0.04732870,0.04751238,0.03823417,0.04781440,0.05184068,0.03916587,0.04192501,0.04135663,0.04369351,0.05142146,0.04165680,0.03511496,0.03607262,0.04179570,0.04151296,0.03797017,0.04210298,0.04179792,0.04454826,0.04181760,0.04467524,0.05434520,0.04826316,0.03834533,0.05035859,0.05255034,0.03675808,0.04638830,0.04455566,0.05047444,0.04672273,0.05305003,0.04821326,0.00000000,0.05246626,0.04797918,0.04233593,0.05160775,0.04302749,0.04008051,0.03657409,0.04145508,0.05942131,0.04753679,0.05265398,0.06196533,0.04352165,0.04732162,0.05548201,0.04999283,0.04931150,0.04281610,0.05387732,0.04402164,0.04201034,0.05603355,0.04123636,0.04244229,0.04875051,0.04908257,0.03869459,0.04120137,0.05449519,0.02331840,0.05127704,0.04751830,0.04820184,0.04523090,0.04296721,0.04349609,0.05209736,0.04690170,0.03769305,0.04003367,0.04731648,0.03570383,0.05291144,0.03810559,0.05062774,0.04580500,0.04728285,0.04221532,0.05524439,0.04455340,0.04214362,0.04175533,0.05643521,0.04532117,0.04158238,0.04222117,0.04671275,0.05526533,0.04408398,0.04616713,0.04801916,0.04329276,0.04629011,0.05363380,0.04731975,0.04617030,0.04378216,0.04002329,0.04516182,0.04751931,0.04577881,0.04089219,0.05371373,0.05522965,0.05303433,0.04090892,0.05256815,0.04262686,0.04686219,0.05553886,0.05045936,0.04627354,0.05338010,0.04979729,0.04591885,0.04756098,0.03735439,0.05416875,0.04310615,0.04794051,0.04522975,0.04128042,0.04144667,0.05346616,0.06097290,0.00000000,0.04846489,0.04881611,0.03460186,0.04528018,0.04464925,0.04173603,0.04823630,0.06981249,0.05134275,0.04765699,0.04770310,0.03764415,0.04258701,0.04198469,0.05784223,0.04693532,0.05204604,0.05349565,0.04784329,0.04701271,0.05111120,0.05130556,0.05167181,0.04676460,0.04191591,0.03435851,0.06319811,0.04980272,0.04722909,0.04012085,0.04766165,0.04124268,0.04463036,0.04239864,0.04776330,0.05352746,0.04922340,0.04751227,0.03603848,0.04113850,0.04047231,0.04062307,0.04725593,0.04700954,0.03900080,0.04251730,0.05454299,0.04927437,0.05326690,0.04804203,0.04349321,0.04427430,0.05387785,0.05171973,0.04007577,0.05006232,0.05929578,0.04355920,0.05042474,0.03506595,0.05522638,0.04023035,0.04879050,0.05223138,0.04547485,0.04344614,0.03956863,0.04851293,0.05963890,0.04533776,0.04736379,0.05020254,0.05485741,0.05031966,0.05996977,0.04166753,0.04773609,0.04862802,0.04271363,0.04253659,0.05132839,0.04263878,0.03762008,0.04707220,0.05149435,0.05605557,0.04070726,0.04592444,0.04167723,0.04823299,0.04492669,0.03939287,0.05369208,0.05197764,0.03819238,0.00000000,0.03831721,0.04351583,0.04425644,0.04154470,0.04328033,0.04422172,0.04524717,0.05692689,0.04371296,0.04924224,0.05582273,0.04030947,0.05308711,0.04678144,0.05439503,0.04796131,0.04221408,0.04846479,0.03167810,0.04517941,0.05085085,0.04470987,0.04533309,0.04005779,0.03806015,0.03647473,0.04841532,0.04778544,0.04667720,0.04304791,0.04326668,0.04452772,0.04149829,0.04325513,0.04626812,0.04639433,0.04618756,0.03473292,0.04159262,0.04754325,0.03132525,0.04948129,0.04325239,0.04177459,0.04900392,0.04986866,0.05710951,0.04982011,0.04345304,0.05422448,0.04488651,0.03637219,0.03936498,0.04311176,0.04383509,0.04746578,0.03974785,0.03560739,0.05298254,0.03834843,0.05484155,0.05232009,0.05927654,0.04678811,0.10515700,0.11832500,0.13016500,0.06416500,0.13004400,0.08627100,0.09618500,0.12528900,0.12032100,0.12117100,0.11713600,0.16519500,0.09399100,0.08531700,0.12933400,0.10602400,0.12407400,0.09207700,0.08669700,0.17760100,0.12780300,0.10821800,0.11487000,0.11348400,0.14761900,0.10558800,0.09904500,0.15174600,0.08841300,0.08411700,0.10019600,0.15813000,0.14035000,0.09764000,0.12014600,0.16530700,0.13205900,0.09150700,0.13393700,0.11815500,0.12371800,0.07680500,0.08669600,0.12246000,0.05994800,0.11012800,0.09779000,0.12574200,0.10961100,0.14791000,0.12567900,0.13247500,0.10136400,0.11664000,0.09360500,0.14665000,0.09784600,0.13759400,0.10817600,0.12617800,0.11088100,0.08259300,0.08152700,0.13176900,0.15715000,0.07713500,0.09185700,0.15395800,0.07865800,0.19259100,0.12205400,0.08657900,0.10247100,0.14463800,0.12682500,0.12583300,0.11871200,0.14989600,0.16160200,0.10387100,0.15269200,0.11933500,0.08860100,0.09424400,0.13393600,0.10214800,0.12041900,0.14901200,0.13051200,0.10879400,0.13618500,0.10751900,0.18827000,0.10087900,0.08981200,0.13695800,0.05994000,0.11841200,0.13412500,0.13462000,0.14359700,0.15243300,0.09582700,0.10586900,0.13278600,0.05949300,0.10372700,0.10287400,0.10794700,0.10274700,0.12247300,0.09241100,0.13174800,0.12650800,0.08974200,0.15903800,0.11525600,0.16675000,0.16609900,0.11774800,0.08815900,0.14476800,0.06547900,0.14516100,0.09600600,0.14156000,0.10499200,0.00000000,0.11351900,0.14019700,0.11522300,0.17373300,0.09984300,0.09787800,0.07167800,0.12502700,0.11984300,0.08319100,0.14280600,0.15135700,0.10895800,0.11796700,0.22694200,0.12894500,0.07437100,0.15253500,0.13628800,0.09746100,0.12266100,0.14743000,0.14510200,0.08694700,0.12401900,0.13804200,0.14550700,0.09625200,0.17144100,0.06763000,0.10496300,0.12723900,0.12440000,0.11793800,0.09352500,0.13809400,0.14051500,0.11944400,0.08385400,0.09587500,0.12861900,0.10422800,0.11555200,0.13368800,0.13383500,0.11218700,0.14999100,0.09861900,0.09311000,0.09439100,0.10293300,0.10687200,0.11502600,0.13094200,0.09260400,0.10931700,0.11879900,0.13571600,0.08950700,0.15128500,0.10963000,0.12542900,0.11184100,0.12445800,0.10495200,0.17325400,0.15366000,0.14182800,0.09547300,0.14622500,0.12269700,0.09913100,0.13766900,0.17289600,0.12711800,0.10540200,0.16151700,0.11722800,0.15591600,0.12609400,0.13869500,0.09509900,0.13099000,0.11957600,0.16798300,0.12151500,0.16172800,0.13679800,0.13123600,0.12947100,0.11149500,0.11503400,0.11286400,0.17629500,0.17878000,0.00000000,0.08520100,0.11219500,0.08980700,0.13443800,0.16486900,0.12048300,0.13138100,0.26253000,0.14728900,0.14592700,0.17689400,0.10778700,0.07918300,0.10027900,0.15851800,0.13736700,0.13167000,0.12663000,0.12047700,0.13136800,0.17912600,0.15759600,0.17868600,0.14636000,0.11611800,0.10781200,0.12566900,0.13942200,0.09145900,0.12341000,0.12102700,0.10134000,0.04672600,0.09010600,0.16455900,0.14410600,0.11933000,0.14197900,0.08072400,0.10465300,0.12237800,0.09640900,0.07188900,0.16113800,0.09649500,0.09971800,0.17407800,0.13528400,0.13259300,0.10013700,0.10839200,0.10864600,0.11274700,0.13711200,0.07699900,0.14995100,0.21641300,0.07369900,0.10726600,0.10435200,0.12378800,0.13345100,0.14528100,0.13218300,0.15239200,0.09427700,0.11125000,0.12272200,0.18903700,0.10518300,0.19383300,0.13436000,0.05023000,0.13989500,0.16464300,0.12573200,0.12449400,0.07707900,0.11103500,0.11157800,0.09769800,0.09080300,0.09280400,0.10838200,0.14538600,0.11012900,0.09033800,0.05856600,0.14328700,0.15976900,0.07056500,0.07655700,0.12654800,0.13109400,0.07561100,-0.00000000,0.08697800,0.11549700,0.12455800,0.13044500,0.12018600,0.13483600,0.11866100,0.15536300,0.09275600,0.13598900,0.17007500,0.09997400,0.09240300,0.12445800,0.14756800,0.14198800,0.14694500,0.11196000,0.04843100,0.14450300,0.16736000,0.15559500,0.10871000,0.11728200,0.10784600,0.09948000,0.12662800,0.18073500,0.11639400,0.09626600,0.11101600,0.10823900,0.10030500,0.15477800,0.10375500,0.13001300,0.08788400,0.08830000,0.14955600,0.10857400,0.05109600,0.14986800,0.12867400,0.18410800,0.12387700,0.08678300,0.07320700,0.10252000,0.09115200,0.09865600,0.12661500,0.10884600,0.11461800,0.10238300,0.16499500,0.12380700,0.09223000,0.06970300,0.14385600,0.08852700,0.18351000,0.08180000,0.18742700,0.16144000,-0.13157000,-0.11924100,-0.10551300,-0.10304000,-0.09922200,-0.12210400,-0.16484300,-0.10408400,-0.13105600,-0.13986700,-0.09508300,-0.09329500,-0.12706600,-0.13226600,-0.06101600,-0.11263400,-0.17668000,-0.19298300,-0.12395200,-0.08988900,-0.16073800,-0.12885800,-0.09139200,-0.08237500,-0.09848100,-0.10927100,-0.11309500,-0.07882000,-0.12654200,-0.13327500,-0.11844700,-0.05347100,-0.12588600,-0.09822400,-0.09792600,-0.09932500,-0.09663500,-0.09922500,-0.14982700,-0.11056600,-0.08032300,-0.13930100,-0.12762800,-0.06635900,-0.10772100,-0.11579600,-0.09732700,-0.14903400,-0.14953000,-0.11694300,-0.11730700,-0.10066500,-0.11996000,-0.13731100,-0.08473600,-0.12284200,-0.13170200,-0.11582600,-0.08886900,-0.11856300,-0.13146300,-0.08976100,-0.13733100,-0.05355500,-0.09933900,-0.11913200,-0.13599500,-0.13862500,-0.18611600,-0.13375400,-0.12871300,-0.19522400,-0.14459100,-0.10927900,-0.13472400,-0.15114700,-0.05075700,-0.09464400,-0.06674200,-0.12240500,-0.09168700,-0.11438500,-0.09037200,-0.12156000,-0.14532700,-0.10410800,-0.12241500,-0.14870000,-0.10600300,-0.06510200,-0.17108500,-0.17369400,-0.14359400,-0.10293200,-0.13533900,-0.09273700,-0.14168900,-0.15100000,-0.13220000,-0.06789200,-0.12193700,-0.05361500,-0.12052800,-0.16936600,-0.11416500,-0.11878900,-0.09350600,-0.10266700,-0.09219300,-0.10649200,-0.12885100,-0.10623700,-0.09207100,-0.08398300,-0.12111400,-0.13275400,-0.13143000,-0.12846500,-0.08218100,-0.14090300,-0.08970700,-0.08380600,-0.16007300,-0.11654600,-0.14045000,-0.14959100,-0.12587300,-0.00000000,-0.12958900,-0.09996900,-0.09533300,-0.09621400,-0.12377700,-0.11501300,-0.11622500,-0.09461300,-0.14539800,-0.11094200,-0.14547700,-0.14827100,-0.10331600,-0.12407900,-0.12377100,-0.17421500,-0.19177100,-0.04145400,-0.10939800,-0.10313400,-0.07881300,-0.13779000,-0.10651000,-0.10676400,-0.08450700,-0.14167400,-0.11860100,-0.17486700,-0.13198600,-0.06104800,-0.15738300,-0.11720400,-0.12265700,-0.09754200,-0.10975700,-0.06777100,-0.12192200,-0.14272900,-0.10363000,-0.13614000,-0.16165200,-0.09375300,-0.15400100,-0.10447800,-0.10065300,-0.12830700,-0.07282800,-0.12038000,-0.18616200,-0.10726900,-0.08936800,-0.08929700,-0.21947500,-0.11635200,-0.14560300,-0.10055100,-0.12284900,-0.14029800,-0.11932600,-0.10858100,-0.12469400,-0.11840300,-0.13243600,-0.14737800,-0.18445400,-0.09579500,-0.10191300,-0.07325000,-0.13237800,-0.08804900,-0.13637900,-0.09263900,-0.14133900,-0.13303500,-0.16618700,-0.10861900,-0.13589600,-0.08207800,-0.12210900,-0.14132100,-0.12242800,-0.13020700,-0.11166000,-0.12919000,-0.06744800,-0.13374800,-0.07187700,-0.12519600,-0.17016800,-0.13104400,-0.14137200,-0.10943000,-0.11901100,-0.12437700,-0.20482600,-0.00000000,-0.14082800,-0.13274400,-0.06862000,-0.09935300,-0.08935000,-0.10946400,-0.15153000,-0.16538500,-0.09765900,-0.10406700,-0.11223700,-0.08103300,-0.14660100,-0.10125400,-0.13270500,-0.13329100,-0.11765500,-0.15553700,-0.11117500,-0.14093000,-0.14037200,-0.08755800,-0.17310000,-0.08465200,-0.12937000,-0.06409500,-0.19047400,-0.14405200,-0.17277400,-0.11302000,-0.14948700,-0.12280400,-0.16538500,-0.12120000,-0.12382000,-0.11960600,-0.14396700,-0.15890700,-0.10300100,-0.08876000,-0.09449000,-0.11745600,-0.15586300,-0.07683100,-0.10439900,-0.11824700,-0.08593100,-0.11829600,-0.16598000,-0.12977600,-0.12667000,-0.12357300,-0.17099300,-0.12451900,-0.15367000,-0.07115500,-0.06581300,-0.11942100,-0.14879400,-0.09551400,-0.17278300,-0.05643400,-0.10782200,-0.15398000,-0.06824600,-0.12239000,-0.10079200,-0.12296700,-0.12960100,-0.13750500,-0.07211600,-0.14953700,-0.17435400,-0.10402900,-0.13647900,-0.11129900,-0.11515200,-0.19380500,-0.11949600,-0.10857600,-0.16668500,-0.10887300,-0.09945000,-0.10700100,-0.14346600,-0.16973200,-0.10375400,-0.18339400,-0.12375000,-0.08828400,-0.16118300,-0.14152400,-0.16321700,-0.13589100,-0.09720000,-0.00000000,-0.08902800,-0.10981000,-0.09472400,-0.06168300,-0.08707500,-0.12077100,-0.10005500,-0.11975800,-0.11699200,-0.09417300,-0.11180400,-0.11692100,-0.16626700,-0.08991900,-0.13505000,-0.10721800,-0.08445200,-0.11928000,-0.11449500,-0.11103800,-0.10313400,-0.08020400,-0.11517200,-0.07733200,-0.10554400,-0.09712100,-0.15779200,-0.05812900,-0.10426400,-0.13326900,-0.09014600,-0.10478700,-0.14198300,-0.11589600,-0.14369400,-0.15259400,-0.17095100,-0.08277600,-0.09989500,-0.12540500,-0.09878100,-0.09119000,-0.11360100,-0.02508800,-0.12087300,-0.15243000,-0.20663300,-0.12334700,-0.11647500,-0.23134900,-0.11880300,-0.09301100,-0.09139900,-0.11696500,-0.05340000,-0.12172600,-0.11192900,-0.11886100,-0.16268000,-0.10458200,-0.10065400,-0.16242400,-0.14707600,-0.12309200,-0.05652000,0.01534900,-0.09255900,-0.09116200,0.01670400,0.04664300,0.04552700,0.00579900,0.00284700,-0.02816100,0.03218100,0.03910100,-0.02843700,0.07018900,0.00132500,0.06510800,-0.00051400,-0.05374300,-0.05904900,0.04321800,-0.02558300,0.03884600,0.04233600,-0.04126200,-0.02700600,-0.06151500,-0.01110100,0.07365700,0.01329200,-0.05646200,-0.11825500,0.00105700,0.01576200,0.02301800,0.03864000,0.00007500,-0.03901700,-0.00217500,0.08395400,-0.00431800,-0.02146100,-0.04506000,-0.05827000,0.07442100,0.02126000,0.06420000,-0.06545000,-0.06061700,0.07562700,0.01275000,0.00168800,-0.02998700,-0.04067400,0.06987600,0.04815900,0.01256500,0.00350200,-0.09180200,0.07289900,-0.01378100,-0.05907800,0.03323300,-0.13048100,0.13176900,0.01936500,-0.01017300,0.01036000,-0.05473800,-0.03161900,0.04844600,0.01553500,-0.03788700,0.10247100,-0.03598300,0.01875900,0.02960700,-0.03683900,0.04834100,0.14515600,0.07536200,-0.01724500,0.03676800,0.01515800,-0.11530500,-0.02359500,-0.00197700,0.03662900,0.00764900,0.03784600,0.01007700,-0.07033700,-0.02319500,-0.00969800,-0.00179300,-0.02650400,-0.01476400,-0.00888500,-0.01935000,-0.07559200,-0.03125100,0.09838500,0.01457700,-0.02190000,0.07970400,-0.06283000,0.00282700,0.04510700,-0.01693900,-0.01191100,-0.01859600,-0.00372700,-0.02983600,-0.01520100,0.09413000,-0.00331300,0.03530200,-0.04521000,0.03543300,0.05490400,0.00477600,0.01608900,0.08321300,0.00873500,0.00083200,-0.13309100,-0.11330900,0.00362400,-0.00000000,0.01723700,-0.00044900,0.06010600,0.00372800,0.01336800,0.01811100,-0.04546600,-0.02844900,-0.08356700,0.05500300,0.12626100,-0.06828500,-0.05341700,0.00012800,0.03996800,0.04788600,-0.01010600,0.04712000,0.05170700,-0.00736300,0.05429800,-0.00488600,-0.08904500,0.06725500,-0.08157000,-0.06670400,0.03511600,-0.10170600,0.09065600,0.01312300,-0.05037900,-0.00204000,-0.03143100,0.03408900,0.04438200,0.00063700,-0.01155300,-0.01628500,-0.03798900,-0.01926300,0.01793400,0.01602500,-0.06285000,0.01550500,-0.02787600,0.04347500,0.10602400,0.09861900,0.02427500,0.02729400,-0.01321600,0.03845000,0.04763300,0.04715700,-0.03348400,-0.01782200,0.02311800,0.03699700,0.08716100,0.05623000,-0.01158300,0.03111900,-0.02053900,-0.14676100,-0.04808300,0.06580100,0.01071200,-0.03543700,0.05208500,0.02464000,-0.00483500,0.08306100,0.08161400,-0.01568700,0.02592900,0.00138200,0.01555200,-0.06962700,0.04979600,-0.01857000,-0.00041300,0.03115100,-0.05672800,0.05414300,0.03890300,-0.03615700,0.02509800,-0.01739700,0.03885700,0.02923400,-0.12622700,0.01419400,0.00423400,0.00481100,-0.20482600,0.00000000,-0.05479400,-0.06790000,-0.04019200,0.00257400,0.05929900,0.03990900,0.03048800,0.01643100,0.03260900,0.06642600,0.06356200,-0.07067900,-0.11955200,-0.08746900,-0.02660500,0.03974800,0.08161700,-0.09735800,0.01298900,-0.04220500,-0.06362900,0.06653600,-0.03859800,0.00617000,-0.01091200,0.07967900,0.01284300,0.02370600,-0.00759800,0.00460000,-0.01290700,-0.01079300,-0.08759100,0.01627400,-0.00096900,0.03006600,0.00514400,-0.00128300,0.02699100,-0.06838100,-0.02158500,-0.06171700,-0.03548500,0.11900600,0.02882900,-0.06844500,0.11420100,-0.02556600,0.00987100,-0.00008900,-0.04160200,-0.00971900,0.00610100,0.03685400,-0.04634800,0.00637800,0.02586500,-0.04644400,-0.06145100,-0.07046800,0.01160100,-0.03405900,0.01499100,-0.07696100,0.01061100,0.03272800,0.02292900,-0.04290300,-0.00644900,0.00601900,0.05760900,-0.01372900,-0.05810400,-0.00173600,0.00058700,-0.02722300,-0.03118900,-0.04860100,0.05776000,0.01411200,-0.05519700,-0.03646500,-0.01511500,0.03517800,0.01705500,-0.07365700,0.05291400,-0.09559900,-0.01954000,0.06334100,0.00741200,-0.01609200,0.05850700,-0.02097100,0.02297400,-0.00000000,0.07385800,0.07588700,-0.05800600,0.04760500,-0.00742300,0.06159100,0.03536200,-0.00669700,-0.01120800,0.08225900,0.01139600,0.01224800,-0.02958600,-0.01923500,0.02552900,0.01703100,-0.03858600,-0.03442100,-0.03914300,0.01740000,-0.01745000,0.02481600,0.05802300,0.01134600,0.06936800,0.03088300,-0.00445500,0.03787300,-0.02113500,-0.00494000,0.06278600,-0.02875300,-0.06357300,-0.00843300,0.09177000,-0.05261100,-0.06905300,0.08830000,0.02736500,-0.11459600,-0.02608000,-0.00405900,0.04523100,0.00908400,-0.00787400,-0.05540000,0.05459900,-0.08043600,-0.01681800,-0.08263300,0.01100400,0.01938700,-0.00225600,0.01816200,0.10346800,-0.02000300,-0.00051700,0.01945900,0.01626300,0.00824200,0.12087200,0.05003600,0.03107500,0.06557600,-0.08414800,0.02479800,0.05994000,-0.07765400,0.01121800,-0.04118800,0.00622100,0.03400700,0.02160700,-0.04860300,-0.03184600,0.00607500,-0.02364600,0.03680500,-0.01701300,0.00766100,-0.00238800,-0.08965500,-0.09744200,0.06232400,-0.01267500,0.03086100,0.01996900,0.01506600,-0.01306700,-0.04944700,0.03557100,0.03225300,-0.01782600,-0.09361600,-0.09073400,0.03031100,0.08002100,0.05865000,0.01188800,0.03247600,0.05292600,-0.08450900,-0.04642500,-0.02126900,0.02545800,-0.05258600,-0.03215400,0.11457300,-0.01444000,0.02598000,-0.06011200,0.02392900,0.04498900,0.02616800,0.04674900,-0.00764800,-0.01007300,-0.02759200,0.01772600,0.14665000,0.05271100,-0.04789600,-0.01778100,-0.03614700,-0.03647500,0.01204900,-0.00969600,0.07785400,-0.03750300,-0.03377100,-0.02691300,0.01536200,-0.04552500,-0.03068300,-0.02848600,0.00583300,0.06073100,-0.00769800,-0.01589500,0.05983100,-0.00807500,-0.03573400,0.04903900,-0.04593800,0.01464900,0.03271600,-0.03872800,-0.05381700,-0.03250900,0.03370800,-0.00128500,0.05075800,-0.00630500,0.02490200,-0.13023800,0.03790500,0.03640500,-0.04825000,-0.07551600,0.00265900,-0.06873400,0.02446800,-0.09970600,0.06104400,0.00161600,0.08675500,-0.04516500,-0.05719400,0.00434400,0.01087800,-0.06680000,-0.00164800,0.01393900,-0.08624000,-0.00115400,0.04751500,0.01882500,0.04136000,0.00344000,0.01479700,-0.05873500,0.00624700,0.12525100,-0.08104000,0.05302900,0.01344800,-0.00094200,0.04947700,0.03718400,-0.02131100,0.07169900,-0.00000000,0.05941400,0.06340900,0.11522300,0.08177500,-0.00622600,-0.04545700,-0.05621900,-0.07844000,-0.12896400,-0.09347200,-0.00413400,0.03583800,0.09502000,-0.05367100,-0.07544100,-0.00302900,0.04917700,0.03650000,-0.03753800,0.01754700,0.02131200,-0.02660000,-0.03689300,0.06001000,0.00325700,-0.07948700,-0.04311600,0.00797600,0.09084900,0.01072100,-0.01554900,-0.00978800,-0.06762600,0.02263100,0.02987100,0.03630900,0.01072800,-0.00286200,-0.08498600,-0.06723700,-0.00288900,0.01638800,-0.06771600,-0.00658300,0.01661600,-0.04455100,0.05314900,0.07917600,0.05951400,-0.00467700,-0.04047800,0.03462500,0.01556900,0.01984300,-0.08728700,-0.03186300,-0.04256000,0.05103600,-0.02928300,-0.05250300,0.00879200,-0.05228500,-0.03571100,-0.02452900,-0.06858600,-0.01888400,-0.00740700,0.01721200,-0.00804400,-0.02017600,0.00587300,0.01811400,0.03733600,0.08365400,-0.02566200,0.01657100,-0.02721700,-0.00658400,0.14039900,-0.01453700,0.08973900,0.00121900,-0.08140900,-0.04837900,0.12404500,0.06731300,0.07144500,-0.05677200,-0.17016800,0.06740000,-0.07102900,0.06327600,0.07103700,0.06550100,-0.05500100,0.00000000,0.07261300,0.01219900,0.00729300,-0.02020700,0.04597700,-0.03051000,0.00733500,0.05907200,-0.05561600,0.05113500,0.10962200,0.02851600,-0.00528500,-0.03234000,-0.03706000,-0.00556700,0.04485100,-0.01007600,-0.03261200,0.03361300,0.00870100,0.10402100,0.01723300,0.00592200,0.03927500,0.03834100,-0.01587700,0.01089000,-0.00125900,-0.04463400,0.03876900,0.01533000,-0.08091300,0.03263700,0.07469100,0.03694300,0.11933000,-0.01404600,-0.00107400,-0.01709800,0.02912800,-0.00982100,-0.03601200,-0.03769000,-0.04919700,-0.05415200,0.05839200,-0.03356700,-0.16598000,0.04691900,-0.02875500,-0.01046900,0.01512000,0.03751000,0.00511700,0.02288900,0.01277900,-0.08003600,0.05166700,-0.02496300,-0.07236600,-0.00778600,0.02966600,0.00803600,0.03540900,-0.07516900,0.00098800,0.12137700,0.00979200,0.05576300,-0.01094600,0.06340400,-0.10207500,0.00255300,0.05738500,-0.02038700,0.03967300,-0.08275900,-0.03997800,0.04877800,0.02987100,0.00718000,0.00968600,0.01926700,0.06127900,-0.02285100,0.09033800,0.05261000,0.00868800,0.03084900,-0.03366300,-0.06945300,0.11543200,-0.06116400,0.01900600,-0.00000000,0.01941700,0.05679900,-0.08571200,0.08360600,0.00350900,-0.04928900,0.02057900,-0.01167800,-0.02135200,-0.00953900,0.00992400,0.03679500,-0.02557200,-0.02656900,0.09160000,0.05961500,-0.04557800,-0.02285000,0.00191300,-0.03695900,-0.03903400,0.01388000,-0.03603000,0.01383400,-0.00818300,0.03806900,-0.11793300,0.00100600,-0.00662600,-0.06174100,-0.01844700,0.04368300,-0.11683900,0.00791800,0.02636000,-0.04502200,-0.07052200,-0.08277600,0.02525600,-0.02188700,-0.02363000,0.06544400,-0.00356500,0.05873100,0.01088400,-0.03120300,0.06762900,-0.02241600,-0.09377900,-0.03129000,0.01954700,-0.04496000,-0.00134600,0.02736300,0.01058200,0.06371300,-0.01211400,-0.01024400,0.03080700,-0.03545900,0.03445900,-0.01982300,-0.07409000,-0.02442400,0.00052215,0.00696481,0.04153854,0.01892320,0.01443315,-0.01457162,-0.00524597,0.02830861,-0.01337818,0.01648679,-0.01672099,-0.02645650,0.00508521,-0.00021469,0.00769919,-0.01375701,0.00957029,0.00242007,-0.01029793,-0.02009190,0.01554903,0.01432416,0.01137478,0.01489541,-0.01481063,0.01732126,-0.00664139,0.01036418,0.00391297,0.00519054,-0.01949066,-0.00909899,0.00295868,0.00905535,-0.02833485,0.00938651,-0.00380948,-0.00497062,-0.01227833,0.02163230,-0.01881086,0.03043602,0.00327290,-0.02079112,-0.00629632,-0.01653650,0.00665630,0.00817800,0.02211719,0.01833353,-0.00339971,0.01712964,-0.00390044,0.00532078,0.00447762,0.00482958,0.00309198,0.01694730,-0.03051335,0.00746186,-0.03682934,0.00102786,-0.01005683,0.00005379,-0.00038397,-0.02708995,-0.01198740,0.00781388,0.00838052,0.02440618,-0.02011726,0.03073191,0.00737029,-0.02467235,0.04367893,-0.01744522,-0.00162231,-0.03054101,-0.01956688,0.02834080,0.00265876,0.00851515,0.00156088,0.04004816,-0.00219216,-0.02098371,0.01285674,-0.02157255,-0.01537811,0.00441802,-0.00604789,-0.02296647,-0.01086965,0.01219547,0.01751261,0.00315465,-0.00270317,-0.00297518,0.01416254,0.02059712,-0.02590253,-0.00835690,0.00050695,-0.01450599,0.01120533,0.00564851,0.00254362,-0.01752430,-0.02028145,-0.00441780,0.01924877,0.00539434,-0.02740507,-0.01426135,0.00024024,-0.02260589,0.02952232,0.00723266,-0.02209260,0.03050026,-0.00257724,-0.01621781,-0.01176494,0.02208704,0.00283007,-0.00272988,0.00764663,0.00000000,0.01355755,-0.02762001,0.03797357,0.00786981,0.01742868,-0.03323228,-0.00736245,0.00146545,0.03101729,0.00744919,0.02278007,0.02127517,-0.01674313,-0.02199895,0.02937968,0.00293898,-0.00985785,-0.01374093,-0.03945414,-0.01404520,-0.04644767,-0.02224240,0.00072478,0.01379119,-0.01390400,0.02046386,0.01337442,-0.01791835,0.01059489,-0.00031738,0.02403620,0.00021638,-0.01674844,0.00264748,-0.00538279,0.00715619,0.03288227,0.01212681,0.00019010,0.01092269,-0.02016226,-0.01764843,0.03797105,-0.02265199,0.01032199,-0.02737427,0.01909510,-0.00375943,-0.01243996,0.01103820,0.01096578,0.01968319,0.05611741,0.00472299,0.01087993,0.00451839,0.01954318,-0.00522092,-0.00781889,0.02415427,-0.01084238,0.00732317,0.04381228,0.00992415,-0.00892007,-0.01759874,0.00755459,0.01319898,0.00081316,0.05315722,-0.01115223,0.00059820,-0.05162481,0.00814677,0.00573477,0.02917312,0.02679723,-0.00862897,0.02853331,-0.01277813,-0.00553099,0.00418426,-0.01799608,-0.02783600,0.00187953,-0.00494524,0.00910172,-0.00965701,-0.00153119,-0.02031358,0.03159279,-0.02578798,0.00399119,-0.01365876,-0.02157669,0.00000000,0.00124641,0.01414670,0.00631857,0.01374666,0.00599965,-0.01578069,-0.00681229,0.01659619,-0.01697054,0.01694110,-0.00497406,0.01342268,-0.01038043,0.01541429,0.00931172,0.03604039,0.00352561,0.03170905,-0.03804371,0.01061612,0.01350956,0.00593046,0.01376191,-0.00398931,-0.01671715,-0.01410853,-0.03181717,0.00045730,0.01070204,0.00690465,-0.00237167,0.00264320,0.00534445,-0.02749964,-0.00769966,0.00204578,-0.03142286,-0.00278412,0.00132409,0.01031975,0.01046192,-0.01007444,0.01758836,0.01996718,0.01778919,0.00158430,-0.04583999,0.00242023,-0.00896121,0.02087977,-0.03137593,-0.01868054,-0.02407591,0.01840183,-0.00085045,0.00551052,-0.03559951,0.00049466,-0.04035926,-0.01060900,-0.01657003,-0.00695914,-0.04002848,-0.00227376,-0.00041256,-0.01334876,-0.02649160,-0.01144244,-0.04512355,0.01659149,-0.01018483,0.05355339,0.00585344,-0.02714177,-0.04205925,0.00099161,0.02173645,0.03209247,0.01386694,0.01271182,-0.02087450,-0.01035339,-0.02984057,-0.00034710,-0.05045076,0.03679728,0.00516568,0.01321827,-0.00748607,0.01263045,0.00546007,0.01332557,-0.00919169,0.00432405,-0.00073066,0.00000000,-0.00832076,0.02064656,0.00330849,0.00754813,0.02615929,0.00165340,-0.01426877,0.01905207,0.00727711,0.00817648,0.00234557,-0.00514327,0.03770180,0.01068091,0.01172783,0.03219646,-0.01679974,0.01909028,0.00305117,-0.00622204,0.00476066,-0.00170375,-0.00782275,0.03512779,-0.00262336,0.00179599,-0.01346618,0.00558198,-0.02030662,-0.00710646,0.02876219,-0.01810853,-0.01928935,-0.01198903,-0.00550508,0.00597239,-0.01998485,-0.03460187,-0.01239452,-0.00706087,0.00633808,0.00898463,0.02159766,0.02625133,0.00407076,-0.02689045,-0.01865755,0.03270655,-0.02258336,-0.02100212,-0.01128690,0.02660307,-0.03030562,0.02429881,0.01057703,0.04489695,0.02699324,0.00042566,-0.04797342,0.00722053,0.00297949,0.00143538,-0.03350672,0.00742477
