mean_e0,mean_e1,mean_e2,mean_e3,mean_e4,mean_e5,mean_e6,mean_e7,mean_e8,mean_e9,mean_e10,mean_e11,mean_e12,mean_e13,mean_e14,mean_e15,mean_e16,mean_e17,mean_e18,mean_e19,mean_e20,mean_e21,mean_e22,mean_e23,mean_e24,mean_e25,mean_e26,mean_e27,mean_e28,mean_e29,mean_e30,mean_e31,mean_e32,mean_e33,mean_e34,mean_e35,mean_e36,mean_e37,mean_e38,mean_e39,mean_e40,mean_e41,mean_e42,mean_e43,mean_e44,mean_e45,mean_e46,mean_e47,mean_e48,mean_e49,mean_e50,mean_e51,mean_e52,mean_e53,mean_e54,mean_e55,mean_e56,mean_e57,mean_e58,mean_e59,mean_e60,mean_e61,mean_e62,mean_e63,mean_e64,mean_e65,mean_e66,mean_e67,mean_e68,mean_e69,mean_e70,mean_e71,mean_e72,mean_e73,mean_e74,mean_e75,mean_e76,mean_e77,mean_e78,mean_e79,mean_e80,mean_e81,mean_e82,mean_e83,mean_e84,mean_e85,mean_e86,mean_e87,mean_e88,mean_e89,mean_e90,mean_e91,mean_e92,mean_e93,mean_e94,mean_e95,mean_e96,mean_e97,mean_e98,mean_e99,mean_e100,mean_e101,mean_e102,mean_e103,mean_e104,mean_e105,mean_e106,mean_e107,mean_e108,mean_e109,mean_e110,mean_e111,mean_e112,mean_e113,mean_e114,mean_e115,mean_e116,mean_e117,mean_e118,mean_e119,mean_e120,mean_e121,mean_e122,mean_e123,mean_e124,mean_e125,mean_e126,mean_e127,mean_e128,mean_e129,mean_e130,mean_e131,mean_e132,mean_e133,mean_e134,mean_e135,mean_e136,mean_e137,mean_e138,mean_e139,mean_e140,mean_e141,mean_e142,mean_e143,mean_e144,mean_e145,mean_e146,mean_e147,mean_e148,mean_e149,mean_e150,mean_e151,mean_e152,mean_e153,mean_e154,mean_e155,mean_e156,mean_e157,mean_e158,mean_e159,mean_e160,mean_e161,mean_e162,mean_e163,mean_e164,mean_e165,mean_e166,mean_e167,mean_e168,mean_e169,mean_e170,mean_e171,mean_e172,mean_e173,mean_e174,mean_e175,mean_e176,mean_e177,mean_e178,mean_e179,mean_e180,mean_e181,mean_e182,mean_e183,mean_e184,mean_e185,mean_e186,mean_e187,mean_e188,mean_e189,mean_e190,mean_e191,mean_e192,mean_e193,mean_e194,mean_e195,mean_e196,mean_e197,mean_e198,mean_e199,mean_e200,mean_e201,mean_e202,mean_e203,mean_e204,mean_e205,mean_e206,mean_e207,mean_e208,mean_e209,mean_e210,mean_e211,mean_e212,mean_e213,mean_e214,mean_e215,mean_e216,mean_e217,mean_e218,mean_e219,mean_e220,mean_e221,mean_e222,mean_e223,mean_e224,mean_e225,mean_e226,mean_e227,mean_e228,mean_e229,mean_e230,mean_e231,mean_e232,mean_e233,mean_e234,mean_e235,mean_e236,mean_e237,mean_e238,mean_e239,mean_e240,mean_e241,mean_e242,mean_e243,mean_e244,mean_e245,mean_e246,mean_e247,mean_e248,mean_e249,mean_e250,mean_e251,mean_e252,mean_e253,mean_e254,mean_e255,mean_e256,mean_e257,mean_e258,mean_e259,mean_e260,mean_e261,mean_e262,mean_e263,mean_e264,mean_e265,mean_e266,mean_e267,mean_e268,mean_e269,mean_e270,mean_e271,mean_e272,mean_e273,mean_e274,mean_e275,mean_e276,mean_e277,mean_e278,mean_e279,mean_e280,mean_e281,mean_e282,mean_e283,mean_e284,mean_e285,mean_e286,mean_e287,mean_e288,mean_e289,mean_e290,mean_e291,mean_e292,mean_e293,mean_e294,mean_e295,mean_e296,mean_e297,mean_e298,mean_e299,mean_e300,mean_e301,mean_e302,mean_e303,mean_e304,mean_e305,mean_e306,mean_e307,mean_e308,mean_e309,mean_e310,mean_e311,mean_e312,mean_e313,mean_e314,mean_e315,mean_e316,mean_e317,mean_e318,mean_e319,mean_e320,mean_e321,mean_e322,mean_e323,mean_e324,mean_e325,mean_e326,mean_e327,mean_e328,mean_e329,mean_e330,mean_e331,mean_e332,mean_e333,mean_e334,mean_e335,mean_e336,mean_e337,mean_e338,mean_e339,mean_e340,mean_e341,mean_e342,mean_e343,mean_e344,mean_e345,mean_e346,mean_e347,mean_e348,mean_e349,mean_e350,mean_e351,mean_e352,mean_e353,mean_e354,mean_e355,mean_e356,mean_e357,mean_e358,mean_e359,mean_e360,mean_e361,mean_e362,mean_e363,mean_e364,mean_e365,mean_e366,mean_e367,mean_e368,mean_e369,mean_e370,mean_e371,mean_e372,mean_e373,mean_e374,mean_e375,mean_e376,mean_e377,mean_e378,mean_e379,mean_e380,mean_e381,mean_e382,mean_e383,std_e0,std_e1,std_e2,std_e3,std_e4,std_e5,std_e6,std_e7,std_e8,std_e9,std_e10,std_e11,std_e12,std_e13,std_e14,std_e15,std_e16,std_e17,std_e18,std_e19,std_e20,std_e21,std_e22,std_e23,std_e24,std_e25,std_e26,std_e27,std_e28,std_e29,std_e30,std_e31,std_e32,std_e33,std_e34,std_e35,std_e36,std_e37,std_e38,std_e39,std_e40,std_e41,std_e42,std_e43,std_e44,std_e45,std_e46,std_e47,std_e48,std_e49,std_e50,std_e51,std_e52,std_e53,std_e54,std_e55,std_e56,std_e57,std_e58,std_e59,std_e60,std_e61,std_e62,std_e63,std_e64,std_e65,std_e66,std_e67,std_e68,std_e69,std_e70,std_e71,std_e72,std_e73,std_e74,std_e75,std_e76,std_e77,std_e78,std_e79,std_e80,std_e81,std_e82,std_e83,std_e84,std_e85,std_e86,std_e87,std_e88,std_e89,std_e90,std_e91,std_e92,std_e93,std_e94,std_e95,std_e96,std_e97,std_e98,std_e99,std_e100,std_e101,std_e102,std_e103,std_e104,std_e105,std_e106,std_e107,std_e108,std_e109,std_e110,std_e111,std_e112,std_e113,std_e114,std_e115,std_e116,std_e117,std_e118,std_e119,std_e120,std_e121,std_e122,std_e123,std_e124,std_e125,std_e126,std_e127,std_e128,std_e129,std_e130,std_e131,std_e132,std_e133,std_e134,std_e135,std_e136,std_e137,std_e138,std_e139,std_e140,std_e141,std_e142,std_e143,std_e144,std_e145,std_e146,std_e147,std_e148,std_e149,std_e150,std_e151,std_e152,std_e153,std_e154,std_e155,std_e156,std_e157,std_e158,std_e159,std_e160,std_e161,std_e162,std_e163,std_e164,std_e165,std_e166,std_e167,std_e168,std_e169,std_e170,std_e171,std_e172,std_e173,std_e174,std_e175,std_e176,std_e177,std_e178,std_e179,std_e180,std_e181,std_e182,std_e183,std_e184,std_e185,std_e186,std_e187,std_e188,std_e189,std_e190,std_e191,std_e192,std_e193,std_e194,std_e195,std_e196,std_e197,std_e198,std_e199,std_e200,std_e201,std_e202,std_e203,std_e204,std_e205,std_e206,std_e207,std_e208,std_e209,std_e210,std_e211,std_e212,std_e213,std_e214,std_e215,std_e216,std_e217,std_e218,std_e219,std_e220,std_e221,std_e222,std_e223,std_e224,std_e225,std_e226,std_e227,std_e228,std_e229,std_e230,std_e231,std_e232,std_e233,std_e234,std_e235,std_e236,std_e237,std_e238,std_e239,std_e240,std_e241,std_e242,std_e243,std_e244,std_e245,std_e246,std_e247,std_e248,std_e249,std_e250,std_e251,std_e252,std_e253,std_e254,std_e255,std_e256,std_e257,std_e258,std_e259,std_e260,std_e261,std_e262,std_e263,std_e264,std_e265,std_e266,std_e267,std_e268,std_e269,std_e270,std_e271,std_e272,std_e273,std_e274,std_e275,std_e276,std_e277,std_e278,std_e279,std_e280,std_e281,std_e282,std_e283,std_e284,std_e285,std_e286,std_e287,std_e288,std_e289,std_e290,std_e291,std_e292,std_e293,std_e294,std_e295,std_e296,std_e297,std_e298,std_e299,std_e300,std_e301,std_e302,std_e303,std_e304,std_e305,std_e306,std_e307,std_e308,std_e309,std_e310,std_e311,std_e312,std_e313,std_e314,std_e315,std_e316,std_e317,std_e318,std_e319,std_e320,std_e321,std_e322,std_e323,std_e324,std_e325,std_e326,std_e327,std_e328,std_e329,std_e330,std_e331,std_e332,std_e333,std_e334,std_e335,std_e336,std_e337,std_e338,std_e339,std_e340,std_e341,std_e342,std_e343,std_e344,std_e345,std_e346,std_e347,std_e348,std_e349,std_e350,std_e351,std_e352,std_e353,std_e354,std_e355,std_e356,std_e357,std_e358,std_e359,std_e360,std_e361,std_e362,std_e363,std_e364,std_e365,std_e366,std_e367,std_e368,std_e369,std_e370,std_e371,std_e372,std_e373,std_e374,std_e375,std_e376,std_e377,std_e378,std_e379,std_e380,std_e381,std_e382,std_e383,max_e0,max_e1,max_e2,max_e3,max_e4,max_e5,max_e6,max_e7,max_e8,max_e9,max_e10,max_e11,max_e12,max_e13,max_e14,max_e15,max_e16,max_e17,max_e18,max_e19,max_e20,max_e21,max_e22,max_e23,max_e24,max_e25,max_e26,max_e27,max_e28,max_e29,max_e30,max_e31,max_e32,max_e33,max_e34,max_e35,max_e36,max_e37,max_e38,max_e39,max_e40,max_e41,max_e42,max_e43,max_e44,max_e45,max_e46,max_e47,max_e48,max_e49,max_e50,max_e51,max_e52,max_e53,max_e54,max_e55,max_e56,max_e57,max_e58,max_e59,max_e60,max_e61,max_e62,max_e63,max_e64,max_e65,max_e66,max_e67,max_e68,max_e69,max_e70,max_e71,max_e72,max_e73,max_e74,max_e75,max_e76,max_e77,max_e78,max_e79,max_e80,max_e81,max_e82,max_e83,max_e84,max_e85,max_e86,max_e87,max_e88,max_e89,max_e90,max_e91,max_e92,max_e93,max_e94,max_e95,max_e96,max_e97,max_e98,max_e99,max_e100,max_e101,max_e102,max_e103,max_e104,max_e105,max_e106,max_e107,max_e108,max_e109,max_e110,max_e111,max_e112,max_e113,max_e114,max_e115,max_e116,max_e117,max_e118,max_e119,max_e120,max_e121,max_e122,max_e123,max_e124,max_e125,max_e126,max_e127,max_e128,max_e129,max_e130,max_e131,max_e132,max_e133,max_e134,max_e135,max_e136,max_e137,max_e138,max_e139,max_e140,max_e141,max_e142,max_e143,max_e144,max_e145,max_e146,max_e147,max_e148,max_e149,max_e150,max_e151,max_e152,max_e153,max_e154,max_e155,max_e156,max_e157,max_e158,max_e159,max_e160,max_e161,max_e162,max_e163,max_e164,max_e165,max_e166,max_e167,max_e168,max_e169,max_e170,max_e171,max_e172,max_e173,max_e174,max_e175,max_e176,max_e177,max_e178,max_e179,max_e180,max_e181,max_e182,max_e183,max_e184,max_e185,max_e186,max_e187,max_e188,max_e189,max_e190,max_e191,max_e192,max_e193,max_e194,max_e195,max_e196,max_e197,max_e198,max_e199,max_e200,max_e201,max_e202,max_e203,max_e204,max_e205,max_e206,max_e207,max_e208,max_e209,max_e210,max_e211,max_e212,max_e213,max_e214,max_e215,max_e216,max_e217,max_e218,max_e219,max_e220,max_e221,max_e222,max_e223,max_e224,max_e225,max_e226,max_e227,max_e228,max_e229,max_e230,max_e231,max_e232,max_e233,max_e234,max_e235,max_e236,max_e237,max_e238,max_e239,max_e240,max_e241,max_e242,max_e243,max_e244,max_e245,max_e246,max_e247,max_e248,max_e249,max_e250,max_e251,max_e252,max_e253,max_e254,max_e255,max_e256,max_e257,max_e258,max_e259,max_e260,max_e261,max_e262,max_e263,max_e264,max_e265,max_e266,max_e267,max_e268,max_e269,max_e270,max_e271,max_e272,max_e273,max_e274,max_e275,max_e276,max_e277,max_e278,max_e279,max_e280,max_e281,max_e282,max_e283,max_e284,max_e285,max_e286,max_e287,max_e288,max_e289,max_e290,max_e291,max_e292,max_e293,max_e294,max_e295,max_e296,max_e297,max_e298,max_e299,max_e300,max_e301,max_e302,max_e303,max_e304,max_e305,max_e306,max_e307,max_e308,max_e309,max_e310,max_e311,max_e312,max_e313,max_e314,max_e315,max_e316,max_e317,max_e318,max_e319,max_e320,max_e321,max_e322,max_e323,max_e324,max_e325,max_e326,max_e327,max_e328,max_e329,max_e330,max_e331,max_e332,max_e333,max_e334,max_e335,max_e336,max_e337,max_e338,max_e339,max_e340,max_e341,max_e342,max_e343,max_e344,max_e345,max_e346,max_e347,max_e348,max_e349,max_e350,max_e351,max_e352,max_e353,max_e354,max_e355,max_e356,max_e357,max_e358,max_e359,max_e360,max_e361,max_e362,max_e363,max_e364,max_e365,max_e366,max_e367,max_e368,max_e369,max_e370,max_e371,max_e372,max_e373,max_e374,max_e375,max_e376,max_e377,max_e378,max_e379,max_e380,max_e381,max_e382,max_e383,min_e0,min_e1,min_e2,min_e3,min_e4,min_e5,min_e6,min_e7,min_e8,min_e9,min_e10,min_e11,min_e12,min_e13,min_e14,min_e15,min_e16,min_e17,min_e18,min_e19,min_e20,min_e21,min_e22,min_e23,min_e24,min_e25,min_e26,min_e27,min_e28,min_e29,min_e30,min_e31,min_e32,min_e33,min_e34,min_e35,min_e36,min_e37,min_e38,min_e39,min_e40,min_e41,min_e42,min_e43,min_e44,min_e45,min_e46,min_e47,min_e48,min_e49,min_e50,min_e51,min_e52,min_e53,min_e54,min_e55,min_e56,min_e57,min_e58,min_e59,min_e60,min_e61,min_e62,min_e63,min_e64,min_e65,min_e66,min_e67,min_e68,min_e69,min_e70,min_e71,min_e72,min_e73,min_e74,min_e75,min_e76,min_e77,min_e78,min_e79,min_e80,min_e81,min_e82,min_e83,min_e84,min_e85,min_e86,min_e87,min_e88,min_e89,min_e90,min_e91,min_e92,min_e93,min_e94,min_e95,min_e96,min_e97,min_e98,min_e99,min_e100,min_e101,min_e102,min_e103,min_e104,min_e105,min_e106,min_e107,min_e108,min_e109,min_e110,min_e111,min_e112,min_e113,min_e114,min_e115,min_e116,min_e117,min_e118,min_e119,min_e120,min_e121,min_e122,min_e123,min_e124,min_e125,min_e126,min_e127,min_e128,min_e129,min_e130,min_e131,min_e132,min_e133,min_e134,min_e135,min_e136,min_e137,min_e138,min_e139,min_e140,min_e141,min_e142,min_e143,min_e144,min_e145,min_e146,min_e147,min_e148,min_e149,min_e150,min_e151,min_e152,min_e153,min_e154,min_e155,min_e156,min_e157,min_e158,min_e159,min_e160,min_e161,min_e162,min_e163,min_e164,min_e165,min_e166,min_e167,min_e168,min_e169,min_e170,min_e171,min_e172,min_e173,min_e174,min_e175,min_e176,min_e177,min_e178,min_e179,min_e180,min_e181,min_e182,min_e183,min_e184,min_e185,min_e186,min_e187,min_e188,min_e189,min_e190,min_e191,min_e192,min_e193,min_e194,min_e195,min_e196,min_e197,min_e198,min_e199,min_e200,min_e201,min_e202,min_e203,min_e204,min_e205,min_e206,min_e207,min_e208,min_e209,min_e210,min_e211,min_e212,min_e213,min_e214,min_e215,min_e216,min_e217,min_e218,min_e219,min_e220,min_e221,min_e222,min_e223,min_e224,min_e225,min_e226,min_e227,min_e228,min_e229,min_e230,min_e231,min_e232,min_e233,min_e234,min_e235,min_e236,min_e237,min_e238,min_e239,min_e240,min_e241,min_e242,min_e243,min_e244,min_e245,min_e246,min_e247,min_e248,min_e249,min_e250,min_e251,min_e252,min_e253,min_e254,min_e255,min_e256,min_e257,min_e258,min_e259,min_e260,min_e261,min_e262,min_e263,min_e264,min_e265,min_e266,min_e267,min_e268,min_e269,min_e270,min_e271,min_e272,min_e273,min_e274,min_e275,min_e276,min_e277,min_e278,min_e279,min_e280,min_e281,min_e282,min_e283,min_e284,min_e285,min_e286,min_e287,min_e288,min_e289,min_e290,min_e291,min_e292,min_e293,min_e294,min_e295,min_e296,min_e297,min_e298,min_e299,min_e300,min_e301,min_e302,min_e303,min_e304,min_e305,min_e306,min_e307,min_e308,min_e309,min_e310,min_e311,min_e312,min_e313,min_e314,min_e315,min_e316,min_e317,min_e318,min_e319,min_e320,min_e321,min_e322,min_e323,min_e324,min_e325,min_e326,min_e327,min_e328,min_e329,min_e330,min_e331,min_e332,min_e333,min_e334,min_e335,min_e336,min_e337,min_e338,min_e339,min_e340,min_e341,min_e342,min_e343,min_e344,min_e345,min_e346,min_e347,min_e348,min_e349,min_e350,min_e351,min_e352,min_e353,min_e354,min_e355,min_e356,min_e357,min_e358,min_e359,min_e360,min_e361,min_e362,min_e363,min_e364,min_e365,min_e366,min_e367,min_e368,min_e369,min_e370,min_e371,min_e372,min_e373,min_e374,min_e375,min_e376,min_e377,min_e378,min_e379,min_e380,min_e381,min_e382,min_e383,first_e0,first_e1,first_e2,first_e3,first_e4,first_e5,first_e6,first_e7,first_e8,first_e9,first_e10,first_e11,first_e12,first_e13,first_e14,first_e15,first_e16,first_e17,first_e18,first_e19,first_e20,first_e21,first_e22,first_e23,first_e24,first_e25,first_e26,first_e27,first_e28,first_e29,first_e30,first_e31,first_e32,first_e33,first_e34,first_e35,first_e36,first_e37,first_e38,first_e39,first_e40,first_e41,first_e42,first_e43,first_e44,first_e45,first_e46,first_e47,first_e48,first_e49,first_e50,first_e51,first_e52,first_e53,first_e54,first_e55,first_e56,first_e57,first_e58,first_e59,first_e60,first_e61,first_e62,first_e63,first_e64,first_e65,first_e66,first_e67,first_e68,first_e69,first_e70,first_e71,first_e72,first_e73,first_e74,first_e75,first_e76,first_e77,first_e78,first_e79,first_e80,first_e81,first_e82,first_e83,first_e84,first_e85,first_e86,first_e87,first_e88,first_e89,first_e90,first_e91,first_e92,first_e93,first_e94,first_e95,first_e96,first_e97,first_e98,first_e99,first_e100,first_e101,first_e102,first_e103,first_e104,first_e105,first_e106,first_e107,first_e108,first_e109,first_e110,first_e111,first_e112,first_e113,first_e114,first_e115,first_e116,first_e117,first_e118,first_e119,first_e120,first_e121,first_e122,first_e123,first_e124,first_e125,first_e126,first_e127,first_e128,first_e129,first_e130,first_e131,first_e132,first_e133,first_e134,first_e135,first_e136,first_e137,first_e138,first_e139,first_e140,first_e141,first_e142,first_e143,first_e144,first_e145,first_e146,first_e147,first_e148,first_e149,first_e150,first_e151,first_e152,first_e153,first_e154,first_e155,first_e156,first_e157,first_e158,first_e159,first_e160,first_e161,first_e162,first_e163,first_e164,first_e165,first_e166,first_e167,first_e168,first_e169,first_e170,first_e171,first_e172,first_e173,first_e174,first_e175,first_e176,first_e177,first_e178,first_e179,first_e180,first_e181,first_e182,first_e183,first_e184,first_e185,first_e186,first_e187,first_e188,first_e189,first_e190,first_e191,first_e192,first_e193,first_e194,first_e195,first_e196,first_e197,first_e198,first_e199,first_e200,first_e201,first_e202,first_e203,first_e204,first_e205,first_e206,first_e207,first_e208,first_e209,first_e210,first_e211,first_e212,first_e213,first_e214,first_e215,first_e216,first_e217,first_e218,first_e219,first_e220,first_e221,first_e222,first_e223,first_e224,first_e225,first_e226,first_e227,first_e228,first_e229,first_e230,first_e231,first_e232,first_e233,first_e234,first_e235,first_e236,first_e237,first_e238,first_e239,first_e240,first_e241,first_e242,first_e243,first_e244,first_e245,first_e246,first_e247,first_e248,first_e249,first_e250,first_e251,first_e252,first_e253,first_e254,first_e255,first_e256,first_e257,first_e258,first_e259,first_e260,first_e261,first_e262,first_e263,first_e264,first_e265,first_e266,first_e267,first_e268,first_e269,first_e270,first_e271,first_e272,first_e273,first_e274,first_e275,first_e276,first_e277,first_e278,first_e279,first_e280,first_e281,first_e282,first_e283,first_e284,first_e285,first_e286,first_e287,first_e288,first_e289,first_e290,first_e291,first_e292,first_e293,first_e294,first_e295,first_e296,first_e297,first_e298,first_e299,first_e300,first_e301,first_e302,first_e303,first_e304,first_e305,first_e306,first_e307,first_e308,first_e309,first_e310,first_e311,first_e312,first_e313,first_e314,first_e315,first_e316,first_e317,first_e318,first_e319,first_e320,first_e321,first_e322,first_e323,first_e324,first_e325,first_e326,first_e327,first_e328,first_e329,first_e330,first_e331,first_e332,first_e333,first_e334,first_e335,first_e336,first_e337,first_e338,first_e339,first_e340,first_e341,first_e342,first_e343,first_e344,first_e345,first_e346,first_e347,first_e348,first_e349,first_e350,first_e351,first_e352,first_e353,first_e354,first_e355,first_e356,first_e357,first_e358,first_e359,first_e360,first_e361,first_e362,first_e363,first_e364,first_e365,first_e366,first_e367,first_e368,first_e369,first_e370,first_e371,first_e372,first_e373,first_e374,first_e375,first_e376,first_e377,first_e378,first_e379,first_e380,first_e381,first_e382,first_e383,last_e0,last_e1,last_e2,last_e3,last_e4,last_e5,last_e6,last_e7,last_e8,last_e9,last_e10,last_e11,last_e12,last_e13,last_e14,last_e15,last_e16,last_e17,last_e18,last_e19,last_e20,last_e21,last_e22,last_e23,last_e24,last_e25,last_e26,last_e27,last_e28,last_e29,last_e30,last_e31,last_e32,last_e33,last_e34,last_e35,last_e36,last_e37,last_e38,last_e39,last_e40,last_e41,last_e42,last_e43,last_e44,last_e45,last_e46,last_e47,last_e48,last_e49,last_e50,last_e51,last_e52,last_e53,last_e54,last_e55,last_e56,last_e57,last_e58,last_e59,last_e60,last_e61,last_e62,last_e63,last_e64,last_e65,last_e66,last_e67,last_e68,last_e69,last_e70,last_e71,last_e72,last_e73,last_e74,last_e75,last_e76,last_e77,last_e78,last_e79,last_e80,last_e81,last_e82,last_e83,last_e84,last_e85,last_e86,last_e87,last_e88,last_e89,last_e90,last_e91,last_e92,last_e93,last_e94,last_e95,last_e96,last_e97,last_e98,last_e99,last_e100,last_e101,last_e102,last_e103,last_e104,last_e105,last_e106,last_e107,last_e108,last_e109,last_e110,last_e111,last_e112,last_e113,last_e114,last_e115,last_e116,last_e117,last_e118,last_e119,last_e120,last_e121,last_e122,last_e123,last_e124,last_e125,last_e126,last_e127,last_e128,last_e129,last_e130,last_e131,last_e132,last_e133,last_e134,last_e135,last_e136,last_e137,last_e138,last_e139,last_e140,last_e141,last_e142,last_e143,last_e144,last_e145,last_e146,last_e147,last_e148,last_e149,last_e150,last_e151,last_e152,last_e153,last_e154,last_e155,last_e156,last_e157,last_e158,last_e159,last_e160,last_e161,last_e162,last_e163,last_e164,last_e165,last_e166,last_e167,last_e168,last_e169,last_e170,last_e171,last_e172,last_e173,last_e174,last_e175,last_e176,last_e177,last_e178,last_e179,last_e180,last_e181,last_e182,last_e183,last_e184,last_e185,last_e186,last_e187,last_e188,last_e189,last_e190,last_e191,last_e192,last_e193,last_e194,last_e195,last_e196,last_e197,last_e198,last_e199,last_e200,last_e201,last_e202,last_e203,last_e204,last_e205,last_e206,last_e207,last_e208,last_e209,last_e210,last_e211,last_e212,last_e213,last_e214,last_e215,last_e216,last_e217,last_e218,last_e219,last_e220,last_e221,last_e222,last_e223,last_e224,last_e225,last_e226,last_e227,last_e228,last_e229,last_e230,last_e231,last_e232,last_e233,last_e234,last_e235,last_e236,last_e237,last_e238,last_e239,last_e240,last_e241,last_e242,last_e243,last_e244,last_e245,last_e246,last_e247,last_e248,last_e249,last_e250,last_e251,last_e252,last_e253,last_e254,last_e255,last_e256,last_e257,last_e258,last_e259,last_e260,last_e261,last_e262,last_e263,last_e264,last_e265,last_e266,last_e267,last_e268,last_e269,last_e270,last_e271,last_e272,last_e273,last_e274,last_e275,last_e276,last_e277,last_e278,last_e279,last_e280,last_e281,last_e282,last_e283,last_e284,last_e285,last_e286,last_e287,last_e288,last_e289,last_e290,last_e291,last_e292,last_e293,last_e294,last_e295,last_e296,last_e297,last_e298,last_e299,last_e300,last_e301,last_e302,last_e303,last_e304,last_e305,last_e306,last_e307,last_e308,last_e309,last_e310,last_e311,last_e312,last_e313,last_e314,last_e315,last_e316,last_e317,last_e318,last_e319,last_e320,last_e321,last_e322,last_e323,last_e324,last_e325,last_e326,last_e327,last_e328,last_e329,last_e330,last_e331,last_e332,last_e333,last_e334,last_e335,last_e336,last_e337,last_e338,last_e339,last_e340,last_e341,last_e342,last_e343,last_e344,last_e345,last_e346,last_e347,last_e348,last_e349,last_e350,last_e351,last_e352,last_e353,last_e354,last_e355,last_e356,last_e357,last_e358,last_e359,last_e360,last_e361,last_e362,last_e363,last_e364,last_e365,last_e366,last_e367,last_e368,last_e369,last_e370,last_e371,last_e372,last_e373,last_e374,last_e375,last_e376,last_e377,last_e378,last_e379,last_e380,last_e381,last_e382,last_e383,slope_e0,slope_e1,slope_e2,slope_e3,slope_e4,slope_e5,slope_e6,slope_e7,slope_e8,slope_e9,slope_e10,slope_e11,slope_e12,slope_e13,slope_e14,slope_e15,slope_e16,slope_e17,slope_e18,slope_e19,slope_e20,slope_e21,slope_e22,slope_e23,slope_e24,slope_e25,slope_e26,slope_e27,slope_e28,slope_e29,slope_e30,slope_e31,slope_e32,slope_e33,slope_e34,slope_e35,slope_e36,slope_e37,slope_e38,slope_e39,slope_e40,slope_e41,slope_e42,slope_e43,slope_e44,slope_e45,slope_e46,slope_e47,slope_e48,slope_e49,slope_e50,slope_e51,slope_e52,slope_e53,slope_e54,slope_e55,slope_e56,slope_e57,slope_e58,slope_e59,slope_e60,slope_e61,slope_e62,slope_e63,slope_e64,slope_e65,slope_e66,slope_e67,slope_e68,slope_e69,slope_e70,slope_e71,slope_e72,slope_e73,slope_e74,slope_e75,slope_e76,slope_e77,slope_e78,slope_e79,slope_e80,slope_e81,slope_e82,slope_e83,slope_e84,slope_e85,slope_e86,slope_e87,slope_e88,slope_e89,slope_e90,slope_e91,slope_e92,slope_e93,slope_e94,slope_e95,slope_e96,slope_e97,slope_e98,slope_e99,slope_e100,slope_e101,slope_e102,slope_e103,slope_e104,slope_e105,slope_e106,slope_e107,slope_e108,slope_e109,slope_e110,slope_e111,slope_e112,slope_e113,slope_e114,slope_e115,slope_e116,slope_e117,slope_e118,slope_e119,slope_e120,slope_e121,slope_e122,slope_e123,slope_e124,slope_e125,slope_e126,slope_e127,slope_e128,slope_e129,slope_e130,slope_e131,slope_e132,slope_e133,slope_e134,slope_e135,slope_e136,slope_e137,slope_e138,slope_e139,slope_e140,slope_e141,slope_e142,slope_e143,slope_e144,slope_e145,slope_e146,slope_e147,slope_e148,slope_e149,slope_e150,slope_e151,slope_e152,slope_e153,slope_e154,slope_e155,slope_e156,slope_e157,slope_e158,slope_e159,slope_e160,slope_e161,slope_e162,slope_e163,slope_e164,slope_e165,slope_e166,slope_e167,slope_e168,slope_e169,slope_e170,slope_e171,slope_e172,slope_e173,slope_e174,slope_e175,slope_e176,slope_e177,slope_e178,slope_e179,slope_e180,slope_e181,slope_e182,slope_e183,slope_e184,slope_e185,slope_e186,slope_e187,slope_e188,slope_e189,slope_e190,slope_e191,slope_e192,slope_e193,slope_e194,slope_e195,slope_e196,slope_e197,slope_e198,slope_e199,slope_e200,slope_e201,slope_e202,slope_e203,slope_e204,slope_e205,slope_e206,slope_e207,slope_e208,slope_e209,slope_e210,slope_e211,slope_e212,slope_e213,slope_e214,slope_e215,slope_e216,slope_e217,slope_e218,slope_e219,slope_e220,slope_e221,slope_e222,slope_e223,slope_e224,slope_e225,slope_e226,slope_e227,slope_e228,slope_e229,slope_e230,slope_e231,slope_e232,slope_e233,slope_e234,slope_e235,slope_e236,slope_e237,slope_e238,slope_e239,slope_e240,slope_e241,slope_e242,slope_e243,slope_e244,slope_e245,slope_e246,slope_e247,slope_e248,slope_e249,slope_e250,slope_e251,slope_e252,slope_e253,slope_e254,slope_e255,slope_e256,slope_e257,slope_e258,slope_e259,slope_e260,slope_e261,slope_e262,slope_e263,slope_e264,slope_e265,slope_e266,slope_e267,slope_e268,slope_e269,slope_e270,slope_e271,slope_e272,slope_e273,slope_e274,slope_e275,slope_e276,slope_e277,slope_e278,slope_e279,slope_e280,slope_e281,slope_e282,slope_e283,slope_e284,slope_e285,slope_e286,slope_e287,slope_e288,slope_e289,slope_e290,slope_e291,slope_e292,slope_e293,slope_e294,slope_e295,slope_e296,slope_e297,slope_e298,slope_e299,slope_e300,slope_e301,slope_e302,slope_e303,slope_e304,slope_e305,slope_e306,slope_e307,slope_e308,slope_e309,slope_e310,slope_e311,slope_e312,slope_e313,slope_e314,slope_e315,slope_e316,slope_e317,slope_e318,slope_e319,slope_e320,slope_e321,slope_e322,slope_e323,slope_e324,slope_e325,slope_e326,slope_e327,slope_e328,slope_e329,slope_e330,slope_e331,slope_e332,slope_e333,slope_e334,slope_e335,slope_e336,slope_e337,slope_e338,slope_e339,slope_e340,slope_e341,slope_e342,slope_e343,slope_e344,slope_e345,slope_e346,slope_e347,slope_e348,slope_e349,slope_e350,slope_e351,slope_e352,slope_e353,slope_e354,slope_e355,slope_e356,slope_e357,slope_e358,slope_e359,slope_e360,slope_e361,slope_e362,slope_e363,slope_e364,slope_e365,slope_e366,slope_e367,slope_e368,slope_e369,slope_e370,slope_e371,slope_e372,slope_e373,slope_e374,slope_e375,slope_e376,slope_e377,slope_e378,slope_e379,slope_e380,slope_e381,slope_e382,slope_e383
-0.00052121,-0.03379933,0.01060271,-0.01176001,0.00954716,0.00165316,-0.01316051,-0.00158549,-0.01162332,-0.02912101,0.01942271,0.04806639,-0.00645808,0.01938325,0.03772112,-0.01392134,0.00573087,-0.06215471,-0.01221063,-0.01042179,-0.02625737,-0.00452096,0.01641662,0.00687884,0.00957792,-0.00900222,-0.00218558,0.01140539,0.00110439,-0.01971593,-0.04161134,0.04620166,0.02393162,0.01194137,0.01760328,0.01480414,-0.01142114,0.00148433,0.01397070,-0.01028442,0.01010270,-0.02295982,-0.01525272,0.01415862,-0.01144884,-0.00715604,-0.00554843,-0.00755093,0.00708445,0.01185525,-0.01254600,-0.00141151,0.00011070,-0.00372762,0.02959328,0.02968039,-0.01197447,-0.03029863,0.01914205,0.00742876,-0.01067843,-0.01772642,-0.03627697,0.02920471,0.00409947,-0.01729189,-0.02219986,0.01949264,-0.04781130,-0.00558624,0.01098809,-0.02287213,0.00664782,0.01332220,0.00236370,0.00899421,0.03000726,0.00713209,0.04120582,-0.01433234,0.03593497,-0.01681139,-0.02013830,-0.01333080,-0.00822404,-0.00739375,0.01714220,-0.02265662,-0.00672011,0.02197792,-0.00500803,-0.00832597,0.01202942,0.00711183,-0.04552650,0.00239732,-0.02267213,0.01930957,-0.00075850,0.03322299,-0.00677861,0.02869729,0.00634880,-0.02026666,-0.04556805,-0.02324318,-0.00810113,0.02001867,-0.00145597,0.00392251,-0.03212066,0.00609989,-0.01467220,0.00999514,-0.00539416,0.00938434,-0.01958851,0.01075518,0.02582058,-0.00395872,0.02871266,0.03349088,-0.01312005,0.00998170,-0.02458759,-0.01007247,-0.02145312,0.00000000,-0.00163687,0.02261343,0.02199055,0.01952195,-0.01811651,0.01163522,-0.02362878,0.01329097,-0.01402161,-0.00963147,-0.01985114,0.02059611,-0.00684642,-0.01092586,0.01929447,-0.01805867,-0.01609667,0.03674595,0.00534092,0.00452722,0.00717586,-0.01309496,-0.01652633,0.01617983,0.00388739,0.00599730,0.01638155,-0.00348172,0.02220157,0.01691118,0.00102507,0.02910334,-0.01043921,0.00607221,-0.02031246,0.02162320,-0.00406451,-0.03386654,0.01693174,0.01040549,-0.03206972,0.02046688,-0.04188613,0.00778496,0.00672983,0.02958888,0.02578803,-0.01694054,-0.01263249,0.01491651,-0.02893920,0.02346172,0.00969159,-0.01166501,0.00451093,0.00349083,0.00633536,-0.02093686,0.01525054,0.01144518,-0.02273871,0.03278889,-0.02393864,-0.00527304,-0.04656834,0.04229313,0.00612274,0.00606789,-0.02852863,0.02167289,-0.00095117,0.00436188,-0.00262229,0.01018211,-0.01492924,-0.00849864,-0.00516263,0.01564118,0.07344274,0.00267907,-0.00522936,-0.00623354,0.01955530,0.00295853,0.04346172,0.01467211,0.04647716,-0.00895255,0.00180439,0.01969726,-0.02514343,0.00652249,-0.00280080,0.02883524,-0.01621175,0.00000000,-0.01773074,0.00074983,-0.00999621,0.03239554,0.00178062,-0.01094357,0.00315992,0.02236982,-0.00278757,0.03516538,0.01655887,0.01052874,0.00026368,0.01170464,-0.00691342,-0.00916525,0.04559421,-0.01395047,-0.00159043,-0.02948332,0.00943511,0.04309259,-0.02928045,0.03116163,-0.02498753,0.03205766,-0.02260933,0.00206734,-0.04319083,-0.01070718,-0.01929129,-0.03579979,-0.04989712,0.00882392,-0.01805476,0.00618925,-0.00855512,-0.01977955,-0.00128582,0.00804213,0.00736591,-0.03691976,-0.02384064,0.04265618,-0.01808896,-0.01680974,0.03679514,0.00074166,0.00380579,-0.00458441,-0.03324468,0.02307978,-0.03192064,-0.02386455,-0.04975320,0.02757242,0.02301311,-0.01142954,-0.00087539,-0.00247116,-0.00018791,0.01531087,0.00631224,-0.00631358,0.02717842,-0.00569559,0.02679732,-0.00961282,0.00563347,-0.00695407,0.03328395,-0.02224701,-0.04785009,0.00372797,-0.03518795,-0.00454588,0.00260462,-0.03745283,0.00713597,-0.01731708,-0.01406097,-0.00630392,0.00356966,0.00742584,0.01835288,0.01244776,-0.00738192,-0.02738858,-0.00436621,0.01216061,-0.05454067,-0.02334153,-0.00530359,-0.00590267,-0.01377007,0.00000000,0.00220217,0.00238386,0.01848328,0.01978426,0.02539475,-0.01003209,0.01007517,0.04255550,0.01311533,0.02623903,0.03916792,0.00868147,-0.02264650,0.03533304,0.02803274,0.01024466,0.00835516,0.02034067,-0.03937776,-0.00552254,-0.00900283,0.06282122,0.02448395,-0.00334774,-0.01131462,0.00848799,-0.02810220,0.03052132,0.00941705,-0.01302139,0.00250282,-0.00220880,-0.01286820,-0.00413276,0.01884564,-0.01659957,-0.02969404,-0.00103308,-0.00772595,-0.02921775,-0.03206526,-0.00922489,-0.00233118,0.06178613,-0.00073370,-0.00983932,-0.03320641,-0.00867863,-0.00555643,-0.04899422,0.00883643,0.01104507,0.00888801,0.00250016,0.03403324,0.00668853,-0.00951283,-0.02247999,-0.02473220,0.01108458,0.02498747,-0.04308403,0.01461962,0.03525767,0.05854858,0.05526990,0.03913383,0.03684705,0.04625990,0.03826719,0.06333231,0.05363204,0.04389256,0.03750233,0.05403451,0.04807959,0.03537934,0.04734400,0.04220428,0.05312299,0.04330308,0.03985464,0.04545326,0.04602953,0.05128720,0.04531352,0.04628535,0.03320476,0.05973479,0.03552871,0.04326013,0.03820680,0.03642636,0.04443364,0.04867581,0.04258180,0.04860911,0.03454036,0.04494584,0.05270644,0.04241634,0.04927443,0.03582409,0.04214918,0.04270351,0.04503187,0.05553101,0.04232933,0.03756963,0.04159972,0.04140737,0.04282144,0.05513374,0.04456643,0.04599420,0.04604887,0.04513661,0.05186622,0.04976244,0.04733940,0.04538871,0.03389779,0.03910636,0.03615469,0.04755637,0.04105026,0.04669715,0.04955433,0.04555006,0.03817251,0.04342148,0.06369477,0.06377846,0.05847374,0.04397375,0.04000315,0.04941449,0.05838108,0.05730529,0.04731722,0.04373576,0.04225338,0.03186362,0.04851030,0.04573708,0.04545596,0.03834621,0.04615362,0.05067536,0.03452257,0.04788534,0.06264664,0.04420434,0.03674615,0.04900474,0.05272916,0.04966851,0.04822446,0.04377711,0.04768792,0.03953613,0.05699162,0.05581767,0.04000941,0.03770128,0.04541089,0.04599575,0.05334942,0.04511292,0.03909158,0.03754626,0.03990725,0.03819253,0.04235428,0.04006108,0.03354687,0.04759597,0.04328494,0.04426326,0.05535063,0.05420217,0.04159296,0.05326303,0.04721779,0.03692899,0.03907442,0.04419258,0.04367101,0.04371240,0.05433643,0.04727464,0.00000000,0.04355429,0.04715144,0.04098542,0.05385741,0.05675655,0.04063079,0.04525202,0.04178132,0.04570937,0.04309358,0.04153099,0.03896064,0.03958052,0.06439865,0.05360193,0.05396655,0.04979134,0.04380371,0.05403926,0.04099657,0.04181676,0.06052659,0.04179408,0.04975997,0.04847284,0.04210040,0.03860453,0.04685003,0.05507539,0.02609408,0.05204095,0.03615465,0.05373201,0.04332293,0.04139935,0.04626062,0.05086689,0.04373125,0.04936156,0.04221024,0.05133008,0.03217213,0.04610243,0.03401873,0.05568705,0.04211674,0.04543230,0.04171420,0.06137964,0.04732062,0.04587021,0.03641856,0.05460485,0.04277003,0.05197395,0.04043344,0.04034967,0.05895899,0.03866670,0.04265516,0.05297691,0.03933541,0.05018306,0.04985535,0.05009361,0.04932908,0.04345482,0.04122716,0.05545057,0.04546154,0.03836058,0.03724243,0.05600628,0.04385424,0.05655553,0.03659301,0.03844199,0.04523351,0.04084705,0.04384997,0.05510271,0.04142765,0.04522512,0.04889218,0.05017503,0.04503890,0.04742074,0.04944345,0.05319162,0.04124406,0.04193600,0.03338898,0.04332776,0.06108085,0.06184822,0.00000000,0.04836113,0.04157516,0.04113735,0.05020348,0.03953774,0.03289528,0.05220021,0.05237048,0.05301349,0.04303311,0.04919364,0.04090028,0.05553620,0.04358367,0.04766720,0.03879957,0.04821088,0.04414163,0.04286651,0.03792186,0.04681400,0.04779884,0.03458850,0.05180277,0.03979517,0.03890559,0.06398190,0.04744903,0.05040721,0.04685193,0.04648022,0.03914901,0.04536873,0.04277675,0.04101597,0.05285936,0.05124445,0.04531016,0.03722107,0.04632803,0.04059773,0.03911740,0.04670122,0.06427293,0.04645090,0.03449360,0.05181238,0.05718952,0.05860066,0.04219060,0.04731063,0.04498785,0.05098775,0.05345431,0.05341769,0.04931753,0.04477696,0.04294649,0.05265034,0.03909852,0.05900026,0.04530490,0.04414780,0.04886501,0.04028675,0.04238435,0.05313683,0.05623563,0.06360389,0.03755778,0.04338776,0.04046620,0.05510995,0.05211699,0.06033762,0.04305412,0.05278392,0.05089454,0.05350731,0.04438338,0.04697606,0.04935513,0.03712898,0.04661016,0.05194552,0.05277412,0.04082222,0.04229221,0.04571480,0.04201545,0.04301755,0.04431271,0.05615228,0.04830641,0.03747295,0.00000000,0.03484391,0.05793429,0.03927781,0.03740031,0.05067197,0.04935974,0.05246495,0.05075446,0.04408978,0.04601625,0.05105992,0.04883112,0.04705566,0.04978206,0.04863467,0.04264262,0.05864455,0.06398925,0.02874390,0.04775367,0.04692453,0.04600193,0.04507866,0.04207730,0.03214435,0.03177694,0.04640743,0.03920767,0.03845285,0.04815469,0.03737243,0.04479677,0.04237084,0.04720055,0.05569080,0.04479257,0.04821863,0.03993403,0.05174301,0.03490497,0.03850913,0.05143623,0.04078168,0.04833645,0.03881597,0.04013996,0.05615388,0.06432948,0.04002673,0.05101920,0.04450297,0.03414299,0.03957898,0.03744153,0.04461738,0.04282151,0.03623434,0.03723971,0.04814716,0.04385797,0.04387921,0.05452033,0.06030751,0.04264257,0.14081300,0.08764200,0.12419300,0.07701400,0.11285500,0.12126100,0.11645700,0.21162900,0.08633300,0.07172000,0.14578000,0.16352800,0.08279800,0.13731600,0.11566900,0.12566400,0.11616700,0.04343200,0.10684300,0.07539300,0.09383100,0.12972400,0.11954000,0.07341900,0.15099600,0.08897900,0.12240600,0.09209400,0.08598900,0.07839800,0.09083600,0.15185600,0.12444100,0.10652700,0.14456400,0.13326400,0.10926000,0.15294400,0.07850000,0.11185400,0.10624500,0.09047200,0.14456800,0.10938600,0.07988000,0.13001900,0.08975600,0.10365400,0.16704200,0.10617000,0.08972700,0.11833500,0.08962000,0.14075100,0.14507400,0.13969000,0.08914400,0.06730800,0.13040600,0.12985700,0.09660500,0.10485400,0.05014500,0.18345600,0.09260200,0.06730400,0.08831200,0.13741200,0.13251500,0.15954200,0.12628400,0.08465800,0.11509200,0.12502700,0.13535200,0.13180700,0.14141800,0.14219000,0.11106800,0.08215300,0.16092900,0.09698000,0.07163900,0.09585800,0.10430800,0.07211400,0.12764100,0.11922200,0.08299900,0.12593300,0.10719900,0.12055700,0.13260500,0.09148000,0.05199700,0.10599800,0.07228700,0.14436500,0.12876500,0.16837300,0.10339300,0.12696900,0.08335200,0.12065800,0.07405200,0.08171800,0.10397700,0.12674400,0.08271200,0.11813200,0.05449800,0.08506300,0.13758200,0.10951600,0.09114800,0.13310500,0.09656100,0.12688900,0.15207000,0.07990400,0.11502000,0.11595700,0.06400000,0.09994700,0.08266800,0.12112200,0.15338900,0.00000000,0.08370000,0.14063400,0.13169000,0.24533400,0.13761700,0.08977900,0.06585600,0.09930900,0.10584500,0.07637600,0.08733900,0.10780800,0.07722400,0.15487200,0.12532200,0.12686400,0.10090200,0.14360700,0.13372900,0.10811600,0.10132000,0.14391500,0.07440800,0.13039100,0.16048000,0.13839100,0.12732800,0.09621600,0.15216800,0.07086700,0.09442600,0.11727400,0.13533400,0.08270300,0.08033000,0.13395200,0.13932300,0.07814900,0.12771700,0.12127100,0.08068000,0.11014100,0.09393700,0.09437600,0.12506800,0.12793000,0.13999800,0.08068100,0.13725700,0.11281500,0.04617300,0.11618800,0.12463200,0.10325500,0.12864200,0.09609100,0.08722300,0.14856100,0.12163900,0.11293900,0.10533800,0.12593800,0.09151800,0.14952000,0.10603000,0.17850700,0.08388300,0.07403600,0.14103000,0.12424200,0.09202200,0.10922200,0.14295200,0.08749900,0.10846800,0.08983300,0.07802800,0.12491300,0.21180400,0.11166400,0.18151600,0.07637700,0.13503800,0.13400500,0.17209800,0.11448000,0.15775000,0.11103800,0.13221600,0.12712200,0.07403300,0.06332600,0.12252200,0.14994900,0.11020900,0.00000000,0.09965700,0.12381000,0.12605900,0.14019200,0.10119200,0.09020800,0.14066400,0.16239300,0.12921900,0.13072800,0.11972300,0.08442300,0.14334300,0.09769300,0.15769600,0.08317200,0.14890200,0.12212600,0.10306700,0.05242700,0.09531000,0.14903200,0.06632500,0.17953700,0.05749900,0.11165400,0.18841300,0.15452300,0.08197800,0.13886700,0.11931700,0.07786100,0.07126500,0.10502100,0.09690300,0.12537900,0.16960200,0.08413100,0.09836200,0.10862500,0.10724600,0.05617400,0.10527200,0.25542800,0.09302600,0.07520600,0.13743700,0.17778800,0.18023900,0.06849400,0.08598800,0.12255400,0.04852800,0.09343600,0.06716600,0.14541100,0.18459300,0.08560300,0.11541600,0.09916700,0.11036900,0.10307400,0.10415300,0.13938900,0.12218900,0.10694100,0.14225500,0.10967400,0.18939300,0.07871200,0.14197000,0.07652700,0.05661700,0.10987100,0.06570300,0.08489700,0.11193300,0.09288800,0.12446900,0.09881000,0.07052400,0.11644800,0.07083100,0.14946600,0.11744500,0.12650000,0.08747900,0.06738900,0.14408100,0.12433600,0.03767400,0.07122300,0.11922600,0.12887600,0.06312600,-0.00000000,0.07951200,0.13315900,0.14281900,0.11242100,0.13496800,0.11151100,0.14065400,0.15324300,0.13572300,0.10938200,0.14692400,0.10057500,0.08162900,0.15319400,0.15802700,0.10097300,0.14870400,0.15219200,0.03714300,0.09444900,0.10650000,0.17590000,0.11078100,0.09994200,0.08360800,0.07079500,0.09189600,0.12897700,0.10708800,0.10608400,0.09198400,0.12492500,0.07777400,0.09959800,0.11971400,0.09261000,0.05675800,0.11300400,0.12124900,0.06028000,0.04532700,0.11494900,0.09110300,0.18991100,0.08940200,0.08640400,0.07800100,0.10173300,0.10348600,0.06984800,0.10328700,0.11331300,0.09541500,0.09238700,0.16587200,0.12078800,0.06124600,0.07179900,0.07034600,0.12256700,0.13152900,0.11852300,0.18391100,0.15472900,-0.15804800,-0.17221100,-0.06789700,-0.09585200,-0.08649900,-0.07258400,-0.13363100,-0.14181600,-0.11350400,-0.10622100,-0.10328700,-0.03694300,-0.09100700,-0.12150900,-0.07030900,-0.13990400,-0.07751800,-0.15389400,-0.14636900,-0.13594600,-0.16977900,-0.11198500,-0.08016600,-0.08282300,-0.11965900,-0.10775100,-0.12458000,-0.11505100,-0.15378200,-0.16195600,-0.16178100,-0.06340700,-0.14908000,-0.05308100,-0.10449000,-0.14634900,-0.11446400,-0.10924600,-0.08526900,-0.08599600,-0.07906100,-0.13722100,-0.14366600,-0.08621300,-0.12585000,-0.07950000,-0.11128300,-0.10284900,-0.11849200,-0.09002900,-0.12301400,-0.11061100,-0.12316800,-0.12085600,-0.07944800,-0.11902700,-0.11745400,-0.13110200,-0.09496100,-0.06731800,-0.13186100,-0.10735600,-0.15567700,-0.07453300,-0.16775600,-0.13683800,-0.12837100,-0.14314500,-0.16787900,-0.11284800,-0.12885900,-0.17209300,-0.11882000,-0.11537900,-0.15108500,-0.11675500,-0.07436400,-0.07058400,-0.04539400,-0.15039800,-0.08121800,-0.14875200,-0.12700100,-0.14659700,-0.11948800,-0.08890200,-0.11192700,-0.18147000,-0.10264100,-0.06896200,-0.12140700,-0.10392300,-0.11686200,-0.11404000,-0.13848900,-0.11224100,-0.10723200,-0.13505600,-0.13079700,-0.05947400,-0.10772100,-0.13617300,-0.09984600,-0.14145100,-0.15397200,-0.10986100,-0.09316700,-0.07088900,-0.07934400,-0.08374200,-0.13491600,-0.06707700,-0.10463100,-0.09636800,-0.10478000,-0.12301300,-0.14949900,-0.08071100,-0.10044400,-0.11859200,-0.05924400,-0.07638400,-0.11546900,-0.07252600,-0.14622400,-0.13564000,-0.11260100,-0.00000000,-0.11217900,-0.09452800,-0.09376700,-0.09253400,-0.17126100,-0.08356700,-0.12843800,-0.08120800,-0.10423500,-0.10664900,-0.12532600,-0.10739500,-0.09839300,-0.17651200,-0.14243900,-0.13816500,-0.11701800,-0.07791400,-0.11595200,-0.07233700,-0.09494600,-0.13124500,-0.10792000,-0.10761700,-0.09067800,-0.09641300,-0.08248300,-0.14443700,-0.17895900,-0.03746800,-0.11709100,-0.05217300,-0.15904200,-0.13505200,-0.12175300,-0.06638600,-0.10310100,-0.13498100,-0.09791400,-0.10522600,-0.12292000,-0.04465600,-0.14909300,-0.09828800,-0.11708500,-0.05887700,-0.06572600,-0.11984000,-0.14784400,-0.10621000,-0.17121100,-0.04342600,-0.10939200,-0.10603400,-0.10640000,-0.07760200,-0.09435800,-0.15515500,-0.08540000,-0.08716300,-0.12439100,-0.07620700,-0.16941400,-0.12090100,-0.18897100,-0.07505000,-0.10483900,-0.11711700,-0.16855600,-0.06978100,-0.14928300,-0.07307800,-0.13233600,-0.08194400,-0.14943300,-0.09084400,-0.10480900,-0.09255300,-0.02963100,-0.09433700,-0.10067000,-0.11002600,-0.08960400,-0.09974200,-0.07932300,-0.08485800,-0.11254700,-0.16235200,-0.13854600,-0.09261500,-0.19285800,-0.08711000,-0.12310100,-0.11106800,-0.13830500,-0.00000000,-0.13032400,-0.11317400,-0.07777700,-0.08659100,-0.08035000,-0.08839500,-0.10225100,-0.09885400,-0.15582200,-0.05466600,-0.07068300,-0.10144100,-0.11786100,-0.10182800,-0.10113400,-0.09528100,-0.06699000,-0.14097000,-0.11017700,-0.12097500,-0.12947300,-0.05303000,-0.13416900,-0.10078800,-0.12368100,-0.07118500,-0.18196900,-0.07700700,-0.15248900,-0.09773200,-0.13763100,-0.16646200,-0.15955100,-0.08829000,-0.10005100,-0.15273100,-0.09799500,-0.13695000,-0.08999200,-0.10930000,-0.09372700,-0.11481600,-0.11292700,-0.08051900,-0.12381000,-0.10387300,-0.13706700,-0.10340700,-0.14645500,-0.10480200,-0.12550500,-0.08356800,-0.16556600,-0.13345700,-0.15273200,-0.10234600,-0.06379100,-0.11492400,-0.13707600,-0.09070500,-0.13091400,-0.07150600,-0.13749100,-0.12744500,-0.04440000,-0.11517100,-0.10029700,-0.12542700,-0.13765400,-0.11306500,-0.06735500,-0.12665700,-0.21482400,-0.10543400,-0.15841400,-0.12535200,-0.13615500,-0.17076400,-0.10188700,-0.12698600,-0.12125300,-0.13796600,-0.11297400,-0.10859600,-0.12784700,-0.14118000,-0.12993400,-0.13501700,-0.10181800,-0.07243700,-0.16126400,-0.12703100,-0.15894900,-0.11175400,-0.11178600,-0.00000000,-0.07287800,-0.13671000,-0.07861300,-0.06110300,-0.10547700,-0.10906800,-0.13249500,-0.07704300,-0.08578300,-0.10378100,-0.07099800,-0.11416300,-0.14673400,-0.12120900,-0.10751700,-0.09610100,-0.10702400,-0.13224200,-0.08750200,-0.11617500,-0.13368300,-0.04304600,-0.08010800,-0.13119000,-0.08311500,-0.07830700,-0.12320200,-0.04478600,-0.07208300,-0.15255800,-0.10910400,-0.12490400,-0.11324600,-0.12223400,-0.09149100,-0.10050200,-0.16939200,-0.11277000,-0.15813700,-0.09559000,-0.13621600,-0.12501500,-0.08843200,-0.07997400,-0.08030000,-0.11781000,-0.16324400,-0.18769700,-0.09429200,-0.16796600,-0.11039300,-0.07237200,-0.09825500,-0.07987900,-0.07980500,-0.08202500,-0.09164200,-0.13358200,-0.13894100,-0.07084100,-0.09618700,-0.15271200,-0.11389000,-0.08269700,-0.15804800,-0.00628900,-0.04013400,0.00003200,0.02678300,0.07582700,0.08535300,-0.02242000,-0.11350400,-0.05877400,0.02329700,0.01816100,0.03042100,0.04767200,0.03707500,0.05823100,-0.02731600,-0.04080200,-0.08752800,0.05681500,-0.03767100,-0.03923300,-0.03971000,0.01958600,0.01305900,-0.00235000,-0.01957500,0.03330700,-0.06093900,-0.07503700,-0.05019700,0.01103200,0.08020100,0.02854000,-0.03503000,0.04243000,-0.07722300,-0.03082100,0.05545700,0.02126300,0.04830700,-0.06902100,-0.05027600,0.06866900,-0.04477200,-0.01256600,-0.04042800,0.03554700,0.02178700,-0.03144100,0.03820700,-0.00024200,-0.04389900,0.06494700,0.14328700,0.01552500,0.00433400,-0.04413400,0.02931100,0.02200400,0.00515200,-0.02231400,-0.14201300,0.07429500,0.03035400,-0.00689500,0.01028100,-0.06226600,0.03245200,0.08851800,0.06054700,-0.00090000,0.08546600,-0.09718400,0.00433500,-0.01689800,0.03483000,-0.02293700,0.03571300,0.04122300,-0.01730900,0.01106600,-0.09952200,-0.02712900,0.02833400,-0.04499700,0.12764100,0.09950400,-0.02319400,0.02523900,0.00715500,0.02823700,0.10245500,-0.07533900,-0.07475800,-0.08661800,-0.04032400,-0.06313000,-0.00973500,0.03571900,0.10339300,-0.03244000,-0.01865300,0.03803600,-0.05219200,0.03154400,0.00598400,0.05844000,-0.01019700,-0.01642700,-0.04614900,-0.00876300,0.01996900,-0.02539500,0.02656200,-0.02394300,-0.01244900,0.00618200,0.03720900,-0.05827100,-0.00493900,-0.00333200,-0.00456300,0.03686700,0.02553900,-0.09243000,-0.00059500,-0.00000000,0.01407200,-0.03690300,0.01439600,0.05125200,0.01657400,-0.02391600,-0.05786500,-0.04726300,-0.03536900,-0.00956600,0.04517000,0.03168300,0.03546400,0.05017900,0.00967900,0.02932500,-0.01158400,-0.03683900,-0.00922500,-0.02367400,0.03955100,-0.04575100,-0.10792000,-0.06424300,-0.01469000,-0.04960400,0.03241600,-0.05790500,0.12500100,0.05375200,-0.00688400,-0.01117600,-0.07063000,0.05128500,0.02560600,-0.06638600,0.03646400,-0.01795400,-0.05255700,-0.04152200,-0.05481700,0.02201900,-0.04995300,0.01338800,0.00435600,0.00959500,0.05667300,0.00843300,-0.08232200,0.00717700,-0.00922500,0.03787000,-0.03311900,-0.04270900,-0.09869700,-0.00352800,-0.01997800,0.03585700,0.03264100,-0.02910200,-0.04730900,0.02012400,0.04802200,-0.03045200,-0.04336600,0.02396900,-0.06361200,0.00331000,0.03523500,-0.02937800,-0.03990800,0.01037600,0.02115300,0.04481900,0.10846800,-0.03059900,0.00111200,-0.02951700,0.09367200,0.00985000,0.01443500,-0.02877500,-0.03010300,0.06484200,0.05357100,0.08586900,0.04694300,-0.00145700,0.00962100,0.02413300,-0.05826900,0.02705800,0.02660400,-0.00168000,-0.08010400,0.00000000,-0.06788200,-0.04612500,0.00873500,0.07578900,-0.01461200,0.02513100,0.01713900,0.03199800,-0.12395800,0.04981200,0.00826000,-0.10144100,0.08499800,-0.07436700,-0.00008100,-0.00002800,0.06028000,-0.00653600,0.01487900,-0.02437900,-0.03045500,0.04207600,-0.02532200,-0.05867900,0.00713900,0.10049700,-0.00313300,0.01773600,-0.01835700,0.01738900,-0.05170400,-0.02509700,-0.00252000,0.04328700,0.01644000,0.00743900,0.01392600,-0.02175300,0.03439600,-0.04622400,0.00497400,-0.11432500,-0.04471400,0.09290100,0.00804100,0.00208800,0.05390600,0.01078100,0.03750300,0.06849400,-0.06264400,0.01187800,0.03781200,0.01920200,0.02490100,0.03228400,0.01749300,0.03497900,-0.00532700,-0.00780300,-0.06886600,-0.04007000,-0.04075800,0.08104900,0.04293500,-0.08244800,-0.06340200,-0.06595100,0.07436800,-0.04753000,0.04485400,-0.03948600,-0.10811600,0.01629900,0.04904100,-0.00102100,0.05423300,-0.05961500,0.06062500,-0.03950400,-0.05748600,0.04248500,-0.01744200,-0.05821300,0.11326300,-0.00396100,0.05278200,0.06237100,-0.05977600,-0.01667800,0.03767400,0.00984800,0.06448600,-0.06737600,0.01400600,-0.00000000,-0.01760200,0.02186400,0.06309200,-0.02708900,-0.04667000,-0.03172700,-0.13249500,-0.00700800,0.02352600,-0.00365600,0.07072600,0.01044800,0.00548700,0.02460500,-0.00772000,0.06267800,-0.10702400,-0.05199300,-0.04711100,-0.02156700,0.09824600,0.14072800,0.05216400,0.02892100,0.02808000,0.05279100,0.09022000,-0.01129200,-0.00937600,-0.00806600,0.04397200,0.00608600,0.01530000,-0.00326800,0.06115600,-0.10050200,-0.11922700,-0.03685700,-0.04458300,-0.00880200,0.01189500,0.03933100,-0.00446500,0.02449100,0.01009600,-0.05638900,0.06466600,-0.18769700,-0.05590200,-0.02191400,-0.05440100,-0.01611200,0.03689500,0.01138600,0.05310900,-0.01023500,0.03439600,0.00476300,0.03517800,0.02055200,0.08126100,0.02790400,0.10930400,-0.00712300,-0.04111300,-0.01114800,0.05671100,-0.00972000,-0.01385800,-0.01893900,0.00011400,-0.05800800,-0.04384800,0.05931600,0.06627700,0.01510200,-0.04621400,0.03469500,0.04998200,0.09019000,-0.03377700,-0.06643300,-0.00939300,0.06510100,0.00729700,-0.05384500,0.01815600,0.03833600,-0.11965900,-0.00738200,0.04127100,-0.01587200,0.01111200,-0.16195600,-0.09095900,0.09031700,0.12444100,-0.00059500,-0.00776300,0.02605800,-0.05271600,-0.06392700,0.00663800,0.00527000,0.04926900,0.01081500,-0.04925600,-0.01738700,-0.01949700,-0.04143300,-0.01825600,-0.01943200,0.04990500,0.03355100,-0.12301400,-0.05091800,-0.03843900,0.05381300,-0.01153400,0.00250800,0.05864000,-0.06984500,0.04675300,-0.02791900,0.05602600,0.08583000,-0.01464300,-0.00455300,0.00493400,-0.13310000,-0.05645900,0.02630900,-0.05867200,-0.02959400,0.03396500,0.01679900,0.00889800,0.01700300,0.03384700,-0.03458500,-0.00337700,-0.03569000,0.04647500,0.00742800,-0.08121800,-0.00668500,-0.01574200,0.01184400,-0.04740400,-0.04183700,-0.03286100,-0.06072300,0.02513300,-0.05924400,0.02010200,0.10468800,0.04755300,-0.02578100,0.00177700,0.01543500,-0.02933800,-0.02718900,-0.02726900,-0.02856500,0.04289800,-0.05241200,-0.07026700,0.04441900,-0.05142800,0.05278400,-0.04483300,-0.01510500,-0.00495700,-0.04253500,-0.06063900,0.01321300,0.01788800,0.03223500,0.02832200,0.07518500,-0.06860200,0.06211900,0.15207000,0.01744100,0.01610100,0.01100000,-0.01866100,-0.03568600,-0.04509300,-0.05430100,-0.01743100,-0.00000000,0.02004300,0.04104500,-0.04579300,0.02897200,-0.00533700,-0.08356700,0.01524600,-0.06423800,-0.05675000,-0.07952500,-0.04137900,0.03706800,-0.01739000,-0.02247800,-0.14243900,-0.03349800,-0.02603000,0.07199100,0.00004300,0.10811600,0.00516100,-0.02043400,-0.03594800,0.04624200,0.04462100,0.02722400,0.01960000,-0.07592500,0.05875600,0.03052800,0.08439800,0.00257400,-0.01807700,-0.01673600,0.01188600,-0.03298500,0.00417900,-0.03680700,-0.09791400,0.01350200,0.05362600,0.00200400,-0.01970500,0.00406700,-0.05646600,-0.05887700,0.07520500,0.06196100,0.06205400,-0.03001300,-0.06193900,0.01966800,-0.00580500,-0.03599500,-0.10640000,0.03990500,-0.09360000,-0.01521400,0.06209400,0.03490300,0.00942100,0.02999500,0.01952700,-0.09667800,-0.03677000,-0.02027100,0.00582900,0.06082900,0.06029200,-0.03420800,-0.01646400,0.03722000,0.13301400,0.05660400,0.03498900,-0.00256800,0.01258900,-0.05451100,0.13724100,-0.01091000,0.05341600,0.03576700,-0.02075400,-0.00397800,-0.07932300,0.00369300,0.06356900,-0.04597400,-0.04551800,0.06281600,0.01239000,0.04050000,0.07716200,-0.09193400,-0.08497300,0.00000000,0.06732400,0.01587000,-0.02608100,-0.02577600,0.04452900,0.02584400,-0.06094700,0.05529700,0.06556200,0.08483300,-0.02733700,0.00016100,-0.01679900,-0.10182800,-0.04194500,-0.03898400,0.04239000,0.02111000,-0.09451400,-0.02478100,-0.06689100,0.09066300,0.00014600,-0.10078800,0.02021000,0.05689400,-0.00483300,0.03561300,0.07241100,-0.01924600,0.02393900,-0.02829600,-0.04270100,0.03593700,0.05088400,0.01104200,0.03921600,-0.13695000,0.01844600,0.01476100,0.01766000,-0.02802600,0.03609000,0.05926400,0.02921700,-0.01422600,0.03702900,0.08983100,-0.02530900,0.01051600,0.06922600,-0.02343400,0.01752300,-0.01721200,0.06244000,-0.01692800,0.07865200,0.01318800,-0.04404600,0.00423300,-0.11332100,-0.02910400,0.00715900,0.06600700,0.06969300,-0.01244200,-0.01531300,-0.05198700,-0.03194900,-0.05011300,-0.01966100,0.00454500,-0.05144100,0.00371700,0.02938600,-0.02044100,0.05250600,-0.09117400,0.10409500,-0.00225600,-0.02439800,0.04894200,-0.00992800,-0.06900300,0.05448900,-0.03810200,0.02930700,0.03553100,0.03549100,0.00477800,-0.06536100,0.03879200,0.05641600,-0.03055600,-0.00110900,-0.00000000,0.05115400,-0.01791600,-0.00641300,0.05651500,0.01585900,-0.03606200,-0.04583700,-0.01594100,-0.02159800,0.02256400,0.11079000,0.06822000,-0.06749100,-0.01367700,0.06413500,-0.05238800,0.13030000,0.06332400,0.01402900,-0.04352500,-0.00210100,0.10207100,-0.02656600,-0.03489200,-0.03109600,0.01307000,-0.06230800,-0.00598500,-0.00072800,-0.08177100,0.00207300,0.12492500,-0.00679800,-0.06023700,0.05807100,-0.02839200,0.03284600,0.02594300,0.01696900,-0.04479800,0.03943600,0.01076900,0.00082600,-0.03049000,-0.01410400,0.00796300,0.05784000,-0.09002700,-0.03053000,0.01365700,-0.06835400,0.00824700,0.02128000,-0.01836600,-0.02476800,0.02948600,-0.03013600,-0.02030800,0.05888200,0.00056400,0.05196500,0.00698300,-0.05725200,0.12358500,-0.02259274,-0.02695833,0.00569282,-0.03152315,-0.02779465,0.00118108,0.01878141,-0.02983527,0.00452513,-0.02180429,-0.02317351,-0.00486077,-0.03208167,-0.04668458,-0.02452971,0.04288594,0.01930810,0.00102975,0.02434712,0.02404039,-0.01874959,-0.00592330,-0.00769579,-0.02894746,-0.05032514,-0.01943810,-0.01291399,-0.01344716,0.01782585,-0.01411985,0.00859505,0.00617367,-0.02090929,0.01197571,-0.00889905,0.00750764,-0.01038725,0.02551115,-0.00944487,0.00955776,0.02627312,-0.00954838,-0.04187012,-0.00143615,0.00072176,0.00173736,-0.00803759,0.01639323,0.02462266,-0.01464702,-0.03179598,-0.02254957,-0.00166698,0.00880095,-0.02292153,0.01472543,0.03902500,0.02202913,-0.00896496,-0.01315140,0.02257410,0.04181845,0.01506836,0.02172072,0.01486060,0.00674781,0.00546912,-0.04265800,0.02033734,-0.01109666,-0.02870036,0.02354748,-0.05864262,-0.01181529,0.05904085,0.01977567,-0.03308569,-0.01126888,0.00204735,0.00826652,-0.01683059,-0.00009001,0.00641310,-0.02990775,-0.04209050,-0.02965361,-0.02202753,0.02305077,0.00455817,-0.03210387,-0.02189514,0.02450812,-0.00698597,-0.03628192,0.00518535,0.01911920,0.01220548,-0.03012881,0.00527267,-0.02040958,-0.01626457,-0.03422911,-0.01642908,0.02004103,0.03469046,0.01094378,-0.01375067,-0.02428151,0.00790068,-0.03246611,0.02619089,0.01595451,0.03613252,-0.00038726,0.01181798,0.03587524,-0.03644880,0.00539034,0.05697028,-0.01091111,0.01088598,0.00764975,-0.02532876,-0.01780084,-0.02561811,-0.04725730,0.01225361,0.00000000,0.00280607,0.00245666,0.03214434,0.00633035,0.07890527,-0.00729678,0.01916753,-0.02490274,0.01372329,-0.00755237,-0.00464148,0.02052820,0.03698116,0.01930835,-0.03685149,0.01077470,0.00947607,-0.00156327,-0.03571227,0.00619773,-0.01463803,0.04308966,-0.00201490,0.05476850,0.02290639,-0.02771484,0.00260979,-0.01078870,0.02428051,-0.02066197,-0.03169526,0.02083725,0.00115186,0.03116906,0.01238955,0.02843203,-0.04766510,0.00029368,-0.00918923,-0.02117588,0.01273045,0.00204110,0.05266299,-0.00172803,-0.05620291,-0.02160996,0.00270682,0.02611441,0.01559162,-0.02004827,0.03849578,0.02751081,-0.02278487,0.00031973,-0.01378392,0.00907545,-0.04359055,-0.00346892,0.00683287,0.00292157,0.05337125,-0.02533648,0.01603248,-0.01961319,0.00952017,-0.04324039,-0.01046707,0.03545673,0.02060544,0.00932371,0.00793343,0.02983193,0.01879490,0.00916357,-0.00411068,0.03491340,-0.00628993,-0.02989715,0.00548771,0.00176647,0.06711771,0.04247791,-0.00491877,-0.04188603,-0.00303840,-0.03805649,-0.03935759,-0.01933877,-0.00533175,0.01988739,-0.01338792,-0.00076537,-0.00629487,0.01475509,-0.04101660,0.00000000,-0.02022016,-0.00818504,0.00198954,0.02340449,0.01500816,-0.00700809,0.03388156,0.01720439,0.03309122,0.02460157,0.01277635,0.01556279,-0.02045980,-0.03718970,-0.01621009,-0.00612280,-0.04169915,0.01202788,-0.00813025,0.01096210,-0.02356858,0.01277861,0.01206620,-0.01916452,0.00272268,-0.01289370,0.03798606,0.00137784,0.01285953,-0.00972153,0.00870882,0.03133748,-0.01653643,0.03332375,0.03486698,0.02689504,0.05537474,0.01995353,0.00088301,-0.00431815,0.03517910,-0.00278987,0.00022505,-0.00418946,0.05155267,0.01302621,0.01825654,-0.02579420,-0.03828650,0.00657619,0.02529841,0.01750258,-0.00259988,0.04702220,0.05725755,-0.00354681,0.03620719,-0.03010032,0.01835292,-0.00034355,-0.03908887,0.01835312,0.00375466,-0.01645078,0.02932090,-0.01683197,-0.03916092,0.00733179,-0.08367486,-0.00552269,0.01850138,-0.00482937,0.03438991,-0.04991506,-0.00776325,0.00390467,0.01568409,-0.03211540,-0.06538737,-0.01099727,0.00402585,-0.04535465,0.03347913,0.00914024,0.01561015,0.00207858,0.02538129,0.02835661,0.00231118,-0.02960007,0.00086179,0.00283762,0.00411685,-0.02555861,0.01770657,0.00000000,0.01397866,0.02506714,-0.02388999,-0.01704728,0.00554439,-0.00050562,-0.02093824,-0.01265661,-0.05316094,-0.02210372,-0.00317424,-0.01985165,0.01433508,-0.01029737,0.01511432,0.00859388,-0.00137787,-0.06095970,0.00406138,-0.00429883,-0.00465952,-0.01000277,-0.00296777,0.02855320,-0.00976128,-0.00800971,-0.01637189,-0.03480144,-0.01655589,0.01235256,0.00751844,0.02390294,0.00569593,0.00122998,0.05019471,-0.02428238,0.00482599,0.01477430,0.01488467,0.00831312,0.00862613,0.00764939,0.03980883,-0.02067033,0.01800838,-0.02964690,0.00461583,-0.00754734,0.00921196,0.03151315,-0.00536456,0.00663139,0.02055355,0.00713079,0.01536958,-0.02184498,-0.00228381,0.02662140,0.03881458,-0.00166684,0.01415456,0.01674096,0.01502581,-0.01958691
