e0,e1,e2,e3,e4,e5,e6,e7,e8,e9,e10,e11,e12,e13,e14,e15,e16,e17,e18,e19,e20,e21,e22,e23,e24,e25,e26,e27,e28,e29,e30,e31,e32,e33,e34,e35,e36,e37,e38,e39,e40,e41,e42,e43,e44,e45,e46,e47,e48,e49,e50,e51,e52,e53,e54,e55,e56,e57,e58,e59,e60,e61,e62,e63,e64,e65,e66,e67,e68,e69,e70,e71,e72,e73,e74,e75,e76,e77,e78,e79,e80,e81,e82,e83,e84,e85,e86,e87,e88,e89,e90,e91,e92,e93,e94,e95,e96,e97,e98,e99,e100,e101,e102,e103,e104,e105,e106,e107,e108,e109,e110,e111,e112,e113,e114,e115,e116,e117,e118,e119,e120,e121,e122,e123,e124,e125,e126,e127,e128,e129,e130,e131,e132,e133,e134,e135,e136,e137,e138,e139,e140,e141,e142,e143,e144,e145,e146,e147,e148,e149,e150,e151,e152,e153,e154,e155,e156,e157,e158,e159,e160,e161,e162,e163,e164,e165,e166,e167,e168,e169,e170,e171,e172,e173,e174,e175,e176,e177,e178,e179,e180,e181,e182,e183,e184,e185,e186,e187,e188,e189,e190,e191,e192,e193,e194,e195,e196,e197,e198,e199,e200,e201,e202,e203,e204,e205,e206,e207,e208,e209,e210,e211,e212,e213,e214,e215,e216,e217,e218,e219,e220,e221,e222,e223,e224,e225,e226,e227,e228,e229,e230,e231,e232,e233,e234,e235,e236,e237,e238,e239,e240,e241,e242,e243,e244,e245,e246,e247,e248,e249,e250,e251,e252,e253,e254,e255,e256,e257,e258,e259,e260,e261,e262,e263,e264,e265,e266,e267,e268,e269,e270,e271,e272,e273,e274,e275,e276,e277,e278,e279,e280,e281,e282,e283,e284,e285,e286,e287,e288,e289,e290,e291,e292,e293,e294,e295,e296,e297,e298,e299,e300,e301,e302,e303,e304,e305,e306,e307,e308,e309,e310,e311,e312,e313,e314,e315,e316,e317,e318,e319,e320,e321,e322,e323,e324,e325,e326,e327,e328,e329,e330,e331,e332,e333,e334,e335,e336,e337,e338,e339,e340,e341,e342,e343,e344,e345,e346,e347,e348,e349,e350,e351,e352,e353,e354,e355,e356,e357,e358,e359,e360,e361,e362,e363,e364,e365,e366,e367,e368,e369,e370,e371,e372,e373,e374,e375,e376,e377,e378,e379,e380,e381,e382,e383
-0.036944,0.037105,0.024162,0.053213,0.030330,0.024597,0.050460,0.007296,0.033751,-0.066519,-0.055510,0.047346,-0.021239,0.041558,0.014784,0.073713,-0.002746,-0.156038,-0.010369,0.085590,-0.043139,0.001074,0.091183,0.044206,-0.048761,-0.009971,0.091168,0.048094,0.017255,-0.097130,-0.074302,0.108593,-0.069830,-0.035065,0.078229,0.012174,-0.004237,-0.106703,0.053547,-0.031477,0.074205,0.023578,-0.023090,0.061252,0.027025,0.030069,0.000105,0.057302,0.125995,0.030414,-0.060412,-0.040044,-0.034228,-0.025238,0.037471,0.028400,0.018242,-0.036485,0.092183,-0.012849,-0.011735,0.023374,-0.074169,0.091289,0.075078,-0.032049,-0.009124,-0.001962,-0.093734,0.063017,0.025812,-0.010543,0.033172,-0.037450,-0.023059,0.023201,0.007319,0.004723,0.120815,-0.002839,-0.067719,-0.004923,-0.027558,0.021014,0.015002,0.021485,0.013708,0.022248,-0.010858,-0.019565,-0.084815,0.034207,0.002810,-0.018027,0.040439,0.025081,-0.038645,-0.039695,-0.027574,0.110583,0.081765,0.040595,-0.031044,0.066576,0.002985,-0.058722,-0.052213,0.037965,-0.106229,-0.077356,0.032589,-0.003315,-0.008488,-0.021816,0.046118,0.111836,-0.052587,0.075836,-0.024651,0.054336,-0.004679,-0.022301,0.019547,0.003885,-0.041774,-0.018160,0.037379,-0.000000,0.116884,0.075630,0.030716,0.066228,0.004868,-0.002585,0.027343,-0.029278,-0.014273,-0.013334,0.051158,0.059468,-0.074861,-0.011561,-0.048247,0.070726,-0.055946,0.086309,0.036762,0.004922,-0.029193,0.032345,0.034372,0.091888,0.048591,-0.068334,-0.015472,-0.103879,0.013489,-0.005419,0.024913,-0.011109,0.034291,0.046251,0.040704,-0.025646,0.015609,-0.008914,-0.098788,0.001076,-0.008430,0.036459,0.023873,-0.035941,-0.029464,-0.032055,-0.013224,0.021080,-0.046681,-0.056569,0.005044,0.030969,-0.066366,-0.034320,-0.074631,-0.032116,-0.038640,0.041360,0.075971,0.082629,-0.047760,0.042590,0.029332,-0.069189,-0.138771,-0.053037,0.005941,-0.015062,0.093690,-0.032161,0.035699,-0.025350,0.048139,0.066713,-0.009779,0.002317,-0.016984,-0.011329,0.055618,-0.028798,0.065751,0.030634,0.065014,-0.064869,0.060403,0.060146,0.060825,-0.006727,-0.028649,-0.021472,-0.046758,0.040758,0.037488,0.034811,-0.120043,0.000000,0.068000,0.015257,-0.134446,0.054010,-0.038428,-0.037939,0.038669,0.029502,-0.135200,0.003400,-0.013114,-0.080360,0.058859,0.001370,0.063108,-0.035007,0.086173,0.029501,-0.024641,0.023418,-0.107598,0.050154,-0.019488,0.050978,-0.038891,0.041929,0.002312,0.053740,-0.038701,-0.046073,0.032381,0.014353,-0.052621,0.003096,0.025234,0.077116,0.006011,-0.049724,-0.007053,-0.076735,0.015782,0.047614,-0.074191,0.100615,0.031193,-0.072086,0.010487,0.050512,-0.006145,0.036800,-0.020198,-0.028706,0.016143,0.002321,-0.024105,-0.059360,-0.007576,-0.064557,0.041367,0.026520,-0.135303,0.032881,0.017654,0.017873,0.066432,0.011369,-0.102739,-0.002185,0.022270,-0.058520,-0.013488,-0.076026,0.049203,-0.027721,0.034924,0.011549,0.014464,-0.075404,-0.024188,-0.033119,-0.041188,0.037037,0.045301,-0.011347,0.002625,-0.119298,0.081139,0.021342,0.022053,-0.027756,-0.007256,0.002057,-0.055006,-0.023841,0.017379,-0.000000,-0.024576,0.019016,0.000007,0.047111,-0.010971,-0.000740,-0.035455,-0.009999,-0.014938,0.012397,0.058206,0.104691,-0.076607,0.009921,0.021011,0.002804,0.011130,0.008873,-0.057371,-0.024780,-0.032162,0.042026,0.044918,0.005706,0.095843,0.022630,-0.112378,0.075982,0.039413,0.034921,0.028385,0.090513,-0.109152,-0.013630,-0.022819,-0.012799,0.061576,0.089823,0.013044,-0.058932,-0.045795,-0.017677,-0.002139,-0.101250,-0.022907,-0.032003,0.012309,-0.062262,-0.058425,-0.003504,-0.002754,-0.081826,0.019668,0.047166,0.017693,-0.043980,0.038330,-0.023713,-0.046882,-0.023648,0.011078,0.056513,0.064446,0.066319
-0.035902,0.014799,-0.008723,0.041333,-0.034445,0.014880,-0.006848,-0.010805,-0.027427,-0.030730,-0.031421,-0.052442,-0.038571,-0.062457,-0.021217,-0.050550,0.020401,-0.079245,-0.035988,0.068169,0.014700,0.007075,-0.004311,0.008061,0.061442,-0.006177,0.001187,-0.012151,-0.088011,-0.007857,-0.075378,-0.008597,-0.071329,0.026447,0.083247,0.001999,0.028932,0.071957,-0.015377,-0.047279,-0.029761,-0.015732,0.018188,-0.051855,0.027859,-0.070367,-0.021326,-0.009371,-0.055048,-0.065542,-0.052586,-0.046106,-0.065965,0.063052,0.018416,-0.079491,-0.073282,0.075762,0.056283,0.054603,-0.048651,0.003656,-0.010648,0.066239,0.015298,-0.042789,-0.016282,-0.006699,-0.028779,0.038553,-0.067360,0.040333,-0.074516,0.031337,0.056959,-0.077762,0.008280,0.027485,-0.005502,0.059831,0.006605,-0.127282,0.004036,0.086475,-0.028129,0.045592,-0.029595,0.078373,-0.084550,0.026079,-0.120613,0.019546,0.046802,-0.023029,0.090854,0.052478,0.026510,-0.050011,-0.093393,0.051399,0.041054,0.020592,-0.003353,-0.031865,-0.014711,0.074720,-0.047124,-0.000219,-0.034548,0.011922,-0.075172,-0.015258,0.085346,-0.065076,-0.054232,-0.089501,0.048871,0.040733,-0.069145,0.031938,-0.040560,0.027986,0.015053,0.018140,-0.019274,-0.080893,-0.036076,-0.000000,0.038042,-0.039439,0.046647,0.007036,-0.024184,0.043833,-0.062737,0.000180,0.136203,0.052979,-0.006272,0.053186,0.016198,-0.033682,0.147524,0.074148,0.053475,0.050972,-0.046613,-0.056332,0.075960,0.023720,0.022563,0.017367,0.066869,-0.014644,0.017997,-0.031985,0.073968,0.003352,-0.079414,-0.042730,-0.078588,0.038426,-0.010115,0.013322,0.012545,-0.093513,-0.025748,0.008239,-0.068680,0.013225,-0.018463,0.009417,-0.031397,0.031048,0.102498,-0.055349,-0.011261,-0.021499,0.009150,0.099226,0.017236,-0.077150,0.110366,0.009075,0.004850,0.009651,-0.036955,0.084951,-0.015505,-0.046185,0.014030,-0.054393,-0.115043,0.047413,-0.086396,-0.017998,0.100273,0.020866,0.028378,0.002098,0.039112,-0.048851,0.036372,0.030547,0.034152,-0.022033,-0.021100,-0.022062,0.015630,-0.003686,0.021102,-0.016938,-0.037645,-0.035390,0.063908,-0.011846,-0.000686,-0.071189,0.024631,-0.000381,0.009801,-0.136838,0.007362,0.000000,-0.040607,-0.065203,-0.021390,0.077797,0.017932,0.050134,-0.066010,0.071055,0.062471,-0.009657,0.024983,0.045924,0.029257,-0.012587,-0.057594,-0.032117,0.014653,0.016363,-0.059447,0.031508,-0.044749,0.166585,-0.052602,0.045097,-0.057317,0.156087,-0.000223,-0.021716,-0.006649,0.031084,0.013982,0.022291,-0.031216,-0.031773,-0.004657,0.077395,0.024214,0.049205,-0.017313,-0.013681,0.026328,0.010564,-0.001728,-0.013564,-0.006483,-0.009578,0.015603,0.012622,-0.043665,0.015314,-0.025220,-0.080070,0.007217,0.063671,0.055653,0.070846,0.020700,0.057147,0.119310,-0.000996,0.032334,0.072616,0.004295,0.053288,0.012039,0.038948,-0.090032,0.051631,-0.007389,-0.098907,0.019583,-0.030140,0.052050,-0.038662,0.056005,0.078069,-0.009292,0.006266,-0.031068,-0.115273,0.072752,-0.028811,0.024841,0.058477,0.061580,0.022830,0.005702,-0.011612,0.132805,-0.018518,0.002731,-0.017101,0.006592,0.033671,0.012549,-0.000000,0.008428,0.015234,-0.006637,-0.033919,-0.009364,0.049941,0.010787,-0.004380,0.014998,0.011405,0.019181,-0.016829,-0.105524,-0.002638,0.028468,0.039181,0.003098,0.012102,-0.043101,-0.037714,-0.037323,0.080098,-0.027739,0.083167,-0.042896,0.081281,-0.049648,0.038989,0.040626,0.098540,0.008748,-0.085624,0.011988,0.066899,-0.005303,-0.005541,-0.025990,-0.010503,-0.149610,-0.126670,0.009017,0.035653,-0.014859,0.036308,-0.026588,-0.100484,-0.003542,-0.045640,-0.037233,-0.073138,-0.045898,0.075156,-0.051900,0.029117,0.019232,0.010191,0.000444,0.023440,-0.074058,0.035387,0.141972,-0.051041,0.013436,-0.000610
0.059157,-0.032042,0.097135,-0.004699,-0.019063,-0.031187,-0.145792,0.066124,-0.036715,0.027909,0.014751,0.004868,0.015012,-0.012345,-0.058468,0.072367,0.038076,-0.130435,-0.098378,0.068534,0.095087,0.069722,0.060480,-0.042556,-0.016671,-0.114716,-0.033011,-0.040638,-0.057441,0.109855,-0.009662,0.055585,0.117448,-0.021855,0.023500,-0.034706,0.068299,-0.014440,0.012501,0.000807,0.013425,-0.011942,0.033538,0.026213,0.035939,0.078390,-0.036961,-0.023420,-0.001023,0.011238,-0.061764,0.067442,-0.043902,0.022932,-0.005993,-0.011392,-0.052247,-0.060576,0.058856,0.006584,0.008732,-0.019592,-0.041611,-0.020568,0.023770,-0.048621,-0.062697,-0.005089,-0.022942,-0.020864,-0.040425,0.072614,-0.035488,-0.040833,0.067428,-0.022561,0.014975,0.019224,0.038212,-0.062840,0.072044,-0.051202,0.040403,-0.046324,-0.064124,0.046895,-0.015441,0.098912,-0.004851,0.037212,-0.040441,-0.140036,-0.084116,0.061983,-0.024620,0.046048,0.015015,-0.082029,-0.036036,-0.020229,-0.003365,-0.027133,-0.056154,0.031095,-0.010854,0.037489,0.085384,-0.013448,-0.015548,0.042848,-0.010463,-0.028590,-0.096276,0.007611,-0.028213,-0.051999,-0.002086,0.042668,0.006374,0.049797,0.022830,0.052999,0.065451,0.082763,0.053955,-0.010660,0.036965,-0.000000,0.012874,0.048584,0.114214,0.004615,0.006192,-0.030993,-0.059336,0.015316,0.044038,0.125161,-0.066433,-0.020054,-0.035504,0.014983,0.064695,-0.006161,0.016521,0.051641,-0.148745,0.066736,0.019725,-0.072265,0.062804,-0.040515,0.048509,-0.017826,-0.057232,0.030445,-0.054044,-0.036940,-0.022857,-0.001613,-0.009152,-0.042505,-0.053991,-0.026919,0.040038,0.021598,0.012714,0.018980,0.076139,-0.003898,0.018059,-0.005420,0.043004,0.010342,-0.007171,-0.085454,0.001528,0.049139,-0.052083,0.107399,-0.010062,0.028101,0.122606,0.004782,0.073336,-0.024980,-0.008736,0.053981,-0.066666,0.047188,0.003004,-0.051063,-0.026404,-0.000922,-0.023508,0.094686,-0.069541,0.053971,0.056645,-0.070261,-0.016196,0.071441,-0.047376,0.044153,-0.028634,-0.033099,0.083321,0.126789,-0.035774,0.082459,-0.005947,-0.091895,0.048075,-0.014672,0.016766,0.046571,0.007432,-0.030773,-0.007716,-0.033181,-0.060503,0.018117,-0.015119,-0.000000,-0.012023,0.097013,0.001193,-0.000875,-0.015040,-0.050312,0.030646,0.145761,0.055682,0.057971,-0.104232,0.022487,0.104415,0.035657,0.050331,-0.003539,0.038650,-0.059979,0.018080,-0.077270,-0.022970,-0.012734,0.006501,0.019989,-0.035816,-0.027352,0.020478,-0.038668,-0.097166,-0.104178,-0.056103,-0.076275,0.014649,-0.022108,-0.019847,-0.014472,0.016980,-0.037587,-0.024292,-0.040420,0.028714,0.046541,0.055205,-0.041029,-0.015695,0.007297,-0.016818,-0.003446,-0.011144,-0.046015,0.000177,0.032480,-0.097835,0.007626,0.028260,-0.062552,-0.023846,0.022247,-0.021498,-0.012598,0.060680,-0.026124,-0.093341,0.046146,0.006089,0.054042,0.000404,-0.019107,-0.041664,0.019868,-0.004894,-0.060952,-0.074451,0.026994,-0.018221,0.020505,0.068688,0.015313,0.116111,0.010817,-0.018370,-0.023568,-0.012350,-0.028931,-0.014214,-0.000949,0.021877,-0.118230,0.002207,-0.001410,-0.044498,-0.030004,-0.133569,-0.082448,0.000541,-0.000000,0.000150,0.085343,-0.012515,-0.025545,0.042122,0.023038,0.050254,0.044653,-0.033272,-0.094089,0.021253,-0.051523,0.023957,0.053410,0.067828,-0.073705,-0.073981,-0.003770,-0.020957,0.041132,0.007603,0.079696,-0.036284,-0.015664,0.026180,0.027879,-0.022656,-0.002641,-0.093702,-0.014936,0.031758,-0.065103,-0.032399,-0.064754,-0.005160,0.013816,-0.055428,0.028035,0.000509,-0.002466,-0.055272,-0.049667,0.056365,-0.000700,0.022571,0.001521,-0.008882,-0.029538,-0.041494,-0.080610,0.055820,0.045107,0.001777,-0.050543,0.104171,0.020773,-0.009382,-0.041207,-0.096821,-0.039853,0.028153,-0.061277,-0.082887,0.048140
0.054387,-0.010525,0.108550,0.017796,0.033448,-0.004709,-0.139152,0.024816,-0.038495,-0.023449,-0.026480,0.126426,-0.033122,0.008432,0.027422,0.027358,-0.080747,-0.036192,0.003462,-0.011633,0.002605,-0.011807,0.073940,0.062036,0.029346,-0.071660,-0.085773,-0.002813,-0.000430,0.044923,-0.026308,0.076337,0.137214,-0.019492,0.001049,-0.063072,-0.006796,0.057324,-0.017610,-0.018584,0.058001,-0.073542,0.025614,0.013202,-0.113378,0.048642,-0.020962,-0.025881,-0.026238,0.100642,-0.023357,0.096954,-0.013825,0.000531,0.049379,-0.023748,-0.075355,0.035358,-0.014211,0.030570,-0.060229,0.035632,-0.036835,-0.020673,-0.073517,-0.017708,0.008962,0.034538,-0.040318,0.051210,-0.037283,0.043305,-0.106867,0.031257,0.065736,0.011471,0.022306,0.085493,0.103427,-0.050156,-0.008402,-0.056848,0.055354,-0.048666,-0.001882,0.006656,0.026853,-0.020365,-0.061264,0.033342,0.006687,-0.100414,-0.012665,-0.007595,-0.014112,0.037989,-0.043277,-0.048378,-0.013330,0.041297,-0.043579,0.043376,-0.009277,-0.012245,-0.034393,0.004351,-0.007759,0.022014,-0.021608,0.008923,0.075047,0.051817,-0.075272,0.000263,-0.016462,-0.002535,-0.057047,0.040904,0.045720,0.051365,0.061841,0.081823,-0.090051,0.080353,0.004836,-0.012404,0.040878,-0.000000,0.008186,0.019815,0.029606,0.021349,-0.072306,0.027247,-0.095823,0.002747,0.002952,-0.029133,0.001037,0.050134,0.016858,-0.011219,0.103103,-0.076276,-0.030683,0.117873,0.033191,-0.064713,0.045720,-0.124047,0.058540,0.066168,0.082266,-0.076254,0.031560,0.025947,-0.032858,-0.029320,0.098621,0.041842,-0.024477,-0.011884,-0.054649,-0.043045,0.114406,0.046449,0.025710,0.013865,-0.006019,0.012915,0.016090,0.010129,0.026400,-0.022126,0.102279,-0.027584,-0.100087,0.024826,-0.009081,0.018539,0.003312,-0.033153,-0.017379,0.009377,0.055656,-0.032632,0.001099,0.007838,-0.016104,0.050720,0.012077,0.002581,-0.031376,0.096985,0.046676,0.073024,-0.067198,0.067848,0.036774,-0.060787,-0.032336,0.016482,-0.021629,-0.062265,0.064967,-0.038928,0.029018,0.028417,-0.002105,-0.018237,0.063938,-0.076041,0.066545,-0.052484,0.040988,-0.029984,0.058057,-0.066548,0.017326,-0.054096,-0.011372,0.069428,0.017047,0.000000,-0.025605,-0.025991,0.029780,0.059179,0.020978,-0.046663,-0.005173,0.192910,0.020516,-0.019551,0.030654,-0.043658,0.030419,0.039224,-0.011651,-0.034980,0.030739,-0.024374,-0.038157,-0.066206,0.052285,-0.016432,-0.029389,-0.008201,-0.008138,0.003031,-0.090188,0.029115,-0.075562,0.004650,-0.078074,-0.061097,-0.052658,-0.043775,-0.012777,-0.007960,0.054503,-0.001270,0.002583,0.052268,0.057876,-0.052905,0.023495,0.036119,0.034126,-0.021690,-0.006856,-0.013245,0.005659,-0.044564,-0.052089,0.021476,-0.125420,-0.037267,-0.023006,0.050759,-0.029178,-0.005444,-0.069728,-0.081548,-0.037253,0.012903,-0.022123,-0.030217,0.075550,0.028527,0.021387,-0.135142,-0.029354,-0.003258,0.041020,-0.037210,-0.099274,0.047106,-0.074045,-0.019609,0.040379,-0.000663,0.028324,0.049656,-0.072225,-0.035277,-0.005845,-0.038353,-0.059396,0.013767,0.000344,-0.009768,-0.056147,0.079607,-0.075626,-0.026061,-0.050282,-0.041768,-0.029956,-0.000000,0.048752,0.078048,-0.027693,0.039027,0.145668,0.002537,0.036507,0.077532,0.006181,-0.027573,0.096700,0.051346,0.111133,0.028298,0.010860,0.019376,-0.045156,-0.006619,-0.028611,-0.023628,-0.046638,0.091887,-0.001144,0.011486,-0.033995,-0.020322,-0.050185,0.110288,-0.032619,-0.083547,0.026401,-0.003723,0.009688,-0.037060,-0.006893,-0.060842,-0.076700,-0.015951,0.016991,-0.014705,-0.027112,0.008746,0.042866,0.073906,0.043657,-0.071249,-0.042856,0.054818,-0.013681,-0.073650,0.105849,0.012381,0.015826,0.009259,0.104467,0.016983,-0.028423,-0.022435,-0.051878,-0.055770,-0.023647,-0.109112,-0.038656,0.036066
0.010884,-0.089443,0.013629,-0.028821,0.018990,0.055435,-0.068651,0.021023,0.041739,-0.027771,-0.038515,0.027549,-0.000279,-0.009402,0.002189,0.009160,0.025713,-0.106866,-0.022018,-0.034856,0.011072,-0.047661,0.027819,-0.045846,0.073686,-0.036765,-0.044099,0.046944,-0.050924,-0.055850,-0.029860,0.064580,0.036759,0.038370,-0.026359,0.025375,-0.062073,0.046269,0.061437,-0.057300,0.036707,-0.043924,-0.014937,-0.007116,-0.016498,-0.088560,0.029800,-0.040999,-0.077028,0.062920,-0.008066,-0.029394,0.021920,-0.004704,-0.064142,0.067793,-0.100695,-0.091693,0.035358,0.013217,-0.018641,-0.036892,-0.031163,0.035314,0.053193,-0.067896,-0.000522,0.050918,-0.094254,-0.019931,0.049740,-0.074257,-0.073584,-0.077992,0.044932,0.066219,0.033798,0.117643,0.065499,-0.056984,0.013580,0.005901,-0.044485,-0.068637,-0.060532,0.043449,0.018061,-0.017635,-0.015605,0.045024,0.038962,-0.091624,0.049615,-0.006749,-0.019896,0.106773,-0.026642,-0.031761,0.060538,-0.015288,-0.012115,0.084981,0.017522,-0.033001,-0.055616,-0.038311,-0.009955,-0.090243,-0.010767,-0.026146,-0.002914,0.041697,-0.017581,0.050945,-0.031323,0.058829,-0.020008,0.007859,-0.020509,-0.074327,0.019770,0.010650,0.037230,0.047097,-0.060937,0.077439,-0.177640,-0.000000,0.050298,-0.000419,-0.074381,0.057834,-0.029044,-0.031280,0.019618,-0.023747,-0.012106,-0.047988,-0.070236,0.027795,0.031592,-0.006553,0.056239,0.005960,-0.006314,0.106215,0.030557,0.001011,-0.047120,0.048113,-0.019295,0.075741,0.025765,-0.063072,-0.025613,0.007210,-0.070798,0.005068,-0.039258,0.035496,-0.010365,0.029399,0.012035,0.072440,-0.074122,0.013814,0.020310,0.029722,-0.014062,0.025614,-0.098352,-0.010170,0.029956,-0.019756,0.025173,-0.018908,-0.026138,-0.020360,-0.022713,0.011639,-0.062723,0.015096,0.000693,0.043346,-0.047041,-0.116601,0.033371,0.048506,-0.040661,-0.017581,-0.016032,0.042196,0.006546,0.084222,0.128921,0.014416,-0.031582,-0.009619,0.014276,-0.102197,0.032337,0.026032,0.045299,0.002231,-0.029869,0.028460,0.133023,0.084642,0.003800,0.014444,0.058924,-0.020720,0.011281,-0.009325,0.074493,-0.016036,-0.050148,-0.009047,-0.049087,0.003460,-0.042001,0.047805,0.067507,-0.000000,-0.001452,0.019710,-0.009509,-0.044272,-0.103284,-0.057430,0.031109,0.096952,0.026269,-0.065802,-0.047459,0.057342,-0.002667,-0.000782,-0.049169,-0.019741,0.079101,-0.094676,0.026277,0.009258,0.146460,-0.019712,0.011116,0.085833,0.022687,-0.006690,-0.000661,-0.047170,-0.104203,-0.039391,0.010007,-0.029462,-0.020328,0.133595,0.074808,-0.022059,0.061532,-0.003475,-0.012843,-0.026891,0.054170,0.023444,-0.057268,-0.016573,0.037836,0.016231,0.040438,0.093348,0.062981,0.007758,0.044521,0.118499,-0.085035,0.016712,-0.044638,-0.014392,0.076870,-0.089685,0.051658,0.012367,0.009027,0.074840,0.044511,-0.049441,-0.041754,0.027734,-0.067972,-0.023615,0.010339,-0.019596,0.072562,-0.060122,-0.024948,-0.028174,-0.015495,0.037613,0.062426,-0.042520,0.003300,0.010530,-0.073697,0.062653,0.053881,-0.003560,-0.007646,0.035671,-0.000099,-0.028577,0.010365,-0.052631,-0.129030,-0.063770,-0.008277,-0.019925,-0.037900,-0.000000,0.009336,-0.040257,-0.011486,0.044792,-0.015857,-0.036604,-0.057691,0.055813,0.072319,0.055103,0.058014,0.000697,-0.060307,-0.003488,-0.048418,0.105205,-0.025754,0.032448,-0.026493,-0.038170,-0.035169,0.032394,0.097374,0.053567,0.054809,-0.025667,-0.110049,-0.000006,-0.027331,0.029693,0.048812,-0.021440,-0.001466,0.030773,0.048246,-0.060757,0.001215,-0.018804,0.031914,0.039544,-0.031198,-0.001824,-0.021773,0.040850,0.030937,-0.166834,-0.058036,-0.066920,0.046280,-0.094581,0.044805,0.050654,-0.001557,0.070241,0.109061,0.030526,-0.043938,0.025307,-0.049884,0.023519,0.013314,-0.121254,-0.007716,0.002434
0.081037,-0.055465,0.028806,0.014791,0.004288,0.026453,-0.030497,-0.041300,0.029102,-0.019355,0.112240,0.077366,-0.017404,0.101338,-0.003559,-0.025807,0.011259,-0.018803,0.016933,-0.010508,0.057123,-0.082863,-0.007422,-0.031450,0.051256,-0.014352,-0.023039,0.047027,0.045525,-0.006915,-0.018642,0.048503,0.070296,-0.003653,-0.014673,0.028099,-0.025554,0.017368,0.034144,0.040439,0.042706,-0.020942,0.042151,-0.023684,-0.069571,0.019062,0.020908,0.007285,-0.030254,0.018145,0.109452,0.080507,-0.056646,0.060982,0.000120,0.020434,-0.024516,0.010219,0.003253,0.010243,0.097770,0.024716,-0.059493,0.041936,0.061228,0.012576,-0.044032,-0.010273,-0.078962,-0.076212,0.014817,-0.090161,-0.098595,-0.030574,0.031515,0.006139,0.101869,0.032978,0.045736,-0.154380,-0.055805,0.066277,-0.008967,-0.042154,-0.035229,-0.068483,0.022169,-0.043642,0.007233,0.065406,0.058672,-0.027795,0.018961,-0.071016,-0.055629,0.077749,-0.043944,-0.007865,-0.026297,-0.000529,0.027468,0.038011,-0.023583,0.034621,-0.036551,0.011216,0.051633,-0.019985,-0.019060,0.051423,-0.028678,0.042865,0.020732,0.026796,-0.006380,0.078581,-0.053726,-0.001763,0.027464,0.003060,0.043387,-0.058116,0.037981,-0.054322,-0.066324,0.005518,-0.040082,-0.000000,-0.030438,-0.056506,-0.054740,0.032767,0.003407,-0.007626,-0.014559,0.026659,0.012201,0.086616,0.006393,0.057371,-0.035433,-0.028597,0.122677,0.026905,-0.059795,0.051245,0.064129,0.040005,0.000643,-0.031484,0.011926,-0.001371,0.032274,-0.157591,-0.002542,-0.013706,-0.048519,0.004832,0.034939,0.051175,0.001431,-0.013609,0.024842,0.092364,-0.063706,0.001110,-0.076014,0.021989,-0.053446,-0.064422,-0.011111,0.016466,0.029747,-0.000591,0.047951,-0.074870,-0.019852,0.047140,-0.022636,-0.008078,-0.100674,-0.020077,-0.013611,0.024557,0.015492,-0.066866,-0.018589,0.006067,-0.052223,0.017182,-0.047251,0.007618,-0.027637,0.047490,0.031855,0.010645,-0.027186,0.022512,0.039883,-0.009357,-0.000166,-0.022665,-0.010572,0.020710,-0.077425,0.002945,0.049069,0.059064,-0.054067,-0.063076,0.010363,0.036475,-0.009007,0.021878,0.114308,-0.028293,0.025705,0.031356,-0.004247,0.021062,-0.044354,-0.016237,0.071095,0.000000,-0.077045,-0.021725,0.001653,-0.035214,-0.033429,0.046763,-0.014038,-0.034503,-0.035113,0.026370,-0.142707,-0.000570,0.000573,0.065694,0.020376,-0.021116,-0.032623,-0.024656,-0.002217,0.029677,-0.053688,0.123746,-0.024129,0.079701,-0.050193,0.045442,-0.226259,0.045337,-0.053100,-0.008797,-0.042537,0.023775,-0.100531,0.023192,-0.086599,0.015822,-0.016132,-0.005774,-0.055441,0.021437,0.074876,-0.041705,0.086669,0.001775,0.027588,-0.009254,0.019391,-0.040634,0.031027,0.011020,0.036527,0.064410,-0.039283,0.061432,-0.017988,0.079348,0.043171,-0.002469,-0.017800,0.061783,0.090736,0.099876,-0.026351,0.057771,-0.041465,-0.054370,-0.013263,-0.070325,0.073696,-0.008959,0.048327,-0.073791,-0.038626,-0.057072,-0.115470,0.031406,0.093794,-0.013455,0.001426,-0.055302,-0.089840,-0.033685,-0.029822,0.024659,-0.096314,-0.067774,0.002622,-0.135556,0.073908,0.033601,-0.087487,0.020844,-0.155656,-0.093416,-0.038826,-0.000000,-0.018515,0.034060,0.017566,0.005990,-0.000251,-0.069935,0.171742,0.068594,-0.000479,0.079992,0.036992,0.015064,0.019730,-0.002682,-0.052567,0.033029,0.032095,0.014356,-0.052421,0.023887,-0.032153,-0.000097,-0.037743,0.045124,-0.078699,-0.090530,0.031623,0.091260,0.054141,-0.012615,0.060710,0.039511,0.013059,-0.035117,0.013125,0.057169,0.021451,-0.007580,0.002089,0.053340,-0.056175,0.030230,0.021863,0.091804,0.010898,0.000339,-0.095595,-0.016371,0.028715,-0.095480,0.004208,-0.032802,-0.034623,-0.004263,0.016708,-0.026909,0.023361,0.025166,-0.024700,0.009574,-0.051613,-0.018951,0.059186,-0.052835
0.061268,0.054425,-0.016176,-0.043020,-0.059389,-0.052293,-0.053193,0.041334,-0.029276,-0.031462,-0.012828,0.001094,0.004626,-0.014607,-0.004213,-0.072420,0.033428,-0.061581,-0.100798,0.020356,0.017105,-0.014807,0.018580,-0.006107,0.067173,0.073394,-0.031518,0.010500,0.143674,-0.044981,0.031662,0.008958,0.031344,0.035380,-0.003861,0.010771,-0.024861,0.070156,0.018762,-0.012375,0.008351,-0.009183,0.039716,0.066499,0.017525,0.057113,-0.113054,0.014858,-0.026772,-0.073479,-0.008218,-0.030219,-0.080718,0.108895,-0.018880,0.006905,-0.028682,-0.011624,0.010268,-0.013027,0.088514,0.014216,-0.066692,-0.015837,0.039513,-0.056922,-0.008777,-0.016268,-0.047565,0.031707,0.051655,0.075972,-0.024430,0.011909,0.070133,-0.022480,0.015971,-0.020711,-0.045195,-0.061735,-0.100092,0.015448,-0.006456,-0.037502,-0.045705,-0.046328,-0.016949,0.030082,-0.047563,-0.020927,-0.021563,0.013904,0.029970,0.014203,0.040129,0.039794,-0.024983,0.044290,0.106699,0.067818,0.011772,-0.010663,0.051284,-0.029392,-0.085221,0.006063,-0.068156,0.026476,0.045522,0.003363,0.020276,-0.055784,-0.028021,-0.009391,-0.048992,-0.117360,0.026396,0.019514,0.045668,0.024505,0.066142,0.019214,0.032147,0.043148,-0.021821,-0.040357,0.003114,-0.000000,0.028254,-0.004415,0.028753,0.068522,0.024387,-0.019008,-0.019366,-0.007688,0.071690,0.127092,-0.067337,0.063763,0.036132,0.067165,0.106006,-0.110371,-0.004586,0.053372,-0.068353,-0.025489,-0.058526,0.074606,0.037932,0.015741,0.000399,0.020491,-0.031764,-0.059346,-0.086558,0.028034,-0.020095,0.036525,-0.027465,0.080031,0.037934,0.069331,-0.032855,-0.053531,-0.017669,-0.020923,0.050026,-0.049007,0.090762,0.000917,0.047103,-0.018856,0.053849,0.024971,-0.016070,0.049067,0.062821,0.089926,0.021286,-0.036537,0.020690,-0.031257,0.013900,-0.031048,-0.012924,0.116469,0.084020,-0.004410,-0.005871,0.034963,-0.035020,0.076782,-0.097416,0.023491,0.004791,-0.005024,-0.110191,-0.056074,0.094005,0.009621,-0.058125,-0.041563,0.040577,-0.005313,-0.023744,-0.002496,-0.112342,0.070637,-0.022125,-0.097659,-0.060287,0.032865,0.039486,0.018347,-0.004203,0.002470,-0.088663,-0.051529,0.062893,-0.029550,0.049208,0.000000,0.025548,0.028071,-0.047109,0.009379,0.003726,-0.021997,0.017271,0.081078,-0.043124,0.030915,-0.031965,0.024126,0.089022,-0.059710,-0.079883,0.040744,0.081932,0.003750,0.065637,-0.018993,0.063390,-0.056944,0.030743,-0.028191,-0.013238,0.064228,-0.040862,-0.133007,-0.022789,0.048089,-0.022548,-0.146377,-0.038357,-0.048834,-0.057511,-0.039866,-0.043451,0.016687,0.068138,-0.131037,0.027766,-0.000755,-0.015453,0.128075,0.001090,-0.009650,0.040913,0.024617,-0.161024,-0.014521,-0.035373,0.049572,-0.025939,-0.059705,0.023908,0.041943,-0.048065,0.015654,0.040307,-0.013990,0.062743,0.036847,-0.010411,0.019985,0.103380,0.003191,-0.025382,-0.034556,-0.075128,0.036015,-0.041875,0.032652,0.003311,-0.068649,0.009501,-0.005178,0.052270,-0.055091,0.063599,0.030577,-0.105430,-0.069284,-0.023572,-0.014867,0.001356,0.030957,0.005447,-0.021651,0.011691,0.026286,-0.011114,0.044305,0.117458,-0.002145,0.069988,-0.000000,0.047729,-0.022159,-0.093873,-0.065981,0.020982,-0.003160,-0.004934,0.047461,0.009749,0.035128,0.140615,-0.001246,-0.062122,0.011742,-0.025851,0.021408,-0.039583,0.002076,-0.083266,-0.011078,0.004090,0.041113,0.040576,-0.011323,-0.037241,0.023620,-0.029018,0.038912,0.000812,-0.041915,0.014253,0.002519,0.011116,-0.012754,0.025723,0.068692,-0.049254,0.066314,-0.014655,-0.094884,-0.001635,-0.158827,0.072281,0.031257,0.067020,0.038340,-0.099416,0.066013,-0.035177,-0.030680,-0.061778,0.065212,-0.011178,0.030060,0.054112,-0.042462,0.004573,-0.068758,0.049616,0.023329,-0.025892,-0.037778,-0.038014,0.027431
-0.012764,-0.010894,-0.010687,-0.027204,-0.028232,0.132087,-0.041923,-0.057353,0.033505,0.041614,-0.018719,0.001357,-0.027411,0.012952,0.074840,-0.054437,0.065300,-0.166815,-0.126235,-0.039860,-0.029255,-0.017930,0.031941,-0.033282,0.003184,0.062529,-0.055416,0.008337,0.052241,-0.063515,-0.012953,-0.032188,-0.037772,0.033450,-0.048893,0.033512,-0.051796,0.010646,0.039601,-0.018626,-0.008566,-0.011003,0.061711,-0.023794,-0.028993,-0.039922,0.009333,-0.023164,-0.017506,0.029182,-0.023918,0.028487,-0.018360,0.013970,0.023812,-0.036144,-0.027739,0.085116,-0.002097,0.125265,-0.061585,-0.001397,-0.063508,0.090482,0.143796,-0.062013,0.002708,-0.078516,-0.022367,-0.033746,-0.020787,0.073470,-0.020481,0.058875,0.059799,-0.088159,0.004866,-0.052721,0.060923,0.019150,0.093428,-0.100000,-0.030499,0.003836,-0.010163,-0.070215,0.082041,-0.142829,-0.041859,0.032715,-0.027980,0.050127,0.137740,0.031495,-0.005722,-0.010079,0.098440,0.044110,-0.038776,0.078034,-0.022592,0.116136,-0.081504,0.044551,0.054351,-0.075285,0.054574,-0.012543,-0.063799,-0.033397,-0.074741,0.028183,0.039788,0.017284,-0.061752,-0.025960,-0.098881,0.079753,-0.068968,-0.012730,0.037545,0.033747,-0.018011,0.011556,-0.112322,-0.054617,-0.016916,-0.000000,0.018682,0.030401,0.055914,0.010063,-0.065764,0.033741,-0.076094,0.028494,0.048419,0.025513,0.008888,0.006565,-0.018887,-0.068102,0.117248,0.032434,-0.092149,0.061271,-0.075379,0.013561,-0.053426,-0.032085,0.029202,0.019400,0.033764,-0.039098,0.063876,-0.016758,0.015693,0.033184,-0.020416,-0.007401,-0.006086,0.015207,-0.020900,0.047945,0.095680,-0.073759,0.000715,-0.005512,-0.048446,-0.008873,0.015981,-0.039030,0.015195,0.035066,0.063055,-0.012716,-0.105424,0.023166,0.043213,0.014104,0.014130,-0.055657,0.017278,0.029737,0.011417,-0.048062,0.007628,0.035274,0.029413,0.041212,-0.056410,0.012884,-0.077592,0.028615,-0.027431,-0.001041,0.026968,-0.023298,0.069353,-0.034978,0.018511,-0.000447,-0.078281,0.040170,0.034167,-0.002746,-0.005802,-0.037050,-0.004288,-0.016561,0.057113,-0.077843,0.014523,0.044386,0.014029,-0.063904,0.001007,0.000429,0.001059,-0.051256,-0.047637,-0.100200,-0.018313,0.000000,-0.147369,-0.113074,0.011770,0.100832,0.016340,-0.059960,0.029142,0.073150,0.027156,0.027529,0.088515,0.074983,0.045524,0.012600,0.043293,-0.049131,-0.007152,-0.012771,0.037377,0.000993,-0.032319,0.071209,-0.035688,0.035262,-0.025524,0.063262,0.028013,-0.113723,-0.063075,-0.038243,0.036374,-0.045742,-0.118928,0.074915,-0.020767,0.038761,0.025720,0.027193,-0.028802,0.054513,-0.025057,0.032526,-0.035718,0.087650,0.059428,0.025255,0.079763,-0.033620,-0.070636,0.059788,-0.017395,0.050120,-0.016634,-0.003282,0.045680,0.071352,0.044850,0.042011,0.057681,-0.061784,0.002236,0.015379,-0.028854,0.008599,0.136250,-0.006934,-0.041638,-0.012972,-0.012379,-0.010631,0.020408,-0.008839,0.055111,0.087948,-0.026048,-0.045421,-0.043146,-0.002904,-0.061159,-0.055030,-0.021872,-0.063466,0.031001,0.000726,0.050130,0.030566,0.056395,0.024902,0.059089,-0.045725,-0.048501,0.008549,0.012170,-0.075380,-0.059351,-0.000000,0.020944,-0.053576,0.023805,-0.016522,0.011499,-0.000624,0.022482,-0.042252,-0.025458,0.045598,0.044629,-0.006312,-0.116312,0.004492,-0.006722,0.044243,-0.011345,-0.002888,-0.087272,0.044849,-0.004291,0.045825,0.030136,0.033532,0.003677,0.027764,-0.019622,0.020133,0.094830,0.083310,0.044484,0.013053,-0.050462,0.056178,-0.060144,-0.047913,-0.037798,-0.088557,-0.029411,-0.028806,-0.024795,-0.002044,0.006644,0.072824,-0.006384,-0.034922,-0.028092,-0.093708,0.037919,-0.010942,-0.026690,-0.005432,-0.009818,0.071945,0.046939,-0.033996,0.004003,-0.015877,-0.063663,0.078005,0.028583,0.010009,0.090320,0.024792
0.071013,-0.001777,-0.009994,-0.088859,-0.056274,-0.021699,-0.130138,0.119859,-0.017423,0.036311,-0.044323,0.049696,-0.016233,0.080299,-0.044978,0.063719,0.099636,-0.001639,-0.025713,0.045675,0.019744,-0.038475,0.031767,-0.030278,-0.083052,-0.058927,0.026972,0.020632,-0.028583,-0.068585,0.027230,0.066008,0.036967,-0.028481,0.004021,0.011938,-0.040483,-0.083176,0.033148,0.091011,-0.018589,0.065576,0.023042,0.058562,0.036360,0.010191,-0.044237,0.007102,0.033410,0.005094,0.015517,0.021329,-0.006978,0.090120,-0.014092,0.006065,-0.094235,-0.050096,0.037349,0.040262,0.132069,-0.032999,-0.065410,-0.111093,-0.031680,-0.067085,-0.043339,-0.065040,-0.113596,0.072199,0.037630,0.013684,-0.054702,-0.029817,0.057180,0.009668,0.046435,0.029433,-0.018346,-0.050460,0.027705,0.057107,-0.003027,-0.018856,-0.000439,-0.014925,-0.088762,0.031274,-0.006882,0.054896,-0.030036,-0.046130,-0.009902,0.031456,-0.046450,0.074268,-0.033281,-0.056892,-0.052359,-0.046774,0.022673,-0.003388,0.001896,0.031321,0.010010,0.025559,0.030546,0.012496,0.076206,0.040932,-0.005902,0.002425,-0.065110,0.037923,-0.038974,-0.008298,-0.031479,0.002838,0.030052,0.029149,0.001935,-0.044573,0.091920,0.013126,-0.008149,0.023229,-0.062578,-0.000000,-0.020566,0.082633,0.053362,0.016484,0.044633,-0.070271,-0.010201,0.022048,0.048010,0.019275,-0.092824,-0.048334,-0.002621,-0.071551,0.122211,-0.094440,-0.003489,0.024542,-0.194198,-0.005461,0.010806,-0.023929,0.082441,-0.053947,0.093395,-0.073717,-0.056009,0.008395,-0.039497,0.002124,-0.037211,-0.058179,-0.042033,0.058374,-0.022793,0.028487,0.028703,-0.010593,0.017080,0.009781,-0.017979,0.001057,0.046622,0.018827,0.062325,0.063325,-0.011374,0.033107,-0.036188,-0.013408,-0.032011,0.161132,0.017396,-0.015074,0.141147,0.008195,0.054449,-0.010692,-0.032289,0.077564,-0.047899,-0.025531,0.014888,0.003502,0.004198,-0.000351,-0.014970,0.031820,0.037950,0.026571,-0.004664,-0.040133,0.014754,0.037392,-0.018018,0.012056,-0.011530,0.083982,0.118558,0.023429,-0.044331,0.096869,-0.074710,-0.085485,0.075366,-0.033180,0.025745,0.016131,-0.038833,0.009516,-0.058134,0.009957,0.004445,0.010586,-0.084525,0.000000,-0.042043,0.028274,-0.057645,0.039403,-0.075247,-0.049397,0.075135,0.052262,0.008166,0.042654,-0.058522,0.036764,0.027740,0.014403,0.040884,0.033305,0.005491,-0.091114,0.059968,-0.082983,0.109472,0.023338,-0.057718,0.031026,0.017251,0.022826,-0.066103,-0.057525,-0.114806,0.020942,-0.031947,-0.051236,0.015424,-0.019311,-0.015402,-0.039781,-0.094964,0.052651,0.027761,0.062796,0.074671,0.017249,0.059743,0.015113,-0.054480,-0.023134,-0.038355,-0.043954,-0.031773,-0.007055,-0.056827,0.043923,-0.078862,0.001086,-0.026104,-0.098735,-0.023736,0.059521,0.044734,-0.021791,0.043075,0.027348,-0.039235,0.063969,0.011539,0.079224,-0.012554,-0.010407,-0.019584,0.002784,-0.087117,-0.008686,0.041134,0.050823,-0.093405,0.043941,0.088234,0.032851,0.076119,-0.010898,-0.071773,-0.082608,-0.007992,-0.002953,0.004419,-0.035802,0.013242,-0.058906,0.074716,0.048241,0.047669,-0.083991,0.044947,-0.097972,0.011855,-0.000000,-0.063049,0.039894,0.028617,0.057869,0.005435,0.039155,0.041681,0.085230,-0.018063,-0.070834,0.045640,0.015045,0.011118,0.112467,-0.006796,-0.068344,-0.017683,-0.040887,-0.034451,0.021075,-0.042968,0.073670,-0.025441,0.011957,-0.004198,0.016178,-0.039096,-0.041279,-0.044377,0.003308,0.018269,0.010526,-0.036671,0.006108,0.047021,0.045543,-0.078715,0.050881,-0.011411,-0.006671,-0.055817,-0.004367,-0.037244,0.022431,0.057352,-0.026102,-0.062756,0.029814,0.015225,-0.068371,-0.016833,0.019395,0.026507,-0.007984,0.122249,0.010954,-0.022374,-0.008658,-0.143310,-0.019916,-0.022262,0.014956,0.012795,0.037290
0.001835,-0.076772,0.064103,-0.030477,-0.009866,-0.028858,0.009941,-0.087613,0.016550,-0.008336,-0.008331,-0.038540,0.037613,-0.078469,0.015954,0.041249,-0.021883,-0.133789,-0.005296,0.033828,0.007624,0.073065,0.059781,0.005715,-0.036375,0.005605,-0.026496,0.002072,-0.040030,0.011581,0.041829,-0.112672,-0.039049,-0.002305,0.079068,-0.042365,-0.026155,-0.082455,0.056284,-0.031209,-0.024593,-0.082866,-0.009448,0.070156,-0.000123,-0.008289,-0.057933,-0.071853,0.014976,-0.060463,-0.004205,0.026859,0.038600,-0.006184,-0.016008,0.042592,0.066491,-0.057615,0.053511,-0.060171,-0.027922,-0.007691,0.006027,0.031841,-0.042175,-0.120813,0.058361,0.055864,0.024759,-0.092973,-0.076143,-0.019507,0.040179,0.092378,0.050791,0.038177,-0.019717,0.088213,0.023772,-0.013976,0.039128,-0.003041,0.039631,-0.012095,-0.099472,0.062645,0.007540,0.038121,0.010923,0.033103,-0.081538,-0.110458,-0.118503,0.026312,-0.022386,0.073573,-0.035755,-0.037588,-0.001482,0.109104,0.008826,0.112433,0.029027,-0.089790,0.003526,0.008603,0.026113,-0.001874,-0.042731,-0.020730,-0.001394,0.016706,-0.021856,0.057894,-0.070028,0.014927,0.042107,0.002401,-0.004763,0.016099,0.018037,0.060896,-0.024821,0.029219,-0.051137,-0.019102,-0.032266,-0.000000,0.083173,0.017744,0.003014,-0.026997,-0.032578,0.019323,0.033600,0.043362,0.033961,0.018256,-0.046471,-0.003108,0.009873,-0.010981,0.030822,-0.015068,0.019529,-0.039274,-0.022178,0.009101,0.066770,0.031417,0.001972,0.007211,0.028817,0.052199,-0.043160,-0.005588,-0.096687,-0.015752,-0.066067,0.066024,0.012811,-0.014286,-0.016902,0.007429,0.014682,0.055018,0.005827,-0.027746,0.039442,-0.002187,-0.058093,0.071238,0.083124,-0.042100,0.146742,-0.012434,-0.052450,-0.046259,0.039259,0.030663,-0.005961,0.001079,-0.017618,0.018223,0.073192,0.020352,0.024025,0.016216,-0.048812,-0.033809,-0.082371,0.025346,-0.039554,-0.008185,0.051349,-0.052289,-0.075575,0.076824,0.044295,-0.024544,-0.087182,0.017862,-0.058275,0.076259,-0.053967,-0.060403,0.129801,-0.044499,-0.017322,-0.035594,0.004290,-0.041746,0.163983,-0.043131,0.008382,-0.080759,-0.019720,-0.032100,0.027568,-0.025855,0.014559,0.104779,0.023347,0.000000,0.001343,-0.035050,0.043879,-0.002210,-0.014291,-0.019007,0.094369,0.080686,-0.015032,0.049712,0.045523,0.054741,0.132322,0.080203,0.058629,0.017740,0.146289,0.059417,-0.000496,0.021454,-0.007832,0.070595,-0.048284,0.071218,0.010651,0.022806,-0.016203,-0.008528,-0.153095,-0.058472,-0.051219,-0.087418,-0.086387,-0.014478,0.075456,0.030682,0.044957,0.064452,-0.036720,0.003970,0.018769,-0.068666,-0.118091,-0.005808,0.004245,0.014615,0.075045,0.042567,0.023625,0.038921,-0.016788,0.044703,-0.123342,0.007309,-0.013589,0.001782,0.004836,-0.016737,0.035208,0.003433,-0.038930,0.068697,-0.059520,0.077756,0.062352,-0.061721,-0.013685,0.063554,0.021297,0.094719,-0.012021,-0.088982,-0.057384,-0.016046,0.060233,0.105758,0.050804,0.036725,0.048719,-0.008958,0.107277,0.022444,0.023316,-0.040539,0.060850,-0.000047,0.061591,-0.094652,0.061972,0.014621,-0.040169,-0.038768,0.017060,-0.020055,0.018549,-0.000000,0.004524,0.018321,0.038921,0.022758,-0.053008,-0.032247,-0.074285,-0.016507,-0.002880,0.010339,0.002081,-0.020288,-0.001184,-0.052555,0.015879,0.093468,0.013043,-0.042618,-0.032967,-0.026111,-0.117833,0.033449,0.003703,-0.025265,-0.028028,0.001564,-0.081981,0.009802,-0.021732,-0.010552,0.018512,-0.031261,-0.090890,-0.009070,-0.084046,-0.038204,-0.040884,-0.040342,-0.022799,-0.068028,-0.073534,-0.002786,0.007103,-0.014165,-0.043029,-0.081193,-0.015624,0.066809,0.038559,-0.045677,0.057355,-0.005901,-0.054123,0.024980,0.110235,0.068074,0.014702,-0.000857,-0.019988,0.030495,0.014375,-0.040251,-0.010840,-0.019310
0.034340,-0.023868,-0.011384,-0.011403,0.007897,0.014549,0.035119,-0.038722,0.017322,-0.002948,0.092801,0.029572,0.004002,-0.014000,0.044401,0.018471,0.022343,-0.076997,-0.006296,0.069006,0.005740,-0.003083,-0.029586,0.028261,-0.039896,-0.067742,-0.027639,0.027886,0.055223,0.011916,-0.009602,0.044988,-0.001139,0.039586,-0.016422,0.123378,0.009198,0.012278,0.069404,0.025206,0.021956,0.018080,-0.011648,0.035950,-0.019584,-0.022255,0.017280,-0.081958,-0.024076,-0.001527,0.046073,0.039653,-0.029317,-0.056026,0.045916,0.005878,-0.075095,-0.042838,0.039978,-0.019384,-0.017733,0.011184,-0.100101,0.139455,0.068526,-0.000452,0.000380,0.028987,-0.026019,0.013861,-0.016773,-0.001780,0.037399,0.083270,-0.038478,-0.037338,-0.016506,0.032072,0.001811,0.032075,-0.000616,-0.050011,-0.054266,-0.062212,-0.028807,-0.015577,0.031667,-0.109124,-0.035989,0.055567,0.003511,0.055731,0.043342,0.041583,-0.016558,-0.014010,0.004199,0.078435,0.038220,0.087441,-0.022437,0.034788,-0.048648,0.076127,-0.054210,0.016237,0.038274,0.029811,-0.071629,0.010670,-0.028070,-0.093069,-0.011257,0.013601,0.022361,0.052546,-0.012681,0.034414,0.024145,-0.020621,0.087135,0.055192,-0.007748,0.021873,-0.069234,-0.045362,0.033332,-0.000000,-0.003218,-0.006860,-0.040111,0.074902,-0.048317,0.018589,0.041952,0.002001,0.023972,-0.008705,0.056586,-0.049439,-0.043425,-0.074954,0.084906,0.018912,-0.030152,0.091772,0.048048,0.016439,0.048717,-0.047179,-0.021642,-0.054931,-0.058698,-0.069280,-0.054207,-0.078289,0.031395,0.005792,-0.001543,0.071066,-0.020558,-0.001908,-0.044367,0.046085,0.044633,-0.008891,-0.081191,0.016221,-0.023530,-0.025947,-0.079878,-0.048943,-0.016716,0.046800,0.007568,-0.054486,-0.067367,0.028056,-0.036544,0.027026,0.010037,-0.012243,-0.003752,-0.028141,0.002083,-0.006094,0.073990,-0.013383,0.004268,0.060358,-0.029617,-0.003847,-0.075764,0.037315,0.011202,-0.022459,-0.014592,-0.048456,-0.037574,0.008979,0.001858,0.045712,-0.032197,-0.061537,-0.036002,-0.039623,0.115856,-0.012598,0.031237,0.020113,-0.049250,0.004740,-0.024258,-0.009977,0.077172,-0.024025,-0.030660,0.041377,-0.027811,0.004026,0.000102,-0.035859,-0.117184,0.000000,-0.196436,0.003188,-0.004202,0.042781,0.015192,0.011007,0.091618,-0.086838,-0.071906,0.013956,0.060368,-0.003063,-0.014047,0.010835,0.066110,0.042848,0.012034,-0.050152,-0.034339,0.046874,0.000812,0.155532,0.005534,0.081924,-0.018687,0.083580,-0.095546,0.007163,-0.028092,-0.022874,0.093879,-0.042361,-0.052535,-0.072503,0.032166,-0.026596,0.048748,-0.048362,0.006544,0.020977,-0.003110,-0.033803,-0.134771,0.077109,-0.033927,-0.054137,0.121887,0.087090,0.011357,-0.011509,-0.034486,0.055787,-0.014155,-0.009225,-0.031782,0.001436,0.075559,-0.007536,0.053372,-0.023609,0.066680,-0.010097,-0.050495,0.037766,0.082929,-0.039128,-0.089444,0.075040,0.033502,0.029368,-0.034339,-0.126748,-0.136868,0.020456,-0.073730,-0.007423,0.004249,-0.011894,0.011861,0.049588,0.027408,-0.059894,0.049012,-0.016497,-0.032031,0.033544,-0.050308,-0.073310,-0.027306,0.000774,-0.108917,-0.074553,0.015115,0.008421,-0.107544,-0.000000,0.081350,-0.115949,0.058044,0.081481,0.035575,0.072178,0.025765,-0.090353,0.007334,0.008509,0.078139,-0.011119,-0.044560,-0.015716,0.067661,0.040095,-0.124247,-0.110584,-0.077833,0.010447,-0.043563,0.059246,-0.003800,-0.010240,-0.015615,0.050082,0.002530,0.076249,0.102404,0.083293,0.063292,0.005435,0.015155,-0.024361,0.089733,0.004926,0.059169,0.021613,0.001155,0.066715,-0.055757,-0.012544,0.051249,0.080449,0.015651,-0.024019,-0.126750,-0.074416,0.000574,-0.021197,-0.008360,0.037027,0.031903,-0.007371,0.045622,-0.065604,-0.067855,0.020398,-0.086664,0.036950,0.060629,-0.008764,0.079476,0.030892
0.056719,-0.029292,-0.066635,-0.040503,-0.010316,0.017933,-0.087495,0.072960,0.044696,-0.015569,-0.029146,0.120258,-0.047508,0.014288,0.042684,-0.026711,0.002093,0.022452,-0.047697,0.059547,0.072383,-0.051261,-0.012851,0.035220,0.071726,-0.024085,-0.004264,0.048040,0.006207,0.011651,0.004255,0.041360,0.049563,-0.036230,0.048598,0.002795,-0.014075,0.084937,0.036685,-0.045979,0.013108,-0.043955,0.051957,0.052793,-0.088028,-0.029027,-0.004336,-0.002603,0.036772,0.028128,-0.022923,0.046450,-0.065014,0.010672,-0.026658,-0.012471,-0.115096,0.002830,0.000199,0.067017,0.022794,-0.002244,0.046928,-0.011281,0.023997,-0.044124,-0.040710,0.018363,-0.114549,0.052711,0.034090,-0.009922,-0.121265,0.026842,0.001678,0.016338,0.059765,0.075677,0.096835,-0.023808,-0.027708,-0.020295,0.013232,-0.016628,0.007429,0.000086,0.026718,-0.028376,0.050027,0.012280,0.044242,-0.115980,-0.052414,-0.014497,-0.048428,-0.003127,-0.096291,-0.028538,-0.087036,-0.030280,0.019697,0.012489,-0.091390,-0.034384,0.020762,-0.033381,-0.028004,-0.040698,0.010407,-0.031824,0.012788,0.035343,-0.010199,0.010300,0.002642,-0.020714,-0.067797,-0.049592,0.099511,0.013357,0.072007,0.017914,-0.051875,0.039535,-0.043225,-0.041761,-0.002604,-0.000000,-0.128311,0.148744,0.047045,-0.024986,0.010792,0.048360,-0.061272,-0.000430,-0.008686,-0.022660,-0.028793,0.057404,0.017822,0.013921,0.066602,-0.063710,-0.012064,0.104842,0.038534,-0.053735,-0.019062,-0.140165,0.048181,0.014713,0.061733,-0.122802,-0.025901,0.000429,-0.020534,-0.007665,0.006206,0.055042,-0.039973,-0.005256,-0.032928,0.013170,0.004369,-0.058388,0.002862,0.027914,-0.034415,0.049857,-0.043041,0.035152,0.040203,0.001398,0.097487,-0.003700,-0.115366,-0.018350,-0.008461,0.062883,-0.053644,-0.036894,-0.022195,-0.010430,0.032668,-0.084602,-0.029766,0.000847,-0.078528,0.016586,-0.007794,0.027962,-0.079897,0.145076,0.051460,0.034283,0.005966,0.051152,-0.025679,-0.090681,0.037553,-0.012731,-0.052186,-0.076746,-0.007802,-0.053608,0.074193,0.037581,-0.007778,-0.039581,0.081043,-0.010561,0.070479,-0.069426,0.040613,-0.016958,0.020489,-0.102177,-0.029199,-0.021405,-0.022140,0.030570,0.003011,-0.000000,-0.038779,-0.067944,0.038462,0.074764,0.029997,-0.010905,0.053616,0.061723,0.009128,-0.023480,-0.010945,-0.008018,-0.007881,0.023993,-0.006381,-0.033188,0.013578,-0.142444,0.046053,-0.074973,0.136004,-0.026440,-0.040803,0.088382,0.009102,0.036387,-0.104836,-0.016525,-0.065320,0.019310,-0.060431,-0.034474,-0.046650,-0.007728,-0.023631,-0.044868,0.146613,0.012279,0.014759,0.057767,0.054369,-0.052015,0.034861,0.029044,-0.000719,-0.040107,0.063609,0.067519,0.001784,0.008842,-0.030616,0.034226,-0.063003,0.014855,-0.053482,-0.002220,-0.020180,0.024707,0.018452,0.008763,-0.055947,0.065744,-0.004387,0.019699,0.019657,0.028804,0.001164,0.006712,-0.047590,-0.051863,0.045581,-0.017852,-0.015907,-0.004824,-0.111550,0.032374,0.107134,-0.026378,0.080392,0.048502,-0.037036,-0.023804,0.000729,-0.046123,0.068468,-0.023217,-0.038817,-0.006692,-0.027102,0.046188,-0.081865,0.052708,0.037130,-0.041813,-0.085413,-0.000000,-0.028141,0.013830,0.007886,0.002635,0.054736,0.000360,0.021538,0.042860,0.032783,0.013463,0.091345,-0.002040,-0.005133,0.116719,-0.097365,-0.069972,-0.030746,-0.080897,-0.014070,0.063784,0.021856,0.120983,-0.000074,-0.036442,-0.039602,0.023635,-0.016086,0.051606,-0.006756,0.001502,0.030605,0.016635,0.062899,0.032246,0.041820,-0.030274,0.000356,0.068956,-0.031864,0.051185,-0.042750,-0.056822,0.031267,0.018702,0.042226,-0.060642,-0.058800,-0.064717,-0.000159,-0.047995,0.091151,0.017120,0.006286,-0.039393,0.064464,-0.000602,-0.070240,0.019557,-0.118291,-0.007906,-0.076565,-0.155349,-0.005590,0.077358
-0.068071,0.014178,-0.008106,-0.047151,0.005991,0.008754,-0.068037,-0.117623,-0.085260,-0.017961,0.046305,0.129189,-0.049135,0.008748,0.044910,0.050165,-0.019801,-0.057671,-0.091360,0.074590,0.040755,0.037742,-0.023598,0.022762,-0.092530,0.073861,-0.125167,-0.114296,0.042642,-0.031318,0.025298,-0.034478,-0.043944,0.025684,0.061045,0.040619,0.011223,-0.025578,0.091304,-0.046097,0.022727,-0.074870,-0.041654,0.104122,-0.040274,0.050590,0.027947,-0.092862,0.046619,0.025464,-0.006619,0.025674,-0.013444,-0.037733,0.070711,0.006940,0.009562,-0.032974,-0.005911,-0.036034,-0.053475,-0.056122,-0.063956,0.004648,-0.024088,-0.030485,0.069471,0.082731,-0.027412,0.060325,-0.098679,-0.008023,-0.030067,0.084793,0.061485,0.078274,0.065810,0.016709,0.064808,-0.067700,-0.040344,-0.058539,0.046621,-0.064495,-0.070649,0.018789,-0.026041,0.079434,0.043690,0.006667,-0.029109,-0.101385,0.054544,0.024381,-0.074255,0.025269,-0.035312,-0.024295,-0.011082,-0.013194,-0.026851,0.033431,0.018436,-0.099070,-0.056719,-0.065063,-0.060998,0.021034,0.032465,0.004064,-0.027555,-0.000565,0.048187,0.049279,-0.004767,0.013278,-0.076432,-0.013123,0.023890,0.017386,0.079479,0.049280,0.013433,0.032796,-0.020259,-0.005683,0.004272,-0.000000,-0.052704,0.047986,0.029646,0.019153,-0.095460,0.046084,0.033336,0.005557,-0.009189,-0.007058,-0.038506,-0.004342,-0.060147,0.062676,0.056611,-0.072713,0.051953,0.053619,0.012801,-0.050675,0.057065,-0.123529,0.001115,0.089084,0.136111,-0.093290,0.010978,0.050282,-0.048210,-0.007356,-0.010598,0.102446,-0.027338,0.018639,-0.053141,0.001299,-0.000530,-0.010367,0.002246,-0.057072,0.006114,0.040736,-0.029849,0.061436,0.066589,-0.057802,0.107502,0.005205,-0.071755,-0.012538,-0.019509,0.086522,-0.053963,-0.051470,0.008794,0.019330,-0.014624,-0.029718,-0.030885,-0.028623,-0.027154,-0.040712,-0.036158,0.028119,-0.051792,0.075058,0.008537,0.047014,-0.055180,0.012579,0.036103,-0.032828,-0.025185,-0.003064,0.029886,0.023699,0.007421,-0.009239,0.025909,-0.004020,0.004584,0.020813,-0.021076,0.006268,0.161049,0.032998,0.052502,-0.105901,0.031230,-0.029970,-0.040090,-0.008705,0.008336,0.030382,-0.030754,0.000000,0.000584,-0.034136,-0.074278,0.002904,0.032575,0.032179,-0.031875,-0.018380,-0.048996,0.034891,-0.070191,-0.039418,0.029505,-0.013913,-0.078452,-0.083116,0.069192,-0.048081,0.031037,-0.045049,-0.026223,0.069504,-0.051843,0.002933,-0.056758,0.085571,-0.045612,-0.052488,-0.008799,0.034078,0.003073,-0.108304,-0.164229,-0.026859,0.061233,-0.056409,0.013338,0.039431,0.019019,0.036916,0.026331,-0.082782,-0.049994,0.047814,-0.015284,-0.073036,0.056084,0.028566,-0.049643,-0.004221,0.062799,0.031887,-0.008227,-0.107044,-0.053817,-0.005739,0.022154,-0.010441,0.024728,-0.036610,-0.057449,0.052945,0.015804,0.027551,0.083240,-0.001745,0.028947,0.059162,0.012414,0.077755,0.089632,-0.060199,-0.097771,0.068606,-0.015554,-0.061518,0.015768,0.000866,0.070660,-0.035675,0.041693,-0.023669,0.013233,0.055464,0.051108,-0.075102,-0.001611,-0.011052,0.060368,0.027024,-0.070463,-0.042592,0.036329,0.028334,0.020882,-0.000000,0.045273,0.023284,-0.029182,0.032480,0.042486,0.084689,-0.010602,0.047169,0.040689,0.015827,0.117236,0.022200,0.045790,0.030607,-0.005017,0.064224,0.052649,-0.058951,0.001110,-0.007891,-0.055837,0.041247,0.016335,0.025443,-0.050936,0.024979,-0.035046,0.035016,0.025307,0.049552,0.009568,-0.064776,-0.006213,-0.017279,-0.005220,-0.121591,-0.048430,-0.031016,0.060064,-0.033531,-0.035285,0.030163,0.046490,0.146554,-0.082773,-0.052867,-0.091007,0.004463,-0.010616,0.021990,0.013290,-0.067508,-0.025908,0.032962,0.047700,0.027396,-0.000163,0.013343,0.025493,0.038157,-0.001471,-0.053791,0.031361,0.023799
-0.001784,-0.006195,-0.016188,-0.090784,-0.012608,0.031397,-0.068207,0.019352,0.065474,0.024459,0.013198,0.034738,-0.041584,0.004056,-0.062217,-0.029477,-0.004756,0.022246,-0.055877,0.098446,-0.023774,0.027194,0.049067,-0.002371,-0.072089,-0.007872,0.018018,-0.021494,0.067127,-0.117221,0.012434,0.072646,0.081838,0.002329,-0.035496,-0.000127,0.030283,-0.014372,0.002612,-0.011164,-0.033530,0.035514,0.009190,0.094456,0.023154,0.029313,-0.045795,-0.078531,-0.018445,-0.032993,-0.097123,-0.049729,-0.012705,0.016442,0.000882,0.085492,-0.099104,-0.040671,0.052763,0.050280,0.072746,-0.027183,-0.060974,0.024036,-0.010319,-0.025369,-0.014451,-0.011871,-0.044041,0.037107,0.012141,0.017043,-0.028036,-0.067736,0.039363,-0.021583,0.056453,0.002846,0.064674,-0.108443,0.051568,0.030223,-0.026615,0.011496,-0.028538,0.057572,-0.072180,-0.025234,-0.060462,0.037700,0.031177,-0.107950,-0.092290,0.023760,-0.025367,-0.018566,-0.000732,-0.027745,-0.062876,0.016378,0.064041,0.051685,0.011150,0.046816,-0.078905,-0.041378,0.018431,-0.007581,0.042657,-0.015436,0.023632,0.037180,-0.056414,0.078711,0.007099,-0.041554,-0.026485,-0.021444,0.048101,-0.050435,-0.005784,-0.019481,-0.017552,0.063541,0.057972,-0.004720,-0.017381,-0.000000,-0.037802,0.057586,0.026714,-0.015928,0.029725,0.022976,-0.060342,0.004182,0.030011,0.018127,-0.016899,0.041761,0.003671,0.042369,0.068405,-0.050970,-0.054368,0.099328,-0.156224,0.028902,-0.000527,-0.079924,0.028284,-0.049896,-0.014219,-0.044589,-0.029566,0.000025,-0.087532,0.015621,-0.104359,0.040476,-0.088863,-0.036775,-0.003730,0.004240,-0.012429,0.009078,-0.016688,-0.020379,-0.046767,0.052547,-0.043550,-0.039563,0.022498,0.029612,0.068827,0.015323,-0.124248,-0.036310,0.030942,0.027512,0.008518,-0.109919,0.058112,0.074924,-0.043904,-0.042136,-0.050820,0.015842,-0.024083,-0.006364,0.028386,0.053325,-0.048217,0.050585,-0.072053,0.012749,0.061590,0.030333,-0.095545,-0.016967,0.003808,0.056399,-0.035645,-0.014182,-0.032756,0.064767,0.156412,0.069536,-0.014061,0.021390,0.023252,-0.018818,0.042809,-0.051097,0.063242,-0.090945,-0.015142,-0.035859,-0.058423,-0.000600,-0.053136,-0.001512,-0.021695,-0.000000,-0.043723,-0.025338,-0.045981,-0.037684,-0.070359,-0.012072,0.092264,0.147520,0.007339,0.008645,0.040456,0.028151,-0.077342,-0.011099,0.062227,-0.030048,0.027434,-0.055435,-0.004523,-0.029776,0.108087,-0.011367,-0.028756,-0.016472,-0.006638,0.061291,0.009048,-0.019336,-0.097549,-0.026310,0.035364,-0.071231,-0.026613,-0.003760,0.021189,-0.004806,-0.002013,0.013164,0.001624,0.042491,-0.021040,0.094115,0.073865,0.031690,-0.031521,-0.016035,0.105666,0.122918,-0.063202,0.003316,-0.040806,0.112134,-0.021788,-0.046142,-0.041378,-0.023296,-0.002401,-0.077823,0.088969,0.035235,0.000641,0.008781,-0.090831,-0.017106,0.035574,0.051499,0.003208,0.039007,-0.009333,0.013554,0.004171,-0.016202,-0.081441,-0.047278,-0.047101,0.027463,0.041202,-0.014973,0.052599,0.029402,-0.026948,-0.086376,0.026154,0.021525,0.049438,0.000781,-0.022008,-0.010298,0.044123,-0.029583,-0.031734,-0.030382,-0.064953,-0.030459,-0.001528,-0.000000,-0.142536,-0.007018,0.064977,-0.015906,0.002440,0.003051,0.014182,0.063910,-0.106388,-0.042230,-0.005822,-0.008487,-0.017430,0.110391,0.063710,0.062082,0.026247,0.014432,-0.065062,0.040757,0.045128,-0.001988,0.057177,0.015442,-0.045277,0.004962,-0.118889,0.054003,-0.033468,-0.058180,0.090827,0.111060,0.008744,-0.012944,0.059025,-0.020703,-0.054289,0.028073,0.039303,0.039171,-0.082551,-0.005363,0.080148,0.122683,0.029127,-0.020201,0.078074,-0.010137,-0.057904,-0.048654,-0.005182,-0.014346,0.033503,-0.006679,0.055348,0.089611,0.043839,-0.077499,-0.138671,0.026590,0.061210,0.042488,-0.107360,0.016032
-0.032265,-0.025552,-0.017968,-0.090237,0.015740,-0.010305,-0.030518,-0.016594,0.087375,0.024653,-0.026997,0.040012,-0.001008,0.023271,0.033841,-0.045218,-0.006490,-0.035836,0.027600,0.076321,-0.052257,0.076918,0.077053,-0.019655,0.040742,-0.039106,0.023885,0.015490,-0.018547,-0.025131,-0.016050,0.084532,0.011087,-0.002553,0.049674,0.048869,-0.000803,0.014126,0.069476,0.013762,0.040940,-0.099855,-0.048162,0.054056,-0.067244,0.059999,-0.034948,-0.041299,-0.116374,0.046925,0.018384,-0.002281,0.048604,-0.051234,0.032469,0.129079,-0.032574,-0.087040,0.060403,0.040560,-0.018666,0.015064,-0.049585,-0.014564,0.040223,-0.057940,0.002617,0.030259,-0.016848,-0.083567,0.073319,-0.049508,0.022760,0.040923,0.020395,0.071021,0.077896,0.059537,0.053163,-0.050424,-0.009406,-0.025201,0.005618,-0.050301,-0.024581,0.078606,0.009966,-0.026671,-0.005395,0.007575,-0.046112,-0.098535,0.030309,-0.001549,-0.040467,0.072083,-0.032467,0.015228,-0.013489,0.041889,-0.021238,0.068307,0.001318,-0.089928,-0.134750,-0.060271,-0.025926,0.023917,0.047835,-0.031572,-0.019443,0.036495,-0.006496,0.064328,0.070745,0.015092,-0.065750,-0.018987,0.034953,-0.130173,0.054661,0.014249,0.024856,0.091982,-0.032921,-0.039442,-0.070285,-0.000000,0.052610,0.082485,-0.013509,-0.044380,-0.052659,-0.007646,0.032071,-0.007782,-0.021492,-0.051968,-0.044728,-0.013270,0.011150,-0.038670,0.112520,-0.021696,-0.057882,0.029396,0.070232,-0.017000,0.008883,-0.026085,-0.009871,0.002590,-0.038509,-0.069471,-0.052554,-0.018524,0.019280,-0.016854,-0.095967,0.075222,0.021135,-0.015740,0.036368,-0.019312,-0.049731,-0.021991,-0.039657,0.049758,0.044941,0.010630,-0.075964,-0.035032,0.026201,-0.029806,0.010821,-0.051082,-0.088488,-0.035204,0.084190,0.007586,-0.007090,-0.070639,-0.010219,0.024954,-0.020960,-0.003549,0.055796,0.066820,-0.055045,-0.004238,0.001353,0.108000,-0.024866,0.061866,0.080152,0.012596,-0.010531,-0.085413,0.009596,-0.083047,-0.010211,0.007851,0.016524,-0.063446,-0.010861,0.141717,0.151801,0.019892,-0.040911,0.004182,0.046840,0.052654,0.058896,-0.032981,0.032280,-0.002231,-0.076676,0.080108,-0.074876,0.028050,-0.121197,0.050999,0.098512,0.000000,-0.037035,-0.052371,-0.037858,-0.030330,-0.058384,-0.021896,0.054054,0.013757,-0.009758,-0.001043,-0.030492,0.051314,-0.054304,-0.030124,0.008795,0.000083,0.052848,-0.114995,0.044131,0.037545,0.022852,0.021390,0.019529,0.007337,-0.020508,0.024730,-0.055532,0.011567,-0.082039,0.039573,-0.027913,0.023351,-0.097968,0.001262,0.037151,-0.028735,0.094826,0.010326,-0.016604,0.044144,-0.009180,0.015362,-0.064652,0.054964,0.026766,-0.027314,0.123102,0.056248,0.050718,0.034610,0.009479,0.073687,-0.025432,-0.024105,-0.107752,0.033949,0.096511,-0.053832,0.072562,-0.041557,0.056772,0.058376,-0.022971,-0.110026,0.011470,0.080089,0.015204,0.072300,-0.014124,0.008176,0.051747,-0.074265,-0.077344,-0.023384,-0.014809,0.046085,0.015875,-0.030085,0.016366,0.018227,0.016707,-0.016027,0.054552,0.010802,0.064637,-0.033761,-0.010998,-0.013353,-0.019379,-0.067781,-0.098150,-0.122380,0.050520,-0.002063,-0.029676,-0.000000,-0.003429,-0.012962,0.048849,0.011743,-0.003856,-0.001865,0.019978,-0.023010,0.060937,0.034560,-0.019704,-0.027889,-0.021313,0.024984,-0.034794,0.008031,-0.002806,-0.012542,-0.080058,0.050493,-0.052153,0.067854,0.083950,0.003654,0.021642,-0.038313,-0.027076,-0.011298,0.056377,-0.047316,0.065226,-0.009402,-0.007453,0.073677,0.082392,-0.104337,0.017269,-0.030098,-0.019091,-0.072007,-0.044036,0.087115,-0.055512,0.130322,0.040096,-0.021048,-0.107349,-0.086761,0.022911,-0.075321,0.070031,-0.007647,0.025696,0.025822,0.056855,0.017795,-0.011882,-0.000735,-0.081800,-0.038524,0.027636,-0.086772,0.027957,-0.020526
0.072020,0.018871,-0.007886,-0.055277,-0.019751,-0.028995,-0.128028,0.135160,-0.002982,0.020256,-0.068013,0.069736,-0.020717,0.062124,-0.033890,-0.018335,0.082762,0.018579,-0.079331,0.076689,0.064448,-0.023448,0.062729,0.007981,-0.057980,-0.038666,-0.070078,-0.030039,-0.023136,-0.066360,-0.037727,0.092538,0.039555,-0.024122,-0.032987,-0.083688,0.004227,-0.011375,0.080826,-0.004572,-0.013714,0.022570,0.050214,0.090037,0.020296,0.037771,-0.017874,-0.024485,-0.033803,0.030404,0.022972,-0.008418,-0.030594,0.012850,0.008242,0.026600,-0.067722,-0.040553,0.010325,0.067855,0.095540,-0.021860,-0.028466,-0.024264,0.010113,-0.085958,-0.060304,-0.087123,-0.090701,0.058859,0.011628,0.059932,-0.050653,-0.073654,0.018083,-0.051153,0.022785,0.046635,0.017315,-0.058673,0.046012,0.020676,0.002630,0.028424,-0.007650,-0.002961,0.011940,-0.011987,-0.085011,0.021986,-0.009401,-0.056189,-0.067355,-0.015951,-0.069801,0.079424,-0.088312,-0.024606,-0.050826,-0.015665,0.038149,0.062649,-0.008657,0.008405,-0.000736,0.071977,0.033451,0.025346,0.062316,0.025241,0.014330,0.024987,-0.061773,0.078867,-0.017252,-0.040833,0.005182,0.014886,0.004964,0.019068,0.042556,-0.030260,0.053807,0.008325,-0.014812,0.039654,-0.074336,-0.000000,-0.060344,0.055077,0.073111,-0.006105,0.059009,-0.021568,-0.071403,0.028060,0.088209,0.020761,-0.074456,0.024721,-0.019988,0.025004,0.118528,-0.084738,-0.005372,0.069493,-0.116007,-0.003060,-0.020372,-0.111462,0.036669,-0.015024,0.052607,-0.047565,-0.045382,0.017740,-0.062306,-0.010090,-0.047032,-0.015229,-0.068862,0.023496,-0.059053,-0.007504,-0.009642,0.012671,0.001337,0.022952,-0.032422,0.020388,0.008591,0.001287,-0.029007,0.018277,0.100141,-0.052853,-0.090893,-0.011300,0.030668,0.100446,-0.007375,-0.000554,0.072807,0.038566,0.012903,-0.037379,-0.017631,0.097954,-0.018856,-0.012309,0.012514,0.034200,-0.001514,0.073811,-0.002421,0.010534,-0.030970,0.066294,-0.028570,-0.111001,0.011150,0.035496,-0.068868,-0.014916,0.004149,-0.018120,0.124016,0.045618,-0.063791,0.028194,0.079640,-0.095303,0.051248,-0.053137,0.027777,0.006317,-0.032352,-0.029246,-0.007200,-0.038151,-0.023926,0.010566,-0.051314,0.000000,-0.071796,0.014644,-0.044216,0.078964,-0.046632,-0.036345,0.103496,0.153405,-0.021198,-0.010250,0.001531,0.049899,-0.007033,0.024851,0.036704,0.036435,-0.009904,-0.084732,0.000780,-0.017923,0.130969,-0.000925,-0.002979,0.050382,0.003237,0.053730,-0.028004,-0.106928,-0.057011,-0.014353,-0.012143,-0.087846,-0.007726,0.026421,0.004799,-0.042561,0.000804,-0.002738,0.031269,0.008009,0.068618,0.032534,0.044282,0.000674,0.031784,-0.030410,0.060135,0.037994,-0.010875,0.019209,0.012731,0.048870,-0.033248,0.042034,-0.012410,-0.062374,-0.020892,-0.043439,0.043463,0.024591,-0.022607,0.032374,-0.051374,-0.051585,0.038037,0.048037,-0.025012,-0.017099,-0.033600,0.011509,0.034868,-0.022476,-0.011138,0.032851,-0.047061,0.033459,0.134780,-0.014354,0.088641,0.044898,-0.104932,-0.069522,0.018336,-0.086129,0.009937,-0.064921,0.009178,0.015836,0.011102,0.063196,-0.050427,-0.013655,-0.012397,-0.113054,-0.022176,-0.000000,-0.057939,-0.010329,0.016773,0.014418,0.021318,0.060385,0.076189,0.089398,-0.064402,-0.032123,0.039178,-0.000214,0.007677,0.135146,-0.059426,0.013795,-0.059387,-0.013074,-0.028988,0.046914,0.030312,0.060202,-0.004419,-0.001695,-0.070114,0.032144,-0.102923,0.031388,-0.042819,-0.075304,0.060883,0.015357,-0.033694,0.002212,0.042224,-0.008147,-0.086623,0.047596,-0.000631,0.053655,-0.067408,-0.023281,0.000058,0.075582,0.114963,-0.027831,-0.062840,0.014600,-0.054300,-0.077312,0.058300,0.045631,0.005711,0.007112,0.076422,0.057194,-0.009010,-0.026577,-0.163085,-0.012992,0.000323,-0.108378,-0.027008,0.031083
0.077403,-0.017575,0.034480,0.015046,0.079231,-0.012831,-0.039685,-0.009432,0.023168,0.002678,-0.002647,0.049584,-0.068112,-0.005734,-0.003475,-0.002014,0.013589,-0.044140,0.009067,0.020775,-0.083174,-0.008782,0.062216,0.028890,0.043136,-0.029874,0.074461,0.049696,0.026414,0.002829,-0.083821,-0.006810,0.067360,-0.003361,0.095530,0.036950,-0.024161,-0.006155,-0.036207,0.042017,0.066443,-0.053730,-0.062642,-0.011565,-0.031641,-0.014190,0.025747,0.017288,-0.025375,-0.001596,0.035887,0.128999,-0.015476,-0.093725,0.031515,0.060847,0.014706,-0.036619,0.065142,0.030443,-0.041627,0.024601,-0.097994,0.035330,0.066396,-0.017144,-0.014597,0.022226,-0.094686,-0.058596,0.036817,-0.059135,0.006531,0.013056,0.005630,-0.017804,0.105322,-0.034693,0.044988,0.008794,0.016908,-0.081352,-0.033800,-0.078461,0.049120,-0.024895,0.036791,-0.040697,0.135052,-0.006062,-0.004896,-0.001473,-0.061476,0.015903,0.075030,0.040462,-0.021646,0.020100,0.027969,0.050959,-0.012006,-0.022183,0.031825,0.061906,-0.009239,-0.095157,-0.029804,0.023651,0.036563,0.027038,0.004243,-0.012046,-0.059402,0.045991,0.016381,-0.065571,0.023153,-0.120892,-0.005228,-0.041380,-0.059311,-0.002803,-0.102013,0.002049,-0.012723,-0.030170,-0.060007,-0.000000,-0.020709,0.026276,-0.001419,-0.121447,-0.076822,0.065867,-0.039455,-0.013691,-0.042234,-0.009622,0.040316,0.054237,0.039728,0.030762,0.056762,-0.013823,0.010274,0.025366,0.063694,0.068963,0.010809,-0.002271,0.033252,-0.034921,-0.072370,-0.040115,0.007139,0.031810,0.081193,0.020484,0.034459,0.022469,-0.054267,0.032909,-0.094666,0.026347,-0.034777,0.033115,-0.030560,0.051064,-0.050129,0.028030,-0.039146,0.032757,0.024855,0.046643,0.058035,0.010307,-0.093055,-0.048487,-0.043576,0.028973,-0.002808,-0.068945,-0.021699,-0.028558,-0.005717,-0.064476,-0.005310,-0.025536,-0.027087,0.006857,-0.025035,-0.043026,-0.096009,0.034792,-0.022648,0.047672,0.003754,0.012512,0.020214,0.069105,0.007428,0.081012,-0.008086,0.089076,0.042399,0.074532,0.071714,-0.047513,-0.036219,-0.072603,0.019364,-0.018918,0.063387,-0.037966,0.035921,0.002183,0.079072,-0.028240,-0.037129,0.039912,-0.029429,0.034831,-0.027979,0.000000,0.002814,-0.010903,0.031783,0.099875,-0.034111,-0.009310,0.024700,-0.060877,0.057421,0.053415,-0.109739,0.053247,0.039183,0.072131,0.028889,-0.025664,0.064606,-0.005216,0.085218,-0.072885,-0.099912,0.089086,-0.021537,0.079413,-0.014371,0.043778,-0.052872,-0.043282,-0.090039,-0.049687,-0.052038,-0.002061,-0.056761,-0.027104,-0.093060,0.112557,0.001282,-0.025070,0.025700,0.038675,0.000970,-0.065899,-0.031745,-0.001188,0.001442,-0.047038,0.016023,-0.069101,-0.096453,0.000210,0.019493,0.077381,-0.010645,-0.012327,-0.138367,0.017051,0.079875,0.046596,-0.033233,-0.039162,0.023784,0.043555,0.001925,0.080639,-0.026381,0.004808,0.052727,-0.157198,0.015627,-0.046564,-0.059611,-0.041106,-0.072658,0.020980,-0.075001,0.097276,0.021439,0.005058,0.035475,0.062313,0.040274,-0.074309,0.008330,-0.102905,-0.024038,-0.118828,-0.029647,0.026412,-0.007191,0.050646,-0.096929,-0.005601,0.019709,-0.051170,-0.030467,-0.000000,-0.025447,-0.013371,0.089778,0.132616,-0.013001,0.046394,0.054083,0.077384,0.045661,0.059735,0.082542,0.021520,-0.022943,0.007991,-0.002371,0.025762,0.024468,0.030580,-0.031960,0.020054,0.013448,0.160765,0.003554,0.041987,0.013697,-0.010693,-0.058212,0.031612,-0.027023,0.021177,-0.050321,0.015561,-0.015586,0.027085,0.030342,-0.034611,-0.058757,0.025965,-0.003207,0.013473,-0.021090,-0.058378,-0.049748,-0.002348,0.053609,-0.008676,-0.114000,0.071169,0.037367,-0.005196,0.014326,0.021361,-0.047768,-0.006621,0.126510,-0.102631,-0.034496,-0.016780,-0.105861,-0.040857,-0.039063,-0.102046,-0.016640,-0.019979
0.081826,-0.059166,-0.059500,0.007104,0.024680,-0.010237,0.017232,-0.045141,0.056544,0.044227,-0.007374,0.070190,-0.061994,-0.009413,-0.015996,-0.025917,-0.072438,-0.060747,-0.025140,0.079810,0.074907,-0.070710,0.012290,-0.020329,0.086948,-0.006290,0.017611,0.054243,-0.022376,0.076177,0.006642,0.046095,-0.049315,0.028448,0.019073,0.047365,0.006810,0.055188,0.068938,-0.005531,-0.032453,-0.054016,-0.063821,-0.000573,0.024935,0.041906,-0.050479,-0.013369,0.004059,0.016835,-0.072895,0.032052,-0.048385,-0.046175,-0.021473,0.032626,-0.061908,-0.038546,0.057359,0.005067,0.061734,-0.050870,0.064716,0.017963,0.065540,-0.066424,0.004909,0.062373,-0.062331,0.000641,0.078771,-0.064260,-0.048700,-0.010298,-0.076179,0.013015,0.055882,0.091616,0.086657,-0.017427,-0.003290,-0.015321,0.041110,-0.031532,-0.019559,0.043720,0.019840,-0.037656,0.072235,0.018619,-0.029494,-0.065280,0.030888,0.018578,-0.020345,0.097942,-0.073778,0.037625,-0.092610,0.033651,0.020882,0.028093,-0.024916,-0.047543,-0.037563,-0.070336,0.043148,-0.034188,0.009900,-0.073913,-0.004759,0.079774,0.031133,0.036599,-0.129031,0.083335,-0.029800,-0.047708,0.113135,0.002152,0.018538,-0.002826,-0.062491,0.053268,-0.069642,-0.062076,-0.027888,-0.000000,-0.067283,0.030094,-0.001969,-0.069258,-0.067543,-0.021183,0.034352,-0.056739,-0.048125,-0.004818,0.002990,-0.006743,-0.007331,0.077256,0.037842,-0.083679,0.005741,0.072183,0.125871,-0.083856,0.015719,-0.045074,-0.041779,-0.027351,-0.038247,0.004465,-0.048455,-0.061687,0.025189,0.007875,0.018412,0.093559,-0.058685,-0.052163,-0.029927,-0.004000,0.006299,0.003686,-0.021512,0.007105,-0.002569,0.083059,-0.008622,-0.037488,0.002493,0.081327,0.080583,-0.021286,-0.118658,0.001427,-0.002510,0.011456,0.033307,-0.036593,0.002812,-0.025471,0.027471,-0.055019,-0.056338,-0.039928,-0.006721,-0.024481,-0.041543,0.075761,-0.184623,0.142417,0.047849,0.074595,-0.042306,0.051361,0.020460,-0.015412,-0.009106,0.021336,0.016108,0.025666,-0.025022,0.075388,0.091989,0.021432,0.019211,-0.013089,0.021351,0.058027,0.019061,-0.029135,0.040459,0.073933,0.038613,-0.060313,-0.014565,0.004164,0.002291,0.028686,-0.022569,0.000000,-0.159351,0.027261,0.010523,-0.017465,-0.039825,-0.030309,0.072209,-0.030858,0.048140,-0.009761,0.016959,0.007951,-0.024265,0.031607,-0.019843,-0.099563,0.023454,-0.045352,0.035809,-0.065496,-0.015800,0.052392,-0.095669,0.103433,0.038068,0.061407,-0.082374,0.000503,-0.053985,0.004715,-0.051212,-0.021429,0.003654,-0.013881,-0.033620,-0.006891,0.042976,0.007907,-0.043103,0.007059,0.061303,-0.051742,-0.058740,-0.022644,0.038129,-0.018228,0.185521,0.057017,0.093121,0.016693,0.028350,0.030890,-0.028554,-0.036055,-0.096566,0.058890,0.074138,-0.022741,-0.058555,-0.008693,0.035158,0.060943,0.021416,0.068164,-0.040827,-0.002096,-0.025052,0.014318,0.008815,-0.046624,0.104994,-0.073655,-0.055119,-0.028513,-0.038228,0.053731,0.056023,0.015260,0.053006,0.000490,0.034872,0.041367,0.008545,-0.009574,0.001277,-0.045594,-0.051611,-0.018979,-0.064156,-0.011336,-0.110663,-0.044071,0.081182,0.036052,-0.068474,-0.000000,0.038017,-0.059336,0.027870,-0.016599,0.011538,-0.016999,0.077326,-0.073702,0.092316,0.030849,0.056573,-0.014049,-0.085485,-0.020169,-0.091205,0.042810,-0.005673,-0.031360,-0.045186,0.036328,0.032012,0.097601,-0.001924,0.034493,0.048242,0.033890,0.034741,0.062646,0.056942,-0.024458,-0.004648,0.036356,0.048627,0.045462,-0.061311,-0.043580,-0.009945,0.036900,0.005853,-0.031337,-0.059967,-0.033557,0.004711,0.029196,-0.015599,-0.000601,-0.078048,0.007340,0.021185,-0.069582,0.040191,-0.006407,0.051991,-0.029017,0.043866,-0.003707,-0.103004,0.035049,-0.053054,-0.061403,-0.006040,-0.118788,-0.018638,0.049359
0.022121,-0.080244,-0.022118,0.051562,0.070179,0.054480,0.037230,0.003800,-0.030867,-0.069664,-0.041628,0.062512,-0.053371,-0.031889,0.117938,-0.084610,0.019874,-0.030499,-0.037699,0.075704,-0.058514,-0.006016,-0.007498,0.021938,-0.001853,0.046407,0.021917,0.030605,0.020971,-0.007742,-0.029463,0.101520,0.092502,0.006209,0.004365,0.007825,-0.023039,0.006491,0.042705,0.020329,-0.027794,-0.024723,0.035191,0.011410,-0.046989,-0.031594,0.016531,-0.019563,0.016496,-0.001729,-0.095770,0.004038,-0.015423,-0.048699,-0.029581,0.021856,-0.059646,-0.052230,0.036526,0.015118,0.011205,0.003072,-0.005659,0.112020,0.128443,-0.011901,-0.073226,0.144782,-0.058845,-0.101321,0.022953,-0.053247,-0.049717,-0.056166,-0.059452,0.002078,0.048680,-0.057764,0.084730,0.012713,0.034260,-0.024965,-0.051956,-0.061612,-0.015062,-0.038536,0.015915,-0.029128,-0.058587,-0.044628,-0.065211,0.026963,-0.066979,0.014481,0.030304,0.077557,-0.071912,0.006798,0.033699,0.041934,0.017794,0.042030,0.006301,-0.074151,-0.127577,-0.115232,-0.035985,0.028854,0.031692,0.041180,-0.031167,0.070348,-0.024616,0.016967,0.002386,-0.013300,-0.008824,-0.036824,0.051876,0.036042,0.006905,0.051728,-0.016988,0.026459,0.010370,0.008728,-0.031364,-0.000000,-0.070270,0.009060,0.001080,0.117213,-0.012738,0.045476,-0.069447,-0.045906,-0.026684,0.027990,0.063116,0.069024,0.005285,0.130484,0.013947,0.000468,-0.064099,0.094776,0.041265,-0.051157,-0.010190,0.032519,-0.020590,0.009106,-0.010208,-0.020022,0.014617,0.016528,-0.007067,0.005124,-0.008700,0.086814,-0.025907,-0.008310,-0.065670,0.041610,-0.080801,-0.032735,0.042753,0.055422,-0.049975,0.013138,-0.045645,-0.009815,0.026079,0.074664,-0.000381,-0.000203,-0.028001,-0.004744,-0.054623,0.005022,-0.003123,-0.018268,-0.004499,0.011548,-0.026170,-0.103747,-0.071792,0.006707,-0.023514,0.069184,-0.062102,-0.112049,-0.080156,0.127420,-0.034140,0.062542,-0.055945,0.024710,0.004599,0.016801,-0.045554,0.074304,-0.004242,-0.022588,-0.064442,0.142636,0.089817,0.026973,-0.002375,-0.054520,0.022373,-0.001086,-0.076842,0.027045,0.031008,0.045516,0.017152,0.018153,-0.020950,0.012711,0.006539,0.034317,0.015613,0.000000,-0.110973,0.058595,-0.041776,0.039086,0.020906,-0.009741,0.049572,-0.018667,0.103847,0.104645,-0.013517,0.049258,0.005312,-0.025048,-0.099949,-0.027626,0.052994,0.002152,0.109030,-0.086938,0.024336,0.012517,0.009625,0.045423,0.041886,-0.008137,-0.052237,0.020641,-0.006266,-0.019878,-0.017602,-0.102162,-0.043551,-0.009601,-0.062287,0.076248,0.011183,-0.099452,0.000268,0.033369,-0.013689,-0.069499,-0.024030,0.084621,-0.037028,-0.013164,0.067598,-0.010580,0.050850,-0.015909,-0.004612,0.104119,-0.059064,-0.107861,-0.088090,0.053760,0.045336,0.017920,-0.036243,0.021435,0.021587,0.078414,-0.014183,-0.044235,0.005789,-0.037475,-0.009374,-0.082090,-0.045566,-0.028963,0.101528,-0.084126,-0.024602,-0.024087,-0.012680,0.016745,0.087176,-0.069171,0.011306,0.003068,-0.015763,0.032928,0.010871,-0.004592,0.035591,0.011846,-0.101694,0.013412,-0.015658,0.014096,-0.118395,-0.040177,0.028982,-0.019536,-0.017951,-0.000000,0.030269,-0.027680,0.071896,0.029075,-0.022099,0.012491,0.082681,-0.038259,0.026502,0.034271,0.028186,0.085858,-0.139602,0.033741,0.003074,-0.044740,-0.092928,0.000567,-0.050266,-0.014581,0.086385,0.086379,0.030155,0.030876,0.034747,0.046335,0.042398,-0.010582,-0.009025,-0.006080,-0.065419,0.029469,-0.035987,0.006077,-0.028027,0.026670,-0.037239,0.039305,0.054741,-0.004095,-0.136317,-0.049564,0.019174,0.061090,-0.000100,0.058177,-0.086122,0.051240,0.030893,-0.061233,-0.014469,-0.014035,0.040879,0.009549,0.036970,-0.025283,-0.089905,0.007179,-0.024242,-0.034524,0.001951,-0.052434,-0.069782,0.084780
-0.093511,0.058189,-0.091640,-0.090452,-0.037877,-0.004838,-0.006127,0.031917,0.077597,-0.043734,0.033329,0.029447,0.060075,0.027962,-0.043603,-0.096463,-0.016719,-0.003625,0.016768,-0.009167,0.080944,-0.004249,-0.041072,0.006864,0.037721,0.014290,-0.026792,0.096283,0.035337,-0.128938,0.004211,0.025291,-0.019321,0.015187,-0.066246,-0.030505,0.062002,0.055228,-0.006663,-0.044455,-0.015847,-0.027491,0.031761,0.084985,-0.032633,0.087798,-0.014413,0.058098,-0.019907,-0.003110,0.044385,-0.040783,-0.103416,0.086141,-0.011872,0.006294,-0.103738,-0.016052,-0.043733,0.067262,-0.034408,0.015307,-0.056011,0.065279,0.063999,-0.002564,0.017321,-0.003958,-0.032941,0.009392,-0.032786,-0.021280,-0.080824,0.039560,-0.012547,0.064153,-0.088629,0.021027,-0.035967,0.040756,-0.063669,0.090121,0.012674,-0.011851,0.090758,0.054102,-0.049422,-0.065537,-0.042993,-0.019787,-0.008942,-0.062919,0.166201,0.059778,-0.043684,0.096889,0.022603,-0.003788,0.044763,0.039509,-0.020983,0.041228,-0.078637,-0.030231,-0.046577,-0.037358,0.048377,0.031880,0.067156,-0.049234,-0.049576,-0.045042,-0.020478,-0.072436,-0.077071,0.027334,-0.023526,0.044320,0.113285,-0.103204,-0.037253,-0.046771,-0.055410,0.014540,-0.015090,0.013464,-0.005393,0.000000,-0.014689,0.100908,0.008023,0.071660,-0.085854,0.020124,-0.046165,0.028945,0.004433,0.018028,-0.037566,0.001529,0.086920,0.057991,0.073372,-0.036961,-0.037980,0.054933,0.065210,0.035169,0.046868,-0.040145,0.019495,-0.045991,0.055424,0.080673,-0.006839,-0.000924,0.043468,0.024180,0.080129,-0.004907,-0.088759,0.027507,0.041398,0.040742,0.019075,-0.023261,0.018745,0.007062,0.053591,0.003057,-0.094509,0.000348,-0.001025,-0.025601,-0.049111,-0.083760,0.057576,-0.000263,0.055484,0.009611,0.012714,0.012368,0.069605,-0.001142,-0.060280,0.038124,0.043948,0.110785,-0.046274,0.065368,-0.004418,0.045654,0.020362,0.100541,-0.045408,-0.030626,0.024105,-0.042662,0.077002,-0.028600,0.040263,0.053606,-0.083307,0.013221,-0.074588,0.014521,0.084706,0.025683,0.009677,0.028751,-0.041957,0.084563,-0.017027,-0.079763,0.051627,-0.047566,-0.057755,-0.003469,-0.022181,-0.019761,0.005035,-0.039908,-0.003720,-0.000000,0.003130,-0.028346,-0.052059,0.061710,-0.060797,0.032778,0.131931,0.028956,0.047614,0.115628,0.027299,0.000119,-0.069727,-0.017088,0.028673,-0.009662,-0.058995,-0.032339,-0.004436,0.050433,-0.020843,0.041999,-0.096894,-0.040645,0.088313,0.049761,-0.073010,-0.040696,-0.026865,0.021904,-0.057912,-0.072721,-0.069822,-0.054591,-0.092133,-0.044208,0.012531,0.057438,0.011230,-0.004753,0.045312,0.054740,-0.001572,0.018062,0.026842,-0.028097,-0.019031,0.034846,-0.027762,0.008364,0.013741,0.023350,-0.018401,0.019540,-0.018386,0.041798,0.036366,0.053519,0.000039,0.008961,0.102531,-0.052317,0.023949,0.006494,0.073095,-0.036001,-0.020171,-0.020815,0.009000,-0.076670,0.140714,-0.062950,0.038007,-0.060500,0.039258,-0.045133,0.125171,-0.047786,-0.058356,-0.004875,-0.111676,-0.024869,-0.013980,-0.008152,0.081994,-0.027941,-0.024433,-0.017675,0.005589,0.002210,-0.040545,0.035750,0.020439,0.041734,-0.028149,-0.000000,-0.031291,-0.016516,-0.023791,0.028065,-0.045505,0.008691,0.030230,-0.050373,0.005688,-0.077749,0.082058,-0.089505,-0.079444,-0.004554,0.019617,-0.003575,-0.050013,-0.010325,-0.113989,-0.015138,-0.041852,0.091095,0.008932,-0.013101,-0.034389,0.045664,0.032290,0.027729,0.038197,-0.034900,-0.069300,0.057438,0.007537,0.020888,-0.012778,0.060109,-0.073791,0.001143,-0.026463,-0.069096,-0.049796,-0.064470,-0.039277,0.054146,0.142699,0.042476,-0.035116,0.010281,-0.052888,-0.066953,-0.013057,0.018108,0.022533,-0.001742,-0.003640,0.010822,-0.007641,-0.108606,0.027423,0.006701,0.031251,0.015237,0.059998,-0.004992
0.075413,-0.060293,-0.041147,0.056812,0.024982,0.009200,-0.047101,-0.051827,0.000586,-0.067022,-0.024002,0.088763,-0.051520,0.035284,-0.002742,-0.060913,0.022230,-0.052799,-0.025361,0.012885,-0.027003,-0.048952,-0.003888,-0.031100,0.021199,0.049169,-0.004704,0.033704,0.021941,-0.037872,-0.086623,-0.039135,-0.097517,0.033387,0.051243,-0.030218,0.016808,0.005699,0.081356,-0.004408,0.095329,-0.131103,-0.022303,-0.002072,-0.021869,-0.007315,0.008986,0.013921,0.006022,-0.061307,0.000488,0.069135,-0.094345,0.042996,0.035929,0.050195,-0.052937,-0.031548,0.029409,0.009429,0.059805,-0.003573,0.017419,0.047314,0.040185,-0.041756,0.029847,0.123014,-0.018241,-0.047630,0.030305,-0.027203,-0.073696,-0.008470,-0.001082,-0.025414,0.085157,-0.035774,0.054164,-0.019486,0.029515,0.047993,-0.008183,-0.073637,-0.052230,-0.025256,-0.011665,-0.036660,0.011872,-0.053244,-0.062407,-0.020433,0.039452,0.028525,-0.012596,0.057300,-0.020156,-0.016431,0.024182,-0.017026,0.061549,0.072876,0.010189,-0.040071,-0.116131,0.044092,-0.033077,0.043901,-0.025972,-0.018616,-0.098232,0.019162,0.004591,-0.038101,-0.089674,-0.031786,-0.059923,-0.059693,-0.012463,0.095564,-0.124228,0.030266,-0.026128,0.079360,-0.002236,0.010380,-0.046926,-0.000000,-0.091321,0.003750,0.071227,-0.053176,-0.023020,0.092965,-0.101882,-0.038798,-0.029929,0.060017,-0.020328,0.029863,-0.045014,0.101227,0.031317,-0.068892,0.029289,0.003773,0.014465,-0.090431,-0.003727,0.014675,0.008219,0.000517,0.033857,0.001435,0.051064,-0.018930,0.049729,0.010804,-0.029975,0.060665,-0.024873,0.063998,-0.072887,0.057670,-0.030953,-0.041884,-0.074789,0.020152,-0.053511,0.037024,-0.056482,0.018061,0.051711,0.084801,0.030226,0.026806,-0.033527,-0.049712,-0.028353,0.035316,-0.072849,-0.065163,0.019908,-0.017791,-0.023346,-0.058863,-0.028174,0.039427,-0.112278,0.031916,-0.081040,-0.006200,0.005988,0.108350,-0.032769,0.025101,-0.048454,0.082492,-0.043818,0.013749,0.043643,0.040194,-0.037058,0.021037,-0.007746,-0.002015,0.070119,0.030544,-0.039922,-0.044125,0.058485,0.059222,0.059948,-0.068392,-0.039513,-0.070180,0.075366,0.024056,-0.053370,0.018042,0.059158,0.022971,0.022774,-0.000000,-0.023798,-0.001174,0.020710,0.055248,-0.022977,0.021381,0.032200,-0.093981,0.043385,0.059846,-0.023974,0.043010,0.069724,-0.032961,-0.014153,-0.004958,0.107101,-0.048866,-0.015340,-0.024965,-0.047264,0.036740,-0.034995,0.091904,-0.034782,0.023615,-0.068880,-0.003250,-0.018903,0.092376,-0.030048,0.055674,-0.057544,-0.025708,-0.077895,0.129374,0.047347,0.016483,-0.017482,-0.041546,-0.001576,-0.079638,-0.038803,0.024984,-0.007163,0.084916,0.014067,-0.070011,-0.056153,0.023358,-0.040039,0.055967,-0.085550,-0.020273,-0.007676,0.089584,0.071101,0.056197,-0.054003,-0.060779,0.094603,0.024829,0.040373,0.055121,0.023291,-0.050951,0.013409,-0.067916,0.047064,-0.024331,0.072775,-0.001317,-0.012750,-0.043457,-0.019267,0.053333,0.039729,-0.038927,-0.019575,-0.022093,0.022307,-0.002350,0.038412,-0.078066,0.083034,0.000566,-0.009965,-0.126172,0.070877,0.056700,-0.109750,-0.008880,0.066070,-0.041720,-0.070902,-0.000000,0.006049,-0.033054,0.048521,0.018784,-0.020491,0.019671,0.055267,0.180490,0.038580,0.110103,0.055201,0.062662,-0.016506,0.023340,-0.010717,-0.003768,-0.027999,0.007901,-0.015999,-0.000327,0.013442,0.076455,-0.028068,0.050414,0.067858,-0.033764,0.054815,0.047052,0.036417,0.036980,-0.006185,-0.100468,-0.020365,0.058899,0.029600,0.037186,-0.056598,0.085172,-0.081270,-0.060032,-0.004098,-0.007173,-0.021023,0.029211,-0.008941,-0.024449,-0.138809,0.054625,0.079644,-0.050644,-0.036169,-0.010436,-0.035877,-0.029274,0.095212,-0.037797,-0.052320,0.028987,-0.019943,-0.007982,-0.068112,-0.033356,0.014045,-0.018555
-0.058412,-0.086961,-0.004575,0.019528,0.011308,0.013959,-0.052103,0.035006,-0.024473,-0.000715,-0.087313,0.065763,-0.039714,0.024240,0.038823,0.012905,0.060241,-0.126124,0.018880,-0.004498,0.042120,0.021367,-0.039865,0.043447,-0.006068,0.022135,-0.025335,0.016974,0.033768,-0.048921,-0.039432,0.016183,0.005739,0.037028,0.025512,-0.026489,-0.031215,-0.040582,0.098095,0.000291,0.015725,-0.076646,-0.089117,-0.017169,-0.013664,-0.066255,0.003032,-0.027317,0.000270,-0.010608,0.009101,-0.035182,-0.025043,0.021000,0.045130,-0.025308,-0.020531,-0.103413,0.021164,-0.007036,0.034244,-0.004674,0.016342,0.042709,-0.062579,-0.019659,0.006479,0.067126,-0.018989,-0.080268,-0.037776,-0.001447,0.018319,-0.043790,0.045910,-0.001205,0.047080,-0.041660,0.075902,-0.036776,0.051701,0.008569,-0.076739,-0.081217,-0.054652,0.021422,-0.017954,0.021020,-0.034792,0.006790,0.015479,-0.055686,0.042765,0.020850,-0.021166,0.032121,-0.045903,-0.092854,0.057360,0.034341,0.025471,0.106428,-0.009952,-0.071736,-0.033089,-0.012088,0.038557,0.071089,-0.030680,-0.024782,-0.009503,0.067981,-0.007811,-0.087944,-0.130707,0.083252,-0.096170,0.028158,-0.020850,0.023324,-0.028642,-0.008573,-0.039523,0.105096,0.049256,0.006685,-0.022200,-0.000000,-0.045548,-0.035953,-0.009934,0.060481,-0.018114,0.098158,0.016088,-0.023681,0.020009,-0.065983,-0.037607,0.021089,-0.029265,0.020174,-0.008698,-0.124872,-0.025727,0.109646,-0.055406,-0.067284,-0.041987,-0.072218,-0.037784,0.018476,0.008297,0.085508,-0.011818,-0.085446,0.016018,0.062798,-0.040089,0.044556,-0.044614,0.081427,-0.076751,0.012590,-0.072352,-0.068130,-0.009538,0.012024,-0.042390,0.075249,-0.103650,0.015142,-0.002954,0.013665,0.112185,0.044741,-0.026729,-0.025762,0.059729,0.024859,-0.087599,-0.038596,0.042871,0.020344,0.076914,-0.062113,0.044471,0.008514,-0.011217,0.015990,-0.036890,0.013461,-0.026665,0.095321,-0.022414,-0.027491,0.024708,0.090188,0.052136,-0.057431,-0.002787,0.036668,0.048814,0.027464,0.006113,0.028160,0.017068,0.025879,-0.047083,0.027763,0.063006,-0.011643,0.158685,-0.045806,0.012462,0.068002,-0.015756,0.046153,-0.016409,-0.020442,0.019014,0.046826,-0.000322,-0.000000,-0.006254,0.075417,-0.050835,-0.026219,-0.000593,-0.071689,0.031672,0.056078,0.018613,0.001118,-0.004783,0.071989,0.024406,0.034160,0.004768,-0.094461,0.089171,-0.047810,-0.017731,0.028165,0.073699,-0.039950,-0.080465,0.035888,-0.018714,0.047079,-0.052150,0.099533,-0.048050,0.005192,-0.073869,-0.017282,-0.019141,0.072800,0.038040,0.048019,0.029977,0.004181,-0.094197,0.065212,0.012988,-0.076963,-0.018780,0.001775,-0.026008,0.031172,0.084569,0.013260,0.068426,0.019998,0.035051,0.024497,-0.052462,0.043135,-0.028517,0.075575,-0.050528,-0.003469,-0.023812,-0.033538,0.101247,0.029720,0.076874,-0.062781,0.009972,-0.046489,0.053429,-0.125310,-0.040790,0.015715,0.065086,-0.070236,-0.094120,-0.004421,-0.037577,0.027198,0.035081,-0.062743,0.052503,0.001477,-0.099861,0.012315,0.031507,0.000251,0.047965,0.076109,0.007724,-0.067583,-0.001820,0.000563,-0.165556,0.057421,-0.007935,-0.056252,0.008791,-0.000000,-0.003482,0.052356,0.039945,0.034066,0.069372,-0.022342,-0.090823,0.068121,0.031616,0.018948,0.115570,0.022646,0.113028,-0.034894,0.064935,0.029448,-0.044566,-0.093659,-0.049094,-0.095903,-0.054539,0.032441,0.055986,0.001840,0.035045,-0.009029,0.020307,0.072928,0.061307,-0.013996,0.020570,0.011049,-0.028656,-0.036862,0.059723,0.001287,-0.057533,0.071402,0.052810,-0.004158,0.063487,-0.073803,-0.042728,0.078768,-0.018987,0.027529,-0.082759,0.030531,-0.040473,-0.086877,0.005093,-0.063598,-0.051884,0.040275,0.073913,0.002028,-0.070529,-0.025548,-0.048903,-0.006264,-0.033313,-0.035010,-0.049163,0.053728
-0.021865,0.027673,0.065932,-0.047903,0.038784,-0.009597,-0.048305,-0.013323,-0.005809,-0.007481,0.011940,0.134776,0.011098,0.025121,0.042343,-0.008754,-0.005393,-0.054382,-0.032152,0.017501,0.077308,0.059632,0.003720,-0.023909,0.052784,0.037375,-0.003882,-0.068887,-0.084916,0.057044,-0.052221,0.016590,0.013091,0.048462,-0.002086,0.022573,0.006596,0.006360,0.093040,-0.027842,-0.029932,-0.082310,-0.008402,0.063463,0.004768,0.010426,0.004340,-0.096794,-0.080479,0.014302,-0.000635,-0.059768,0.040781,-0.042667,0.013199,0.033914,0.024362,0.027213,0.002161,0.025423,-0.055262,0.030391,-0.113062,0.091090,0.096044,0.011079,0.031870,-0.019760,-0.032791,0.039771,0.047794,0.024584,-0.014716,0.025791,-0.050942,0.064177,0.025070,0.044821,-0.069639,-0.044473,-0.006685,0.010724,0.023388,-0.073078,-0.045583,-0.018417,-0.016243,-0.097978,0.038637,-0.015889,-0.111325,-0.050577,0.063674,-0.000637,-0.094421,0.026907,-0.061987,0.104085,0.017318,0.006961,-0.065450,0.024533,-0.031473,-0.026503,-0.029686,-0.004558,0.022473,-0.011743,-0.078812,-0.004372,-0.052471,-0.019587,0.138177,0.065427,0.019856,0.109294,0.023662,-0.016824,-0.015198,0.000473,0.051931,0.035151,0.095835,0.030287,-0.099000,-0.043352,-0.030049,-0.000000,0.018666,-0.016811,-0.015164,0.035205,0.034240,0.004587,0.020542,-0.050384,0.122850,-0.022286,0.030072,-0.118876,0.015416,-0.039296,-0.028627,0.045139,-0.002706,0.054040,-0.052830,0.026743,0.096230,-0.023446,0.004900,0.027195,0.019042,-0.016963,0.076983,-0.013893,-0.014507,0.003124,-0.117316,0.013624,-0.029951,0.048916,0.036617,0.042680,0.049663,0.033404,-0.021639,-0.017465,0.014703,0.010193,-0.068422,-0.044112,0.028047,-0.014933,-0.007395,-0.043247,-0.083240,0.040942,0.038025,0.034724,0.082160,-0.002863,-0.024297,0.036814,0.002099,0.003534,0.027410,0.029745,0.092216,-0.020826,-0.055372,-0.026368,-0.034769,0.049577,0.062918,0.041865,-0.093334,-0.047109,0.068315,0.029343,-0.058204,0.037714,-0.026101,-0.031503,-0.017571,0.013724,0.071341,0.012620,0.009627,0.000122,0.000081,-0.009194,0.025511,-0.021731,0.025835,0.052352,-0.019978,0.052539,-0.036579,0.042573,0.017385,0.003439,-0.027403,0.000000,-0.057740,-0.057368,-0.017209,0.055509,-0.009298,0.003902,0.058181,0.026852,0.043290,0.029088,0.039544,-0.038410,-0.004189,0.016394,0.000737,0.009104,-0.041886,-0.065816,0.060320,0.085464,-0.035828,0.023360,-0.011538,-0.027291,-0.011052,0.008624,0.074453,-0.078691,-0.102831,-0.026139,0.038302,-0.037430,-0.175630,0.064845,0.059995,0.009293,0.033055,-0.021324,-0.036048,0.069055,0.060075,-0.060988,-0.174788,0.025501,-0.017638,-0.071746,0.039895,-0.032945,-0.014366,0.021642,-0.000751,0.012187,-0.000001,0.012861,-0.064117,-0.015074,0.126168,-0.029937,-0.056985,-0.020788,0.023409,0.074679,0.039031,-0.099188,0.049252,0.002333,-0.004800,-0.071716,0.068276,0.037476,0.034456,-0.076069,-0.109607,0.005720,0.053912,0.040156,0.051387,-0.085962,-0.062706,-0.072072,0.091058,-0.082698,-0.020588,0.031847,0.032589,-0.058557,-0.032165,-0.005971,0.014297,-0.010666,-0.072839,-0.063591,0.079565,0.000914,-0.040844,-0.000000,0.044181,0.044335,0.045841,-0.025002,0.107721,0.013637,0.056064,-0.002728,0.012445,-0.084917,0.070315,-0.003881,-0.063338,-0.034944,-0.030555,-0.014959,-0.007796,-0.119242,-0.056128,-0.005909,-0.047648,0.035013,-0.007639,0.043389,-0.030802,0.053612,-0.084714,0.050023,-0.078948,0.019152,-0.012640,-0.046790,0.015913,0.062146,0.084576,-0.000128,0.031761,0.035424,0.051956,-0.037721,-0.022548,0.003058,0.003135,0.171001,0.089379,-0.021433,-0.044391,-0.022774,0.034459,-0.078935,-0.003743,-0.022089,-0.052316,-0.020282,0.075238,0.070206,0.085526,0.014854,0.000847,-0.026336,0.066001,-0.106708,0.055480,-0.015524
0.098462,-0.044375,0.028049,0.011011,0.031103,-0.063641,-0.128589,0.054319,0.000232,0.019571,0.037251,0.103701,-0.021103,0.059379,-0.010405,-0.020913,-0.085414,-0.039150,0.028121,0.060544,-0.066512,0.051345,0.043796,0.007957,0.011626,0.023239,-0.050516,0.054587,0.039983,0.046948,-0.072046,0.072239,0.118978,-0.040203,0.032538,-0.068296,-0.057321,-0.001080,0.024454,0.004008,-0.006511,-0.031889,0.068855,0.062451,-0.022156,0.061364,-0.019576,-0.007286,0.026727,0.032467,0.004141,0.088099,-0.009853,0.021452,-0.029933,-0.046882,-0.087625,-0.005926,0.047298,0.034312,-0.017905,-0.003290,0.041076,0.008751,0.001948,-0.018624,-0.008336,-0.028601,-0.028397,0.048793,-0.004069,0.014553,-0.061355,-0.041407,0.055908,0.000191,-0.028232,0.137397,0.125138,-0.005491,0.009619,-0.027242,0.055837,0.009740,-0.024385,0.017186,0.042043,-0.019532,-0.061888,0.011568,0.093359,-0.028382,-0.042530,0.018012,-0.006478,-0.041220,-0.020208,-0.023211,-0.038536,0.044049,-0.045764,0.092130,-0.023748,0.008937,0.072940,0.003998,0.078385,-0.050467,0.006255,0.045991,-0.009978,0.018120,-0.047983,0.059422,-0.007850,-0.117554,-0.013514,0.002516,0.020993,-0.031342,0.015364,0.012160,-0.030491,0.025590,-0.025095,0.038779,-0.001063,-0.000000,0.032109,0.004088,0.038414,-0.074377,-0.016643,0.005276,-0.098318,0.035230,0.064310,-0.005713,-0.015307,-0.006145,-0.007034,-0.040316,0.122541,-0.076045,-0.078424,0.040900,-0.064144,-0.067078,0.001890,-0.054737,0.096951,-0.031266,-0.002561,-0.019159,-0.033996,-0.034480,-0.033616,-0.016429,-0.008898,0.011610,-0.042043,0.009693,-0.094705,0.009730,0.056322,-0.053563,0.030020,0.039559,-0.019274,0.036859,-0.030617,-0.059448,0.032702,0.017904,0.086634,-0.008836,-0.031102,-0.069174,-0.049704,0.080593,0.011804,-0.107857,-0.052329,-0.046294,0.053451,0.007951,-0.026472,0.034434,-0.030345,0.019949,0.026806,-0.078638,-0.062337,-0.004440,0.019834,0.017097,-0.017597,0.079014,0.075047,-0.018341,-0.054028,0.041934,-0.027956,-0.011084,0.058562,0.039970,0.058831,-0.075273,0.023885,-0.027369,0.091928,-0.093940,0.094975,-0.052855,0.065485,0.046507,0.006684,-0.085887,-0.049177,-0.031960,0.032145,0.060047,-0.044028,-0.000000,-0.117463,0.033936,-0.052497,0.020601,-0.027160,-0.013370,0.042923,0.066502,0.021761,-0.020116,0.060462,-0.004195,-0.014045,-0.026680,0.073124,0.007479,-0.012692,-0.058236,-0.026439,-0.071551,0.046863,-0.010933,0.031866,0.084384,-0.009792,0.021390,-0.062022,-0.023850,-0.144850,-0.012841,-0.054374,-0.060870,0.027554,-0.021389,0.013005,-0.086347,0.011258,-0.039154,0.017637,0.007616,0.072330,-0.037316,0.022132,0.019182,0.025254,-0.038969,-0.028809,0.046518,-0.006896,-0.027347,-0.034275,0.060170,-0.122586,0.022712,-0.061649,0.074830,0.000238,-0.006664,-0.048521,-0.036497,-0.035713,-0.010506,-0.065055,-0.092997,0.113523,0.043282,-0.004448,-0.137549,-0.074305,0.024039,-0.001621,0.000150,-0.025164,0.022901,0.008444,0.062936,0.072522,-0.033736,0.069931,0.025684,-0.066147,0.001819,0.031095,-0.029758,-0.038198,0.016506,0.034928,-0.050567,-0.091867,0.080971,-0.026756,-0.047142,-0.002763,0.013723,-0.022313,-0.000000,-0.011579,0.067552,0.004967,0.075890,0.035967,-0.032782,0.042017,0.067467,0.005179,-0.063511,-0.012267,-0.014381,0.001282,0.036702,0.031114,0.005803,-0.138302,0.057128,-0.079164,-0.093535,-0.015918,0.022822,-0.035376,0.017916,-0.035619,0.051699,-0.070053,0.082138,-0.048353,-0.045539,0.063746,-0.058048,0.064902,-0.055918,-0.005637,0.027639,-0.020663,-0.020294,0.057949,-0.020125,-0.063751,-0.016361,0.039237,0.043545,0.081768,-0.000676,-0.060254,0.085003,0.018990,-0.067744,0.135206,-0.015907,0.059129,0.072647,0.133789,-0.026271,-0.072502,-0.020667,-0.018284,-0.053322,0.006075,-0.079011,-0.048753,0.089908
-0.047135,0.019339,-0.003152,-0.042852,0.086058,-0.050579,-0.020514,-0.044440,-0.005636,0.044865,0.095757,0.044617,-0.040721,0.039193,-0.058631,-0.006454,-0.023195,-0.032035,0.124416,-0.015306,-0.021166,0.058168,-0.023367,-0.033161,-0.054855,0.072506,-0.035662,0.037145,0.011124,0.076013,-0.013803,0.030981,0.025212,-0.008325,0.056643,-0.040607,-0.073258,-0.037430,0.025159,-0.029387,-0.066796,-0.097844,0.025611,0.074060,0.053261,0.060844,0.014190,-0.022371,0.080240,0.004383,0.032762,0.007622,-0.019704,-0.070889,-0.045301,-0.091385,-0.085623,0.018918,0.024323,0.002431,-0.071871,-0.046215,0.039775,0.034643,0.035794,0.005329,0.003335,-0.091331,0.025412,-0.071160,-0.066529,0.004857,0.025783,-0.025406,0.000704,0.025799,0.069007,0.170250,0.040118,-0.026060,-0.039893,0.019142,0.021588,-0.006332,-0.032003,0.032806,0.003889,-0.004198,-0.045985,-0.013292,0.026405,-0.032044,-0.017558,0.108771,-0.030895,-0.046001,-0.036101,0.009564,-0.041917,0.061759,-0.095201,0.076896,-0.003797,-0.005127,0.008045,-0.052808,0.066714,-0.017182,-0.022264,-0.001962,-0.040129,-0.070267,-0.034209,0.047343,-0.000503,-0.028097,-0.070076,0.083189,0.040556,0.015522,0.075536,-0.004220,0.024286,-0.020065,-0.109535,-0.009487,0.005985,-0.000000,0.045957,0.050646,0.014086,-0.015657,-0.003512,-0.016879,-0.085418,0.035277,0.055646,0.025704,-0.070192,-0.126566,-0.034194,-0.089521,0.100892,0.006420,-0.129069,0.007265,-0.005985,-0.017356,-0.041018,0.025492,0.027478,-0.095052,0.055087,0.065478,-0.038334,-0.060764,0.003912,0.019839,-0.128558,-0.062204,0.015179,-0.029901,-0.068042,0.042474,0.028713,-0.124556,0.000890,0.060286,-0.012944,-0.055616,0.012436,0.012796,0.011402,0.014629,0.065549,0.031712,0.067079,-0.071531,-0.034184,0.014367,-0.013729,-0.085280,-0.047782,-0.088256,0.049459,-0.034829,0.078561,0.014519,0.030585,-0.009819,0.046009,-0.029462,-0.052419,0.035514,0.084913,-0.031762,-0.015793,0.020953,0.007164,-0.042156,0.022577,-0.024064,-0.011783,-0.036710,0.080959,0.015894,0.035838,-0.036807,-0.024990,0.046747,-0.003457,0.047003,0.012304,0.021282,0.040005,0.004805,0.043736,-0.055106,0.011834,-0.024489,0.020204,0.004888,0.059016,0.000000,-0.010096,0.019568,-0.067854,0.030270,-0.040105,-0.015765,-0.044826,0.081089,-0.026614,-0.036123,0.072809,-0.011709,-0.026257,0.020163,0.060461,0.121232,-0.059047,-0.024258,-0.092243,-0.009371,0.075060,0.003127,0.064214,0.038860,0.027171,0.047687,0.106051,-0.015416,-0.060413,0.008051,-0.101454,-0.095653,-0.011694,0.025236,0.048304,0.003032,0.024714,-0.023961,-0.026876,-0.011149,0.063664,-0.030969,0.006053,0.048877,-0.056310,-0.028873,0.022903,0.052111,0.134629,0.008717,-0.009214,0.037458,-0.054897,-0.001543,-0.088124,0.107420,-0.001864,0.038722,-0.053232,-0.018040,-0.027188,0.002367,-0.009863,-0.045821,0.044969,-0.053124,-0.024871,-0.000363,-0.061832,0.064764,-0.016396,-0.040513,-0.034586,0.052777,0.019043,-0.023761,0.119898,-0.043442,0.015474,-0.044561,-0.029143,0.067691,-0.000397,0.074468,-0.008737,0.027787,0.022554,0.024610,-0.039934,-0.014202,0.033057,-0.012930,-0.048383,0.092110,-0.013932,-0.000000,-0.017796,0.135452,-0.018868,-0.015883,0.042012,0.007120,0.027205,-0.023398,0.002901,0.029120,0.068208,-0.035542,0.051612,-0.001384,-0.015800,0.136128,-0.127632,-0.001472,-0.069303,-0.087837,-0.015647,-0.082938,0.010990,-0.029156,-0.095237,-0.052098,-0.068703,0.098918,-0.018973,-0.014037,-0.007083,-0.051355,0.092102,-0.030309,-0.032102,0.033573,-0.011179,-0.009646,0.049230,0.017844,-0.044116,-0.073050,-0.016433,0.067343,0.029032,0.005061,-0.016944,0.030552,-0.025992,0.012542,0.098171,0.010303,0.046549,0.070393,0.088898,-0.006452,-0.087505,0.018457,0.052292,0.072190,0.005489,-0.010707,-0.032610,0.110990
0.001832,-0.044718,0.044659,-0.041998,0.069198,0.089702,0.014644,0.035228,0.058236,-0.048626,-0.030745,0.044644,0.054152,-0.015379,0.026094,-0.013931,0.051343,-0.068861,0.034447,0.001402,0.000379,0.043264,0.040440,0.001615,0.109921,-0.010763,-0.033540,0.055164,0.036490,-0.008499,-0.017959,0.058298,0.003249,0.017489,0.102861,0.057216,-0.039757,-0.000518,-0.015923,-0.044336,0.045557,-0.041660,0.044029,0.015280,-0.044425,-0.058093,-0.058748,-0.010569,-0.077555,0.062058,0.028689,-0.017258,0.063180,-0.030012,0.008520,0.115284,-0.034151,-0.149410,0.016588,0.027030,-0.023395,-0.011952,-0.050958,0.013873,0.001567,-0.017500,-0.004962,0.012298,-0.075396,-0.029626,0.091819,-0.077391,-0.033493,-0.027892,0.025180,0.065910,0.022160,0.072290,0.078424,-0.060741,0.013580,0.008255,-0.038803,-0.042964,-0.010998,0.068074,0.003776,-0.091952,-0.027339,0.058819,-0.023077,-0.072538,-0.035631,-0.005467,-0.025468,0.033616,-0.021372,0.013401,0.084248,0.036063,-0.095854,0.072463,0.012389,-0.073686,-0.030567,-0.047476,0.017651,-0.045639,0.050130,-0.018901,-0.013108,0.040101,-0.023048,0.085289,-0.023579,0.040460,-0.068299,0.044634,0.067846,-0.062082,0.074478,0.025229,-0.001329,0.062754,-0.031881,0.042334,-0.077324,-0.000000,0.048725,0.009198,0.028959,0.058148,-0.035799,-0.042835,0.000484,-0.073507,-0.025803,0.031107,-0.077777,0.046780,0.055996,-0.081767,-0.030326,0.000208,-0.038949,0.115845,-0.015808,0.024838,-0.017612,0.014397,0.014083,0.010576,0.037526,-0.017615,-0.025347,-0.012477,-0.046105,0.018028,-0.049909,0.092719,0.007968,0.011018,-0.042092,0.015460,-0.043464,-0.003324,-0.025221,0.062442,-0.020394,-0.036833,-0.110395,-0.043886,0.006617,-0.010939,-0.016195,-0.062576,-0.021954,0.018673,0.016196,0.044277,0.005679,-0.027584,-0.026013,0.028863,-0.048116,-0.002649,0.035815,0.031241,-0.064985,0.031225,-0.027863,0.023708,-0.081015,0.088351,0.067962,-0.046211,-0.051312,-0.001872,-0.025085,-0.034880,0.019274,0.030253,-0.002994,-0.015625,-0.076129,0.015863,0.130798,0.024835,0.065989,-0.053828,0.094612,-0.048849,-0.023492,0.000548,-0.004549,0.025495,-0.031737,0.021266,-0.026852,0.037663,-0.054226,0.022084,-0.002256,0.000000,-0.039258,0.011168,0.018783,-0.071779,-0.043762,-0.039730,0.107013,0.094182,0.009190,0.000940,0.076819,0.062757,-0.084207,0.017666,-0.043619,-0.016887,0.076871,-0.138929,0.100834,0.032179,0.071615,0.065752,0.021685,0.018840,0.018078,0.036936,0.035573,-0.016823,-0.104562,-0.052281,0.039263,-0.036952,-0.061849,0.033104,0.059933,-0.023494,0.086871,-0.043907,-0.007535,0.023410,0.021258,-0.058209,-0.069295,0.001808,-0.027475,0.000774,0.093282,0.038171,0.014667,0.021291,0.022578,0.071293,-0.131644,0.031152,-0.082837,-0.020216,0.040038,-0.054605,0.018435,0.017470,-0.015616,0.033790,0.002912,-0.031632,0.032865,0.027541,0.011118,-0.029778,0.031496,0.009532,0.014634,-0.095122,-0.087917,-0.005028,0.006581,0.029416,0.051564,-0.055339,-0.032610,0.006915,-0.002472,-0.048449,0.066660,0.054202,0.048580,0.009346,-0.102313,-0.058703,-0.013573,0.008851,-0.131122,-0.114964,-0.010014,-0.020128,-0.008594,-0.000000,0.022965,-0.048423,0.077290,0.026796,-0.011904,0.008012,-0.031461,0.069638,0.013505,-0.058988,0.071452,-0.014270,-0.135079,-0.044332,-0.006131,0.007410,-0.042795,-0.036831,-0.030745,-0.068206,-0.061583,0.108956,0.088215,0.073395,-0.018168,0.002420,-0.161666,0.060527,0.004647,-0.009706,0.069077,-0.040427,-0.001193,-0.005730,0.088929,-0.020170,0.072254,0.016795,0.098577,0.031630,-0.064675,0.021433,-0.049346,0.134986,0.004929,-0.007716,-0.071073,-0.023137,-0.010664,-0.094356,0.070767,0.002422,-0.033751,0.011553,0.073464,-0.012334,-0.029360,-0.012685,-0.027342,0.001502,0.071071,-0.075641,0.062317,0.040778
0.019475,-0.031419,0.070525,-0.047899,0.092634,0.023761,0.020389,-0.047827,0.074255,-0.030512,-0.038377,0.060425,0.006062,-0.006548,0.067703,-0.012515,0.012086,-0.057136,0.008546,0.050813,-0.111129,0.041370,0.044794,0.009636,0.012312,-0.057261,-0.045663,0.016556,0.031363,-0.066273,-0.030878,0.074065,-0.030179,-0.002504,0.028758,0.015703,-0.049492,0.029564,0.020094,-0.016889,0.058906,-0.071689,0.011632,0.031123,-0.040977,0.010692,-0.031390,-0.023874,0.003086,0.086947,-0.000498,-0.028063,0.000222,-0.037171,0.040495,0.061061,-0.026302,-0.085245,0.034576,0.006827,-0.018333,-0.029018,-0.010737,0.026129,-0.054407,-0.050332,-0.006430,0.083181,-0.100939,0.029174,0.019423,-0.061439,0.000368,-0.007970,0.062986,0.073882,0.002872,0.050999,0.069481,-0.084263,-0.024405,0.037982,-0.041003,-0.066198,-0.062660,0.088376,-0.030704,-0.015069,-0.035553,0.023664,0.017628,-0.098555,0.016463,-0.011209,-0.008119,0.040721,-0.027249,-0.009752,-0.067279,0.019009,-0.027886,0.088735,0.025725,-0.060989,-0.061788,-0.044968,-0.041718,-0.036744,-0.016834,-0.032577,-0.017974,0.010086,-0.043112,0.015583,-0.014320,-0.007700,-0.031223,-0.031633,0.061711,-0.049714,0.077760,0.080610,-0.042758,0.056293,-0.047480,-0.010022,-0.128840,-0.000000,0.045704,0.036780,-0.023269,0.103392,-0.100665,-0.009178,0.047086,-0.011178,-0.044140,-0.010857,-0.020173,0.105063,0.018849,-0.015984,0.022131,-0.050768,-0.049706,0.126620,0.076787,0.002066,-0.042895,0.010347,-0.028303,0.110120,0.044869,-0.018292,-0.026923,0.054006,-0.091497,-0.017070,-0.029397,0.069264,0.023457,0.001519,0.031150,-0.017457,-0.066345,-0.044424,0.006972,0.014902,0.015128,0.027831,-0.142376,-0.011351,0.052988,0.006807,0.013619,-0.057362,-0.094399,-0.004935,0.036296,0.059730,-0.004298,0.024106,-0.077544,0.053200,-0.085880,-0.033539,-0.008190,0.005009,-0.026379,0.058402,0.016234,-0.001798,-0.019066,0.111345,0.035058,0.026018,-0.076062,0.012746,-0.027652,-0.080704,0.025685,0.043087,0.024716,-0.031569,-0.006089,0.047831,0.086564,0.006029,0.015276,0.067361,0.067589,-0.012994,0.024665,-0.031163,0.065188,-0.062677,-0.005892,0.035849,-0.114565,-0.019013,-0.081034,0.073222,0.020359,-0.000000,0.014507,-0.083062,-0.025346,-0.065675,-0.066193,-0.046169,0.096499,0.067281,-0.037274,-0.060271,0.044405,0.019815,-0.081643,0.003139,-0.056101,0.005649,0.067970,-0.054708,0.037554,0.023394,0.109877,0.046083,0.031368,0.048805,0.020220,0.011237,-0.010575,-0.025112,-0.077043,-0.054217,-0.070238,-0.050137,-0.058831,0.064500,0.035416,-0.087737,0.092481,0.005417,0.064575,0.004594,0.040772,-0.060167,0.013312,0.010152,0.042453,-0.007069,-0.033343,0.028722,-0.039584,0.010573,-0.014115,-0.002718,-0.100109,-0.028146,-0.068591,0.029331,0.079158,-0.057109,0.117675,0.013738,-0.029186,0.041794,-0.032127,-0.099041,-0.020475,0.070358,0.012863,-0.056535,-0.081002,0.008238,0.022068,-0.068629,-0.081398,-0.002510,-0.043311,0.045258,0.049039,-0.109975,0.004778,-0.012731,-0.011512,-0.012407,-0.006073,0.080683,0.059537,0.092019,-0.042079,0.010100,0.001963,-0.041291,-0.138128,-0.151721,0.002186,0.001947,-0.066574,-0.000000,0.034489,0.013695,-0.003501,-0.009155,0.015009,0.038911,-0.057898,0.056839,0.092327,-0.027264,0.091675,-0.003675,-0.047199,0.031130,0.019937,0.057402,-0.039185,-0.057024,-0.007291,-0.075274,-0.047783,0.079256,0.122434,0.006483,0.025420,0.003396,-0.087871,-0.009654,0.035656,0.001190,0.063177,-0.018885,-0.014175,-0.002922,0.071363,-0.029212,0.019937,-0.029742,0.014893,0.045296,-0.040785,0.060328,-0.018798,0.068029,0.009868,-0.006329,-0.098139,-0.000067,-0.004628,-0.090301,0.037799,0.006355,0.007366,0.078645,0.055614,0.024990,-0.028984,0.009630,-0.046921,-0.016499,0.043323,-0.044796,0.039772,0.077870
-0.027740,0.022342,-0.019659,0.021819,-0.012391,-0.089022,-0.080614,-0.050781,-0.029372,0.025615,-0.024799,0.013385,-0.003660,0.015438,0.047197,-0.047315,-0.007735,-0.060992,0.051183,-0.026824,-0.024382,0.020931,0.078222,0.019071,0.023308,0.013277,0.012208,0.071660,-0.014049,-0.065845,0.044259,-0.006100,-0.006079,-0.037859,0.026967,0.065050,0.040000,-0.027832,-0.007453,-0.084597,-0.024734,-0.026514,0.098817,0.050876,-0.051436,0.047850,0.014714,-0.061470,0.008170,-0.053920,0.007612,-0.010053,0.036558,0.006725,0.047225,0.078056,-0.038884,0.012328,0.018375,-0.014352,0.043535,0.039740,0.029542,0.005066,-0.036086,-0.010464,-0.052748,0.172942,0.067818,0.048851,-0.005221,-0.023580,0.003051,0.051456,-0.027869,0.025644,0.021315,0.032645,0.090372,-0.026547,-0.020845,-0.000250,0.024187,0.076145,0.049370,0.067994,0.041096,-0.002387,-0.081959,-0.042761,-0.070307,-0.044371,0.001501,0.035361,-0.015286,0.050004,-0.053716,0.016839,-0.068236,0.068343,-0.047587,0.059676,0.061864,-0.111194,0.060699,0.006481,-0.009176,0.018675,-0.018493,-0.079235,0.021713,-0.060341,0.042809,-0.017790,-0.021409,-0.101171,0.047589,-0.016543,0.038915,0.031612,0.052364,0.030123,-0.111436,0.030549,0.026234,-0.051141,-0.078086,-0.000000,0.052939,0.070832,0.010414,0.038848,0.062616,0.013477,0.037101,0.066058,-0.016066,0.017040,0.059504,0.008786,-0.018374,0.033370,0.123919,-0.107766,-0.039400,-0.044448,-0.001444,-0.066076,-0.019431,-0.033664,0.042546,0.019728,0.100131,0.041646,0.072049,-0.020406,-0.103740,0.011039,-0.031542,0.013786,-0.018826,0.089093,-0.018345,0.051083,-0.004393,-0.024484,-0.047658,0.011886,-0.006952,-0.000338,-0.071235,0.017709,0.069140,-0.041884,0.101316,0.003735,-0.072944,-0.014516,0.105257,0.056241,-0.090300,0.003282,-0.048305,-0.002520,0.063807,-0.027359,0.052353,0.004998,-0.067304,0.028754,0.023735,-0.013720,-0.026371,0.023596,-0.021353,0.011030,-0.024525,-0.052029,-0.014347,0.000157,-0.054063,0.040744,-0.067799,-0.007759,0.019430,0.028457,0.064288,-0.040402,-0.077944,-0.036959,0.000287,0.037460,0.113068,-0.038240,0.092991,-0.036845,-0.059754,-0.004133,-0.044805,-0.000282,-0.000677,0.013519,-0.052043,0.000000,0.004282,-0.031141,-0.016757,0.000100,0.011474,-0.036096,0.023079,-0.047773,-0.026498,-0.028343,-0.008501,-0.011943,0.082322,0.024454,0.082236,0.018126,0.066596,-0.046758,-0.011653,-0.046438,0.012955,0.034111,-0.039624,0.079842,-0.023362,0.041431,-0.090839,-0.053890,-0.023251,-0.025005,-0.136460,-0.033975,-0.121980,-0.031735,0.008299,0.014781,0.029985,0.002435,-0.007302,-0.044069,0.061300,-0.011301,-0.077039,0.132169,0.037212,-0.024554,0.071315,-0.038157,-0.034321,-0.036101,0.008198,-0.051483,-0.134417,-0.073114,-0.015872,-0.003016,0.056804,0.026750,0.063569,0.058582,0.013898,-0.031266,-0.033596,-0.010457,0.018418,0.025836,0.012924,0.113199,-0.063633,0.098649,0.022458,-0.001864,-0.058683,0.041720,-0.046683,0.118483,0.049841,0.037762,0.003634,0.040729,0.009884,-0.007861,0.039126,-0.012886,0.131868,0.023976,-0.030917,0.033317,0.013838,0.025240,-0.056263,0.018353,0.005010,0.045690,-0.006861,-0.000000,0.026368,0.046345,-0.050380,0.034851,0.021614,-0.028102,0.151665,0.008849,0.000779,-0.076755,0.012835,0.001294,0.029277,0.076821,0.001417,0.062670,-0.026933,0.058317,-0.108625,0.011758,-0.052512,0.086842,0.007964,0.025577,-0.075335,0.018391,-0.134068,-0.086877,0.031721,0.037910,-0.023189,0.070051,-0.042175,0.017494,0.006426,-0.000067,-0.086408,0.026926,-0.017240,-0.066479,-0.069424,-0.003293,-0.030687,0.043538,0.091107,0.075417,-0.154548,0.007716,-0.049679,0.015623,-0.028650,0.010773,0.032660,0.048305,0.076283,-0.005325,-0.009453,-0.004131,-0.045479,-0.045150,-0.009253,-0.055015,0.072971,0.106027
-0.017921,-0.028487,0.073841,-0.037957,-0.010703,-0.000794,-0.065881,0.015795,-0.000222,0.070690,-0.022267,0.055557,-0.022516,-0.026788,-0.008941,-0.071467,0.039791,-0.112591,0.046291,0.045530,-0.084586,0.041994,0.010601,-0.027326,0.098884,-0.035314,-0.006538,0.011095,0.059534,0.027442,-0.037407,0.165393,0.052986,0.002509,0.028600,-0.027561,0.015250,0.060295,0.013589,0.029240,0.023481,-0.054315,0.052874,0.099336,-0.029301,0.011496,-0.083745,0.012331,-0.064101,0.009360,-0.001353,0.068284,0.031247,0.014217,-0.010103,-0.134928,-0.066002,-0.102970,0.038852,0.075364,-0.027705,-0.003685,-0.052231,-0.034717,0.089651,0.050331,0.026593,-0.044447,0.005460,0.012577,0.098886,0.035811,0.029153,0.079803,-0.032512,-0.038311,0.025665,0.103442,0.028768,-0.087535,0.024079,-0.024973,-0.003921,0.004750,-0.025944,0.001417,0.012329,0.000265,-0.001479,0.030742,-0.040397,-0.096045,0.039828,0.061878,-0.037224,0.111398,-0.044507,-0.010200,0.076063,0.020763,-0.046527,0.004554,0.066948,-0.052654,-0.109341,-0.052318,0.008368,-0.019658,0.031615,-0.019458,-0.013608,-0.076370,0.039680,0.028889,0.047206,-0.002718,0.057988,0.041851,0.009593,0.014663,0.102916,0.058834,0.049304,0.017721,-0.051614,0.012458,-0.060570,-0.000000,0.068328,-0.078595,0.025502,0.088973,-0.035648,-0.003213,-0.009024,-0.007130,0.061020,0.036131,-0.077490,0.017184,-0.003593,0.014782,0.012598,-0.022127,0.030251,0.068232,-0.005697,-0.015066,0.056126,-0.043698,-0.022908,-0.048786,0.088432,0.117232,0.007534,0.035183,0.032958,0.011250,-0.036150,0.007103,-0.037321,0.026678,0.028710,0.070643,0.024550,-0.034597,-0.000009,0.029251,-0.007393,0.014519,-0.100858,0.014966,0.017428,-0.060864,-0.039540,0.000742,-0.050174,0.038692,-0.032542,0.053113,0.033982,-0.105732,-0.001654,-0.012836,-0.042910,-0.014408,0.021158,0.068391,-0.010040,0.054128,-0.112135,-0.061565,-0.081188,0.074010,0.000602,-0.022585,-0.031256,0.061064,-0.025912,0.019365,-0.041786,-0.043423,-0.052741,0.003776,0.081049,-0.008453,0.027176,0.070644,0.008425,-0.026073,0.030205,0.034764,0.020143,-0.014994,0.035941,0.055755,0.020716,-0.052428,-0.000882,0.005159,-0.060574,-0.008126,-0.051785,0.000000,-0.082547,-0.035575,-0.026405,0.066066,-0.083704,0.000647,0.057406,0.004246,-0.035931,-0.058435,0.059656,0.024953,-0.022362,0.005955,-0.048474,-0.024313,-0.005797,0.000812,0.072966,0.012148,-0.000966,0.004779,-0.070531,0.054159,0.017080,0.077179,0.021824,-0.052430,-0.078707,0.026258,0.021606,-0.100962,-0.113710,-0.021557,-0.052171,-0.025328,0.052262,0.017685,0.015504,-0.020262,0.018470,-0.009186,0.006191,-0.008401,-0.083803,0.003094,0.133049,0.070112,-0.008027,-0.047814,-0.005704,0.049744,-0.115418,0.026587,-0.018905,0.011389,-0.004449,0.034829,0.047906,0.049113,0.067444,0.043864,-0.000758,-0.004143,0.000332,-0.067646,-0.062871,-0.024492,-0.037190,0.008477,0.063736,-0.084318,-0.058962,-0.018024,0.002433,-0.023043,0.018560,-0.025282,-0.013678,0.006235,0.055875,-0.088701,0.030431,-0.006206,0.006927,0.013151,-0.034085,-0.025595,0.043484,0.070633,-0.088131,-0.023763,-0.022974,-0.027571,-0.076273,-0.000000,0.051730,0.034872,0.012468,-0.067733,0.057716,0.047545,0.014199,0.013964,0.009150,-0.028885,0.105080,0.046640,-0.055206,-0.065934,0.029553,-0.022173,0.046356,-0.085884,-0.044112,-0.014731,-0.014213,0.076846,0.010981,-0.055179,0.058232,0.017069,-0.047346,0.110538,-0.050529,0.036266,-0.007552,-0.083777,-0.000299,-0.033075,0.087013,0.027144,0.009933,0.006714,0.059069,-0.134391,-0.091211,-0.071235,-0.036733,0.096043,0.057812,-0.055227,-0.128503,-0.083896,-0.001926,-0.098867,0.032856,0.000409,0.058720,-0.008755,0.084406,0.040272,0.033979,-0.023569,-0.062438,-0.009027,0.138091,-0.048051,0.037755,0.054053
-0.129198,0.035191,0.014236,0.033648,0.035818,0.028737,0.116457,-0.021013,-0.090361,-0.106221,0.037583,0.090524,-0.025750,0.070183,0.077335,0.053922,-0.057031,-0.089543,-0.045250,-0.004972,-0.058613,-0.007364,-0.055836,0.032232,0.028646,-0.007110,-0.042122,0.027520,-0.031003,-0.032395,-0.005393,-0.001624,0.021046,0.015999,-0.014030,0.036680,-0.040233,-0.031001,0.051573,-0.003784,-0.003108,-0.058880,-0.039140,0.065288,0.009012,0.013795,-0.054921,0.044962,0.059790,-0.074304,-0.019424,0.011446,-0.002298,0.020413,0.145074,-0.060270,0.055197,0.011534,0.002813,0.048430,0.019921,-0.025219,-0.135478,0.146013,0.011989,0.004409,-0.079716,-0.143145,-0.023307,0.004519,-0.011278,0.020299,0.111782,-0.087239,0.031544,0.036714,0.013743,0.031676,0.064929,0.034032,-0.009172,-0.008975,-0.048108,0.001839,0.006504,-0.041871,0.100288,0.056360,0.057070,0.054436,-0.003319,-0.035322,0.066327,-0.016536,-0.074169,-0.069541,0.012127,-0.066138,-0.020415,0.071797,0.019006,0.017300,0.005167,-0.026794,-0.010121,-0.035647,0.017907,0.024205,0.060261,-0.073074,-0.022195,-0.044720,-0.028957,-0.002878,0.022241,0.028897,-0.014725,-0.026510,0.013115,-0.007086,0.027044,0.022695,-0.010577,0.086642,0.071689,-0.087319,-0.020206,-0.000000,0.021859,-0.033760,0.080430,0.006448,0.003788,-0.038586,-0.114515,-0.015282,-0.023691,-0.035175,-0.010355,-0.033107,-0.038242,0.043034,0.032877,-0.008033,-0.033101,0.065739,-0.035371,-0.035461,0.044071,0.089675,-0.001388,-0.042999,-0.029619,-0.081926,0.062614,0.005783,0.086652,0.061155,-0.036035,-0.002771,-0.013549,-0.016500,-0.002102,0.025016,-0.002625,-0.060336,-0.006845,0.004867,-0.105243,-0.023217,-0.032559,-0.005351,-0.035584,0.011082,0.021481,-0.018669,-0.101882,0.044666,0.007501,0.003787,-0.080016,-0.017739,-0.027274,0.006852,-0.031231,-0.024101,0.038384,0.045837,-0.009356,0.034121,0.064912,-0.032460,-0.035086,0.029798,-0.017554,0.073163,-0.004652,-0.001144,-0.063213,0.062255,-0.045531,0.059381,0.021382,0.036565,-0.003306,0.020121,0.015696,-0.045537,0.108225,-0.001185,-0.039264,0.074766,0.075453,0.044515,0.026498,0.009588,0.021761,-0.019456,-0.056988,-0.006168,-0.005780,0.029659,-0.057379,0.000000,-0.115761,-0.055985,-0.021227,0.076429,-0.002229,0.018811,-0.002325,0.053632,-0.155822,0.073408,0.067979,-0.088610,0.012836,0.004119,0.050837,0.013890,0.028195,0.012342,0.046709,-0.055311,-0.031900,-0.012121,-0.007485,-0.053257,-0.051018,0.102131,0.024765,-0.015619,-0.069974,0.016397,0.044858,-0.033039,-0.012023,0.008138,-0.006806,0.069448,0.037085,0.026690,0.081613,-0.031418,-0.030199,-0.081685,-0.072437,0.255428,-0.008399,0.000511,-0.007275,-0.015664,0.009517,0.032670,-0.090680,0.060402,0.031359,0.024173,0.002072,0.046980,0.014488,0.006039,0.036324,0.032242,0.045390,0.003913,-0.027456,-0.029920,0.039835,-0.003715,-0.015557,-0.102578,0.029980,-0.005136,0.044399,-0.055775,-0.062099,-0.003134,0.031993,-0.028804,0.031849,-0.074161,0.035376,-0.126986,-0.071437,-0.023926,-0.040262,-0.011631,0.100548,-0.020397,-0.010772,-0.033717,0.015156,0.032254,0.024919,0.031577,0.031477,-0.026510,0.000565,-0.000000,-0.035963,0.063364,-0.026805,-0.021336,-0.054711,-0.011557,-0.074367,0.005695,-0.017001,-0.011389,0.086551,-0.049702,0.065893,-0.015806,0.020378,0.039028,-0.008544,-0.014055,-0.058360,-0.036247,0.104325,0.115890,-0.014024,-0.018327,-0.006934,0.001136,-0.013852,-0.013880,0.001175,-0.017518,0.063910,0.038285,-0.048739,0.033526,0.119714,-0.095985,-0.061907,-0.029722,0.006486,-0.011117,0.019049,-0.024333,-0.005631,0.079855,-0.049539,0.010484,-0.014924,-0.101763,-0.000228,-0.079566,-0.105139,0.022102,-0.023789,0.008754,0.062054,-0.000352,0.019950,-0.014450,0.027234,0.024741,0.116940,-0.033172,0.070711,-0.018669
-0.032287,-0.059751,0.081167,0.003631,-0.055213,0.045201,-0.102020,0.061411,-0.011419,-0.024475,-0.037795,0.041202,0.057061,-0.006077,0.005915,0.023515,-0.020799,-0.083550,-0.060110,-0.025397,0.023071,0.024160,0.040305,-0.007592,0.068130,-0.079197,-0.034328,-0.044105,-0.027722,0.035854,0.016943,0.046344,0.075472,-0.004411,0.072835,0.006208,0.032332,-0.028065,0.051657,-0.016499,-0.046008,-0.075776,-0.012081,-0.038394,-0.006869,0.070235,0.005947,-0.018489,-0.020405,0.009617,-0.014999,0.099565,0.015179,-0.022330,-0.016644,0.018055,-0.053804,-0.146105,0.029421,-0.026559,-0.026614,0.006779,0.053950,0.034369,-0.006813,-0.018328,0.001357,0.064073,-0.102333,0.099146,0.048145,-0.014892,0.037122,0.051410,0.072591,0.019449,-0.020194,-0.002636,0.079366,-0.017297,0.085522,-0.063029,0.012839,-0.028343,-0.106224,-0.003200,-0.019581,0.007284,-0.006516,0.046194,-0.039229,-0.034312,0.004590,0.060115,-0.016474,0.007843,0.024364,-0.069859,-0.053672,0.050082,-0.021301,0.010093,-0.103364,0.069015,0.033696,-0.005155,0.080729,-0.003678,-0.024408,-0.076298,0.039767,0.000621,0.015809,-0.013881,-0.023064,-0.007811,0.002815,0.021422,-0.011488,-0.018864,-0.021377,0.123033,0.016515,0.050729,0.046610,0.007411,-0.024168,-0.000000,0.013464,-0.015798,0.066185,0.009896,-0.039856,-0.026965,-0.040231,-0.061886,-0.057688,-0.003806,-0.029913,-0.018367,-0.005193,-0.015482,0.110506,-0.028315,0.065638,0.053603,-0.023215,-0.028373,-0.020535,-0.103306,0.004642,-0.051060,-0.002632,0.087571,0.021950,-0.018645,-0.038723,-0.062571,-0.027249,-0.014482,-0.113509,0.044373,-0.038716,-0.026986,0.036422,0.016551,0.026672,0.013751,0.070745,0.018287,-0.028676,0.011592,0.100202,0.020050,-0.003957,-0.052037,-0.005932,0.049107,-0.022314,0.044460,0.001715,0.010079,0.002658,-0.040706,0.056772,-0.001355,0.039217,-0.031462,-0.006287,-0.028957,-0.064343,-0.096663,-0.083655,0.052695,0.033782,0.003512,-0.054305,0.046982,0.015182,-0.014293,-0.054941,0.064801,0.030433,0.086706,0.032873,-0.018199,0.110033,0.085245,0.010765,-0.050815,0.027548,-0.055304,0.137926,0.028928,0.068218,-0.011397,0.010180,-0.039060,-0.002477,-0.098142,0.038258,0.049994,-0.067241,0.000000,0.030138,0.060038,0.041413,-0.000120,0.045422,-0.057385,0.049755,0.050800,-0.039910,0.003144,0.039940,0.081695,0.161763,0.044468,0.029024,-0.073391,0.006585,-0.014655,0.021091,-0.102259,-0.014551,0.017533,-0.059787,0.179049,0.027854,-0.058717,-0.000005,0.002203,-0.091137,-0.029547,0.014826,-0.058235,0.034281,0.082758,0.035258,-0.058570,0.080040,-0.081644,-0.026115,0.017417,0.012857,-0.053522,-0.021414,0.010497,-0.065538,0.038235,0.039460,0.041046,-0.050308,0.060245,-0.007953,0.039877,-0.134442,0.030305,0.005576,0.026713,-0.044711,-0.014988,0.050900,-0.031755,-0.001976,0.018407,0.003639,-0.039608,-0.001044,0.088536,-0.044827,0.016444,-0.093978,0.002167,-0.001276,-0.060475,-0.103852,0.038404,0.036920,0.005462,0.105373,0.047511,0.090416,-0.004109,-0.088768,0.024993,0.003189,0.036786,-0.030550,-0.036172,0.091019,-0.054675,0.055643,0.044693,-0.062275,-0.097802,-0.019294,-0.069862,-0.010709,-0.000000,0.008967,-0.030869,-0.004904,-0.005740,0.009939,0.017332,0.009896,-0.017467,0.028291,-0.053271,0.114486,-0.009295,0.023310,-0.031445,0.050412,0.023024,-0.021781,0.074697,-0.024339,-0.008804,0.016998,0.083574,0.040633,0.043920,0.025210,0.002037,-0.097659,0.018922,-0.075869,-0.002276,0.062793,-0.019463,-0.077229,-0.052729,-0.002417,0.005201,-0.102659,0.017896,-0.001985,-0.048593,-0.091529,-0.062346,-0.043757,0.040155,0.022933,-0.086313,-0.029058,0.014714,-0.017695,-0.092297,-0.025870,0.035386,0.024626,0.056325,0.062068,0.002933,-0.039119,0.003908,-0.121083,0.004663,0.120410,-0.073303,0.068710,-0.053851
-0.127913,-0.024478,0.007000,-0.013876,-0.024239,0.037913,0.115339,-0.024401,-0.094309,-0.057850,-0.031603,-0.006557,-0.075630,0.038995,0.062823,-0.036602,-0.068865,0.027490,-0.001547,0.038379,-0.107109,0.003379,-0.005538,0.007730,-0.008965,0.067079,0.018692,0.001847,-0.060966,-0.060134,-0.011540,-0.017135,0.081328,0.083583,-0.069381,-0.002217,0.046745,0.037629,0.010949,0.062904,-0.019158,-0.028561,0.011681,0.089292,0.034680,0.040442,-0.074524,0.011229,0.051101,-0.069813,0.008968,-0.022667,0.019031,-0.021019,-0.011857,-0.029039,0.007341,0.033782,-0.012717,-0.030219,-0.070456,-0.013641,0.014736,0.047517,-0.019831,-0.000777,-0.022497,0.115150,0.024479,-0.016325,-0.052357,0.029074,-0.041789,0.015770,0.036241,-0.010219,-0.055939,-0.049460,-0.008179,0.010969,0.009429,0.052441,-0.032859,-0.030833,0.031092,0.005574,0.059878,0.008280,-0.019461,-0.032353,0.057863,-0.099831,0.017270,0.030278,-0.041953,0.068183,-0.063312,-0.076627,-0.081518,0.055574,-0.043416,-0.052265,0.017187,-0.046060,0.008696,0.023018,0.037867,0.054542,0.022708,0.028551,-0.003817,0.026768,-0.018940,0.078595,0.031573,0.065804,0.046234,-0.015464,0.112563,-0.001107,0.046832,-0.014444,-0.065437,0.011840,-0.143954,-0.058007,-0.033657,-0.000000,-0.064909,-0.001578,0.014237,0.010952,0.005132,-0.060832,0.055893,0.011205,-0.032406,0.054664,0.011347,-0.016559,-0.027635,-0.039753,0.023224,0.022073,-0.046241,-0.026303,0.003686,0.016542,-0.057671,0.045603,0.037209,0.002291,0.013017,0.056913,0.015409,-0.033667,0.031590,0.033770,-0.003086,-0.033326,-0.092098,0.129425,-0.038734,0.079267,-0.016286,-0.073244,-0.011427,0.039986,-0.094521,0.044504,-0.003476,-0.021181,-0.043984,0.003242,0.125820,-0.008594,0.055749,0.081520,0.077925,0.007917,0.029742,-0.121364,-0.083794,-0.000099,-0.005123,-0.093280,-0.048617,0.037934,0.132839,0.042287,-0.000829,-0.007929,0.008294,-0.003936,-0.090178,-0.013388,0.019360,-0.071516,-0.039676,-0.018605,-0.038024,0.051947,0.016728,0.138056,0.018238,0.014022,0.089181,-0.004074,-0.014082,-0.007023,-0.060111,0.040610,0.076463,-0.018847,0.050162,0.051970,-0.051331,0.045542,-0.016927,0.048868,0.054445,-0.047854,-0.034363,0.000000,-0.048835,-0.032921,-0.044750,0.096813,0.088463,-0.008366,0.042229,0.000118,0.024442,0.031155,0.037281,0.022253,-0.012949,-0.060266,0.059674,-0.027543,0.018857,-0.051879,0.042355,-0.024199,-0.082044,0.120627,-0.053877,-0.002405,-0.007707,0.132157,0.047611,0.030916,0.011735,-0.010438,-0.065083,-0.004143,-0.033533,-0.009828,-0.009043,-0.038016,0.115260,0.021331,0.011348,0.005976,0.065222,-0.054423,-0.013111,0.148252,-0.016884,0.023928,0.092601,0.004832,-0.021897,0.066788,0.016129,-0.000770,-0.039285,-0.030775,-0.093559,0.002627,0.006922,0.015850,-0.007687,0.043613,0.015079,-0.013867,-0.064303,0.037985,0.028550,-0.038702,-0.007022,-0.061960,-0.022831,0.055593,-0.064424,-0.039226,0.022631,0.003810,0.022813,-0.013047,-0.030593,0.026848,-0.036425,-0.018533,-0.051268,-0.029333,0.012499,0.076067,0.116874,0.005486,0.008340,0.035183,0.014804,0.050246,-0.097755,-0.009166,0.013783,-0.036221,0.029797,-0.000000,0.015754,-0.039217,-0.012702,-0.009343,0.021356,-0.016418,-0.040626,-0.100254,-0.091968,0.034225,0.049275,0.067590,-0.009471,0.025350,-0.037884,-0.037279,0.035308,-0.057654,-0.113470,0.052468,-0.026595,0.050007,0.010923,0.040831,-0.040809,0.006110,-0.084827,0.089083,0.069747,-0.074053,0.097238,0.061293,0.020079,0.025902,-0.074027,-0.075246,-0.074438,-0.036599,0.041328,0.031270,-0.013066,-0.084603,-0.031483,0.116412,0.056493,-0.027973,-0.103266,-0.050607,-0.072002,-0.007169,0.071574,0.015531,-0.013797,0.049684,0.015020,-0.004304,0.037218,0.035364,-0.088496,0.012681,0.141270,-0.037114,-0.012948,0.026961
-0.091450,-0.043786,0.038578,0.059651,0.037182,0.009413,-0.089559,0.059202,-0.010718,0.036495,-0.045126,0.018198,-0.050129,-0.037055,0.051487,0.097804,0.013586,-0.027237,-0.064371,0.019722,-0.003166,-0.003258,0.064989,-0.015197,0.080017,-0.044230,-0.081539,0.027619,0.012481,0.027945,-0.090115,0.047183,0.061880,-0.043254,0.028337,0.048938,0.042090,0.070494,0.001086,0.020527,0.020942,-0.043459,0.007485,0.073496,-0.061335,0.037172,-0.001528,-0.016265,-0.061838,0.092793,-0.028542,0.072902,0.052494,-0.021618,-0.048940,0.026941,-0.019919,-0.072054,0.033511,0.053052,-0.071645,0.000242,-0.020899,0.040241,0.071516,-0.036988,-0.011308,0.043645,-0.078631,0.027773,-0.026123,0.026184,-0.037434,-0.024322,0.015614,-0.047842,0.011871,0.046834,0.078730,-0.053896,0.058230,-0.026381,-0.032703,-0.029821,-0.037373,-0.013117,0.011544,-0.013051,-0.059928,0.009336,-0.018182,-0.013837,0.014354,0.141060,-0.053264,0.119497,-0.082680,0.029398,0.056097,0.042431,-0.028995,0.119290,0.028424,-0.006667,-0.101658,-0.101830,-0.023403,0.021748,-0.000188,0.056499,0.027663,0.013426,-0.029266,-0.026837,0.038757,-0.040741,-0.001369,-0.021871,-0.067393,-0.022120,0.049808,-0.007145,-0.008881,0.044537,-0.003292,0.013187,-0.047090,-0.000000,0.099363,0.000579,0.049972,0.013215,-0.056907,0.003579,-0.062580,-0.021043,0.028826,-0.025714,-0.063748,0.037371,0.039380,-0.009536,-0.021399,-0.035486,-0.012324,0.126920,0.033730,-0.043543,0.046318,-0.076332,0.004201,0.042333,0.042431,0.006404,0.016292,0.003500,-0.033193,-0.005048,0.023683,-0.005810,-0.068702,-0.072248,-0.013469,0.023778,0.020448,0.009264,-0.050125,0.031240,0.050248,0.060776,0.036211,-0.025520,-0.036872,-0.057290,0.023135,-0.122390,-0.062821,0.027434,-0.025935,0.002400,-0.028818,-0.052626,-0.034201,0.021883,-0.046002,-0.039108,0.067077,0.012531,-0.057326,-0.032168,0.076652,-0.039049,-0.005060,0.128750,0.029717,0.011514,-0.080879,0.093969,0.029659,0.001469,-0.050337,0.023113,0.016010,0.049211,-0.015218,-0.014890,0.113061,0.009869,0.018244,-0.069256,0.087332,-0.051857,0.065894,-0.012514,0.000349,-0.006203,0.022247,-0.017681,-0.054428,-0.031412,-0.105500,-0.044753,-0.062368,0.000000,-0.007671,0.066220,-0.036102,0.007628,0.015829,-0.003902,0.082668,0.079365,0.060636,0.065604,-0.036730,-0.014334,0.054634,-0.022151,-0.027674,-0.003750,0.041909,-0.059663,0.007332,0.004026,0.007239,0.002196,-0.063087,0.102071,-0.033480,0.049972,-0.058768,-0.001581,-0.020564,-0.056706,-0.028303,-0.128804,-0.095516,0.031392,-0.062355,0.026353,0.062763,0.015842,-0.044500,0.011433,0.063539,0.043509,-0.091037,-0.036175,-0.005185,-0.041649,0.077203,0.088758,0.012929,-0.014872,0.054323,0.033424,-0.084518,0.053485,-0.004118,-0.012428,0.074673,-0.045524,-0.056532,-0.025210,-0.028094,0.076849,-0.105892,-0.005904,0.021736,-0.041506,0.004577,-0.113735,-0.031874,-0.017566,0.013210,-0.116952,0.005860,-0.031652,0.017924,0.019244,0.044288,-0.026875,0.038349,0.047964,-0.013763,-0.069849,0.073819,0.070107,0.056744,0.016995,0.003527,-0.024677,0.041973,0.026943,-0.155772,-0.023246,-0.053285,0.015902,-0.007823,-0.000000,0.019882,0.023039,0.053971,0.068287,0.050341,0.019968,-0.030317,0.082143,-0.027061,-0.069376,0.096161,0.026919,-0.019876,0.043955,-0.016995,0.017565,0.007527,0.025043,-0.030769,-0.034052,-0.044837,0.110881,0.010776,-0.010258,0.106559,-0.025073,-0.108794,0.076910,-0.011183,-0.074449,-0.013587,-0.011674,-0.043196,-0.026333,0.086917,0.006796,-0.002669,0.044381,-0.003336,-0.029156,-0.066419,-0.000841,0.009348,0.070710,0.012389,-0.009969,-0.121834,0.019911,0.008794,-0.106370,0.037171,-0.055086,0.029553,0.031929,0.106622,0.062666,-0.015184,-0.024078,-0.041844,-0.025581,0.081944,-0.127500,-0.068804,0.013657
-0.078489,-0.074086,0.041326,0.018089,0.025522,-0.024120,-0.135265,-0.028326,-0.019464,-0.038547,0.013847,0.061028,0.037818,0.003152,0.016213,-0.031561,0.084237,-0.083962,-0.066930,0.092798,-0.003649,0.019577,0.040518,0.043857,-0.000779,0.013410,-0.011604,0.036619,0.015507,-0.060720,-0.035178,0.059146,-0.044419,-0.033091,-0.003474,-0.027583,0.007997,-0.010471,-0.081152,0.018538,-0.043886,-0.060191,0.050406,-0.013542,0.028092,-0.061828,-0.012896,-0.039009,-0.128198,-0.027256,-0.039312,-0.106994,0.056238,-0.039408,-0.008451,0.016750,-0.074568,-0.056100,0.103966,-0.034007,0.050956,0.040255,-0.083508,0.079198,0.071613,0.030716,-0.035839,-0.034389,0.059480,-0.003283,-0.010554,0.047372,-0.052892,-0.038374,0.077773,0.060310,-0.009091,0.017850,0.041701,-0.061363,0.009274,-0.015127,0.002285,-0.037651,0.050864,-0.011656,-0.037396,-0.082617,-0.073159,0.011603,-0.004602,0.033035,-0.023269,-0.003459,-0.064557,0.087032,0.031675,-0.023084,0.075070,0.013230,-0.030635,0.080594,0.024943,0.007058,0.049800,-0.014367,0.087183,-0.003476,0.026961,0.014629,0.036296,0.020615,-0.048517,0.065106,-0.037766,-0.082956,-0.019224,0.032384,0.004493,0.015087,-0.003645,0.000511,0.051790,-0.025674,0.075627,0.067189,-0.113839,-0.000000,0.038709,0.060084,0.052778,0.044319,0.069596,-0.018861,-0.106981,-0.002574,0.060361,0.022446,-0.095062,0.035679,-0.046460,0.089995,0.021319,-0.017243,-0.030672,0.094968,-0.104546,0.058114,0.044215,0.020634,0.006082,-0.077530,0.036268,0.064017,0.052987,0.065416,-0.079869,0.029502,-0.027785,0.082370,-0.014227,0.023062,-0.027308,0.067029,0.035384,-0.030052,0.007531,-0.042660,-0.015012,0.044672,-0.025703,0.001664,0.015077,0.034261,0.059453,-0.002666,-0.066461,0.012823,-0.004363,0.096010,-0.035304,-0.004159,0.015289,-0.033794,-0.026114,-0.054578,-0.030517,0.054366,0.039024,0.002231,-0.019655,-0.074498,-0.007896,0.144538,0.033405,0.010625,-0.038525,0.056022,-0.009574,0.032311,-0.017301,-0.003752,0.011578,-0.048030,-0.034990,-0.049862,0.069481,0.042530,-0.043199,0.010605,-0.014769,-0.059908,-0.081404,-0.023791,0.069070,0.014092,-0.052501,0.020716,0.074149,0.023859,0.065924,0.012025,-0.038203,0.000000,-0.089465,0.032407,-0.033871,0.050658,0.028197,-0.003469,0.033038,0.080699,0.041613,-0.001565,0.082025,0.013769,-0.118820,0.005339,0.004304,-0.055511,0.072373,-0.135647,0.039401,-0.005161,0.114084,0.045438,-0.094120,-0.020445,-0.030919,0.058876,-0.077840,0.001953,-0.043194,-0.031582,0.035789,-0.051742,-0.034412,-0.008452,0.020853,0.012347,-0.044849,0.005716,0.019537,-0.021838,-0.031019,0.002473,-0.116928,-0.018064,0.015270,-0.014637,0.080825,0.019925,-0.100420,-0.028870,0.043376,0.036790,-0.142503,-0.011737,-0.094723,-0.042207,0.009422,-0.023480,-0.021442,0.039806,-0.085535,0.005042,-0.022221,-0.004815,0.003841,-0.015828,0.025769,-0.029665,0.034030,0.015733,-0.000681,-0.102283,-0.040129,0.047173,0.037094,-0.077806,0.103908,-0.053864,0.038554,0.000314,-0.023538,0.002457,0.051365,0.024369,0.038442,0.010502,-0.094209,-0.008619,-0.008238,0.121430,-0.034617,0.019757,-0.043409,0.065434,-0.036523,-0.000000,-0.011245,0.044836,0.061435,0.106883,-0.075195,0.003235,0.005056,0.017222,-0.066519,-0.051287,0.068826,0.016049,-0.054343,0.039613,0.025452,0.058374,-0.035033,0.035289,-0.067237,-0.006069,-0.023454,0.112172,0.042658,0.021481,0.002669,0.052718,-0.134235,0.079957,-0.016097,0.035783,0.004868,-0.015161,0.056037,-0.005274,0.000521,0.023576,-0.013339,0.032143,0.069203,0.005776,-0.018189,-0.057789,-0.008979,0.095340,0.052895,-0.001564,0.022624,-0.015782,-0.001117,-0.020082,-0.068421,0.024822,-0.077688,-0.008138,0.085179,-0.002876,0.010937,-0.053297,-0.004999,-0.011336,0.065454,-0.111308,-0.017343,0.090494
-0.020656,-0.030960,0.034131,-0.011038,-0.007440,-0.047092,-0.031502,-0.038040,-0.014802,0.023439,-0.026026,0.075048,0.050048,0.005870,0.042573,0.013512,0.014952,-0.085269,-0.014456,0.036116,-0.082861,0.027923,0.025392,-0.002817,0.056174,0.048002,-0.040287,0.016279,-0.075842,0.014706,-0.016303,-0.055871,0.011576,-0.004603,0.011801,-0.007821,-0.038007,-0.064217,0.012014,-0.041399,-0.005603,-0.103922,-0.060059,0.124405,-0.060591,0.001039,0.041174,-0.009044,-0.066256,-0.054851,-0.056287,-0.032975,0.092583,-0.000333,0.018292,0.019964,-0.023286,-0.006786,0.083636,0.011504,0.037534,0.027868,-0.021835,0.060158,0.068648,-0.048785,0.014292,-0.009834,-0.059915,-0.068292,-0.036572,0.012521,0.004237,0.038084,0.024500,0.043561,0.083769,0.020837,0.104912,-0.042896,0.071974,-0.063710,0.031663,0.001265,0.027491,0.079663,-0.049937,0.050420,0.039756,-0.073967,0.008162,-0.004209,-0.017055,0.009037,-0.058072,0.027732,-0.038016,0.032509,-0.079569,0.085074,-0.043689,0.077458,0.050439,-0.118077,-0.034731,-0.005663,0.075428,0.043076,0.008266,-0.028633,-0.011761,0.004816,0.031017,0.079677,-0.007652,-0.022493,0.000426,0.036828,0.023125,0.035982,0.023026,0.016581,0.070060,-0.026205,0.021899,0.054836,0.021856,-0.000000,0.033428,-0.001849,0.035237,0.054820,-0.011874,-0.014899,-0.026356,0.027662,-0.006659,-0.055551,0.008163,-0.014156,-0.024551,0.029854,0.027007,-0.106830,0.018210,0.082674,-0.022842,0.071008,-0.013851,-0.063698,0.005069,-0.031808,0.068084,0.084982,0.056924,0.064355,0.012959,-0.001602,-0.090374,0.084179,-0.063364,-0.012597,-0.076918,-0.029111,-0.080454,-0.020205,0.031649,-0.007738,0.013678,0.041213,-0.077194,-0.034394,0.057100,0.012847,0.041719,0.025743,-0.095185,-0.043251,0.036190,0.033707,-0.080932,-0.070659,-0.015863,0.030503,-0.031861,0.033621,0.023670,-0.054028,-0.011740,-0.047006,-0.099234,-0.083262,-0.034055,0.154054,0.009180,0.016256,-0.015607,0.030684,0.005855,0.008331,-0.012807,0.057637,0.003099,0.057735,0.026478,0.035768,0.079472,0.013662,-0.011649,-0.038816,-0.001349,-0.006507,0.082142,0.012002,-0.010357,0.009441,-0.100013,0.059631,0.014221,-0.023586,0.001508,0.108905,0.014450,0.000000,-0.064520,-0.008484,-0.074796,0.049960,-0.056072,-0.052850,0.060212,0.053941,-0.038432,0.021759,-0.018377,0.068745,-0.010327,0.018783,-0.036299,-0.048861,0.092140,-0.036064,0.042464,0.033614,-0.015188,0.049966,-0.098611,0.157105,0.015330,0.014308,0.025252,-0.052850,-0.069737,-0.053620,-0.043972,-0.087450,-0.101819,0.042347,0.037610,-0.007402,-0.011068,-0.007415,0.002425,-0.060952,0.042825,-0.041470,-0.090994,-0.009800,-0.042470,0.019792,0.132063,0.037649,-0.089189,0.059799,0.069956,-0.022143,-0.064072,-0.023970,0.020955,-0.032903,-0.004489,-0.091367,-0.071313,0.007503,-0.108012,0.066298,0.056260,0.003462,0.028552,0.015128,-0.013500,0.026960,0.083016,0.038958,0.096292,-0.026409,-0.052004,0.011301,0.061280,0.025364,0.064544,-0.061780,-0.010720,0.086612,-0.025467,-0.041572,0.039102,-0.048658,0.074105,-0.002355,0.059674,-0.002650,0.036987,-0.005551,-0.112798,-0.051280,0.003117,0.064411,0.017680,-0.000000,-0.000940,0.007296,-0.002517,-0.043523,0.007133,0.055570,0.073390,-0.041612,-0.025310,-0.034388,0.072068,0.052170,-0.006120,0.014523,0.054440,0.004514,0.088460,0.017260,-0.093865,-0.057986,-0.063042,0.058046,0.022620,-0.025579,0.010383,0.005776,-0.095730,0.076183,-0.067969,-0.007885,-0.024260,0.009612,-0.067331,0.023541,0.002704,-0.043392,0.049879,0.049931,0.123587,-0.101436,0.001448,0.086627,-0.113686,0.030458,-0.019730,-0.040574,-0.055339,0.046718,-0.017778,-0.032331,0.029108,-0.005076,0.010259,0.049733,0.057185,-0.002846,0.010629,-0.042346,-0.051356,-0.009370,0.114772,-0.139566,0.042964,0.047626
0.071124,-0.028868,-0.077017,0.001231,-0.014541,-0.043520,-0.079279,-0.048563,0.095564,0.070306,-0.025664,-0.014993,-0.031934,-0.028526,0.037546,-0.062074,-0.042332,-0.042705,-0.036341,0.023157,-0.021888,0.028146,0.061941,0.014581,0.070058,-0.039696,-0.011802,-0.066795,0.003972,-0.025947,0.015714,0.090132,0.060956,0.028450,0.037414,0.005665,-0.020519,0.039218,-0.034691,0.056824,0.016422,-0.008528,0.026076,0.085273,-0.049508,0.018432,-0.044060,-0.015959,-0.000305,0.074868,-0.049704,0.102076,-0.024567,0.008634,-0.008015,-0.041999,-0.013566,0.009111,-0.010926,0.019709,0.012520,0.022207,0.007612,-0.051128,0.046179,-0.011193,0.021120,0.066482,-0.023118,0.032198,0.014551,-0.025228,-0.091426,0.019811,-0.017533,-0.042727,-0.044142,0.018713,0.088206,-0.011432,-0.022054,-0.086806,-0.016535,0.053831,-0.035132,0.000628,0.057657,0.106289,0.000420,-0.037821,-0.007411,0.045373,0.098081,-0.025453,-0.041433,0.099991,-0.034074,0.054969,-0.048901,0.010761,0.014332,0.078406,-0.047171,0.002062,-0.064156,-0.048335,0.051154,-0.008532,-0.014210,-0.001305,0.007828,-0.009491,-0.010309,-0.014210,0.035741,-0.102100,-0.122731,-0.020584,-0.026591,0.047363,0.039596,0.052887,-0.090233,0.038075,-0.069457,-0.009130,-0.025351,-0.000000,0.053706,0.003211,0.064278,0.052566,-0.044022,0.036972,-0.040482,-0.013460,0.013830,0.051046,-0.009454,-0.034451,0.057518,0.017069,0.052356,-0.040398,0.035095,0.081529,0.043925,-0.012908,0.091252,-0.074614,-0.061588,-0.020186,0.093840,0.075913,-0.024886,0.049332,0.029331,-0.021900,-0.058804,0.026345,0.005864,-0.006598,0.054684,0.023158,0.023433,-0.004311,0.031285,-0.039510,0.008777,0.075115,-0.083249,0.023681,0.035926,0.006738,0.157770,-0.035919,-0.023573,0.035208,0.012124,0.099123,-0.049213,-0.058390,-0.034414,-0.043382,0.065758,-0.049024,-0.078145,-0.020477,-0.069078,-0.029250,-0.013341,-0.047631,-0.048924,0.089135,-0.041820,0.027006,0.028521,0.088465,-0.043349,-0.000793,-0.062445,-0.009464,0.006216,0.005010,0.068194,0.010785,0.024353,0.002217,0.011148,-0.066850,0.017085,0.014086,0.124570,-0.004976,0.048469,0.093472,-0.070266,-0.022512,0.047246,-0.030571,-0.017253,-0.024686,-0.009627,-0.000000,-0.163235,-0.030414,-0.044534,0.042904,-0.033324,0.038811,0.041288,-0.086604,0.093270,0.002805,0.010503,-0.007230,0.065765,-0.020266,-0.023441,-0.054253,-0.041903,0.028760,0.017271,-0.028988,-0.012049,0.071834,-0.038069,0.085478,0.031372,0.050532,-0.080763,-0.044778,0.027558,-0.001912,-0.065129,-0.098306,-0.111376,-0.067904,-0.053986,-0.086764,0.053791,0.089723,-0.097023,0.054998,0.013678,-0.038698,-0.070864,-0.002551,-0.039917,-0.001692,0.042362,0.057587,-0.009001,-0.006945,0.036364,0.034373,-0.057440,-0.002134,0.029291,0.054480,0.019967,0.041528,0.061742,-0.008424,-0.039640,0.049090,0.047555,0.012356,-0.007070,-0.020608,-0.011096,0.010727,-0.057415,0.029540,0.074073,-0.020871,0.042132,0.011466,-0.015675,0.018579,-0.090048,-0.023988,0.022170,0.018172,0.041907,0.083839,0.028229,-0.027506,0.055698,-0.032732,0.030464,-0.036641,-0.011607,-0.004425,-0.151067,-0.013388,-0.010880,0.006876,-0.065014,-0.000000,0.029262,0.019810,0.010243,0.025888,0.077367,-0.006432,-0.068587,0.027818,0.048281,-0.003226,0.069291,-0.024565,-0.100177,0.000208,0.065452,-0.043927,0.030207,-0.121866,-0.034979,0.003893,-0.026323,0.042947,-0.077169,-0.014011,0.108850,0.015758,0.038973,0.185825,-0.012227,-0.065311,0.049301,-0.085854,-0.005466,-0.007635,-0.039513,0.001881,0.039000,0.070997,0.006912,-0.112303,-0.070126,0.012393,-0.034817,0.069821,-0.031438,0.003914,-0.121502,-0.008960,0.017583,-0.089091,-0.019277,-0.038663,0.006851,0.052677,0.078200,0.003996,-0.035428,0.038713,-0.036202,-0.024389,0.081251,-0.034190,-0.075994,-0.070675
-0.134975,0.041481,-0.018293,-0.026821,-0.018779,-0.009858,0.033703,0.037532,0.102724,-0.030412,-0.087284,0.042142,-0.109189,-0.039022,0.045649,0.037130,0.029099,-0.001427,-0.043804,0.095034,0.090552,0.087134,-0.025778,0.020667,-0.026880,-0.007497,-0.047829,0.015694,0.039078,0.045279,-0.063554,-0.044352,0.058260,-0.006201,-0.032540,0.046134,-0.019015,0.012588,0.025370,0.030264,-0.034968,-0.074475,-0.034607,0.022863,-0.049365,0.010513,-0.037842,0.032965,0.051331,0.071567,-0.018210,-0.019924,-0.024625,-0.016317,0.055593,0.081111,0.099642,0.052860,0.014897,0.064238,-0.009792,0.014577,-0.063709,0.102257,-0.033516,0.064681,-0.039976,0.022292,-0.083522,0.040714,-0.015586,0.026687,-0.051824,0.012982,-0.009070,0.079365,-0.008312,-0.088984,0.054732,0.022872,-0.016691,-0.073476,-0.012771,-0.010530,-0.070395,0.048111,0.046842,0.048568,0.025050,0.005729,-0.037737,-0.031793,0.030177,0.025054,-0.073631,0.106694,-0.119410,-0.065885,-0.070783,0.031797,0.037766,0.032233,-0.074562,-0.027669,-0.051234,-0.049057,0.006771,-0.077235,-0.033091,0.005384,0.004234,0.067792,0.002934,0.121028,-0.095905,-0.021520,0.004966,0.001113,0.048381,-0.158701,0.055904,0.096645,-0.088562,0.020907,-0.051457,-0.039708,0.082309,-0.000000,-0.000911,0.010353,0.038353,0.068543,0.019821,-0.010635,-0.010977,-0.028995,-0.049112,-0.019141,0.031689,-0.076606,0.074649,-0.125256,-0.022855,0.034220,0.028228,0.048526,-0.001591,-0.017171,0.088705,-0.082149,-0.027337,0.047474,0.030085,-0.026822,-0.027297,-0.042064,-0.028843,-0.009372,-0.042739,-0.038306,-0.028427,-0.010729,0.022800,-0.013318,-0.001910,0.050209,0.003480,-0.069240,-0.064111,0.046801,-0.036338,0.039914,0.038800,-0.095470,0.017018,-0.020514,-0.075867,0.010343,0.006003,0.066016,-0.000826,-0.012412,0.011874,-0.079440,0.068617,0.008114,-0.023209,-0.003801,0.045319,-0.024672,0.001542,0.004575,-0.059259,-0.042160,-0.091610,-0.002883,-0.002985,-0.029303,0.027137,0.007737,-0.007806,0.061454,-0.062293,0.001452,-0.049145,0.058231,0.074760,-0.004921,0.059219,-0.073960,-0.029892,0.024374,0.059065,-0.040881,0.008001,-0.016407,-0.072448,0.086695,-0.058559,0.006070,-0.097061,-0.002355,-0.009654,0.000000,0.010345,0.020389,0.051844,0.051687,0.024510,-0.016224,-0.055377,0.037483,0.025245,-0.015111,0.003684,0.067953,0.001391,-0.053926,0.011452,-0.035118,0.026908,-0.091611,-0.002092,0.072169,0.033672,-0.030085,-0.056446,0.099494,-0.036048,-0.007372,-0.042947,-0.079982,-0.001288,-0.055325,-0.067480,-0.119195,-0.049528,0.067940,0.017722,-0.003511,0.035771,-0.011166,0.019926,0.059669,0.149102,0.007808,-0.058935,-0.030439,0.012688,-0.070751,0.029007,-0.003872,-0.089397,0.054065,-0.111691,0.045549,-0.033178,0.073960,-0.024546,0.019052,0.051783,-0.001763,0.041020,-0.040020,0.048524,0.044052,0.003944,-0.070628,0.054598,0.012636,0.011311,0.004954,0.046358,0.021513,0.014915,0.024146,-0.028494,0.007399,0.082185,0.029280,-0.013291,-0.078123,-0.021239,0.062420,0.061956,0.025087,-0.033794,0.083324,0.063690,0.076278,-0.017967,0.000841,0.028570,-0.008442,-0.033118,0.012087,-0.010936,-0.015979,-0.032513,-0.000000,0.010155,-0.013825,0.122039,0.003606,-0.022624,-0.029979,-0.010988,-0.066773,0.020431,-0.110907,0.063824,-0.027526,0.025087,0.018431,-0.029641,0.036311,-0.042052,-0.099245,-0.012814,0.103788,-0.066112,0.020143,-0.050571,0.031457,0.004501,-0.047595,-0.049247,0.048924,-0.031493,-0.014947,0.027696,0.060919,-0.055632,0.008597,-0.007155,-0.032408,-0.058031,-0.048399,0.101451,0.017737,-0.014314,0.050430,-0.012964,0.114011,0.080157,0.021026,0.063678,0.003092,-0.050028,-0.098215,-0.017581,-0.099416,0.080316,0.021670,0.039109,0.021387,0.027407,-0.007242,0.014522,-0.013348,-0.002343,-0.004273,-0.134970,0.030882
-0.121388,0.003053,-0.033608,0.030264,-0.015208,-0.007181,-0.115522,0.007531,-0.021450,0.047512,-0.015604,0.069657,0.054560,0.002173,-0.022080,0.052045,0.021658,-0.138222,0.005346,-0.018071,0.050750,-0.048961,-0.048579,-0.047746,0.026310,0.068992,-0.040767,0.059604,0.097647,0.015375,0.008512,-0.022161,0.062571,-0.019053,0.089663,0.094630,-0.018819,-0.018073,-0.003272,0.013298,-0.018731,-0.004942,-0.000827,-0.021285,0.012423,0.002413,0.039779,-0.120726,-0.056335,-0.021717,-0.059818,-0.041722,-0.023145,-0.092222,0.025828,0.049237,-0.001731,-0.084166,-0.016494,-0.003423,-0.007128,-0.022941,-0.054637,0.005326,0.062779,-0.021018,0.022372,0.025102,0.053225,-0.067455,0.072042,-0.011023,-0.025528,-0.016590,0.075113,0.048919,0.003822,-0.005779,0.062329,-0.106684,0.110555,0.001512,-0.026755,-0.004183,-0.051422,-0.010740,0.037532,0.045337,-0.040052,0.019833,0.022383,-0.039169,-0.040107,0.017871,0.019947,0.032139,-0.067331,0.032114,0.036091,0.030499,-0.063158,0.045194,0.028402,-0.050246,-0.060402,-0.071605,-0.046542,0.081226,-0.094518,0.011891,0.018813,-0.080044,0.046392,-0.083686,0.012277,0.105926,-0.060164,-0.009276,-0.042886,0.040783,0.048572,0.005724,0.004643,0.008910,-0.040545,-0.010900,-0.003319,-0.000000,0.010403,0.023618,-0.035076,0.051297,0.011407,-0.001818,0.028711,0.085168,0.089075,-0.002178,0.052130,-0.031186,-0.042343,0.005954,0.021977,-0.116843,-0.004103,0.035179,-0.162925,0.025427,-0.023287,-0.114209,0.001279,0.034177,0.073575,-0.011465,0.105742,0.001660,-0.046627,0.004804,0.051044,0.063869,-0.029452,0.085511,-0.053391,0.031116,0.006886,-0.016371,0.012020,0.008715,-0.021602,-0.010386,-0.081501,0.042709,-0.011341,-0.038869,0.058229,-0.069171,-0.000717,-0.066333,0.086900,0.115107,0.019477,0.011475,0.023144,0.072916,0.062975,-0.091744,0.045939,0.023635,-0.019989,-0.020051,-0.094351,0.001866,-0.007947,0.059535,0.001344,0.049754,0.124357,-0.020834,0.066324,-0.063632,0.008815,-0.084945,0.015048,-0.019516,-0.052378,0.047019,-0.051595,0.027434,-0.061867,0.086948,0.043577,0.000306,0.088794,-0.107592,0.027232,0.058520,-0.063315,0.003086,0.003752,0.027364,-0.021574,0.059948,0.058450,0.000000,-0.005867,0.007057,-0.105554,-0.021255,0.048527,-0.016964,-0.094218,-0.031895,0.030078,0.068946,-0.061749,-0.031577,-0.025101,-0.003662,-0.011828,-0.009360,0.040230,-0.088855,-0.041608,0.041947,0.086854,0.043236,-0.047368,-0.058624,-0.009421,0.011302,-0.043727,-0.007552,0.082793,0.056959,-0.068792,-0.015414,-0.074312,0.025804,-0.022668,0.059013,-0.048213,0.060989,-0.030654,-0.030163,0.066229,-0.030666,-0.027594,0.001609,0.003188,-0.018219,0.092646,-0.137684,-0.019276,-0.024361,0.029104,0.035213,-0.035299,-0.008366,0.009895,0.010421,0.013392,-0.082988,-0.008513,0.041794,0.093080,0.010370,0.058077,-0.060928,-0.000124,0.006041,0.036119,-0.073875,-0.013842,0.021217,-0.009308,0.052299,-0.062720,0.013486,-0.070460,0.018959,-0.021815,0.064005,-0.017025,-0.076449,-0.046872,-0.000993,-0.040883,0.024460,0.017764,-0.014763,0.097677,-0.045497,0.022940,0.024131,-0.009585,0.031164,0.018242,-0.006271,-0.028593,-0.000000,-0.043820,0.060983,-0.002801,-0.020452,0.069289,-0.020198,0.026769,0.067431,0.046924,-0.063086,0.074624,-0.037043,0.020938,0.056873,-0.027148,-0.099844,-0.025878,0.040868,-0.062047,-0.126973,-0.015406,-0.003250,0.036473,0.005125,-0.067435,-0.051042,-0.001100,-0.050424,0.027815,-0.034155,-0.065894,0.071251,-0.029835,-0.037281,0.025014,0.013502,0.093223,-0.010583,-0.018368,-0.047389,0.043150,0.040867,-0.033969,0.053628,0.107998,0.046126,-0.130142,-0.003546,-0.051628,0.014146,0.014007,-0.041807,-0.058769,-0.001224,0.114680,0.011631,-0.010946,-0.038734,0.004847,-0.005334,-0.062320,0.030577,0.032386,0.076089
0.004925,-0.080736,0.083087,0.049747,0.062854,-0.042472,-0.096071,-0.050627,0.033644,0.070745,0.057654,0.051782,-0.028738,-0.034396,0.030191,0.016711,0.001717,-0.143575,0.026792,0.052274,0.009069,-0.018553,-0.035296,0.011505,0.012476,-0.068931,-0.048980,0.039320,0.001976,0.021523,0.000483,0.121200,-0.003824,-0.012045,0.019474,0.009064,0.030937,0.016768,0.019389,-0.008969,0.051015,0.015828,-0.004198,0.049487,-0.016449,-0.072767,-0.083572,-0.014111,-0.056968,0.025342,0.019687,-0.020320,-0.062266,-0.021679,-0.013849,0.000674,0.005302,0.020117,-0.018998,0.055591,-0.025206,-0.070337,-0.079010,-0.021221,0.049794,0.002533,0.019045,-0.077270,0.001190,-0.046570,0.044361,-0.037115,-0.046424,0.037645,0.015104,-0.016947,0.014050,0.116239,0.100101,-0.055952,-0.051014,0.012710,-0.034573,-0.029746,-0.014919,0.009935,-0.012746,-0.026780,-0.006935,-0.026135,0.107236,-0.008192,0.107678,-0.019945,-0.070699,-0.057494,-0.012391,0.031668,0.025044,-0.002134,0.011607,0.064729,-0.068090,0.041669,-0.038526,-0.010207,0.027986,-0.004035,-0.033577,0.056338,-0.050400,-0.095642,0.097590,0.024528,-0.079437,0.084341,-0.040188,0.010861,0.110498,0.049789,0.004287,0.016279,0.003794,-0.127901,0.045096,-0.030612,0.080808,-0.000000,-0.046640,0.027944,-0.026903,-0.054785,-0.016641,-0.015431,0.066838,0.022259,-0.027524,0.017467,-0.030089,-0.056920,-0.023651,-0.094976,-0.073359,-0.061637,0.073622,0.017113,0.019099,0.041227,0.033880,-0.157905,0.026186,-0.025993,0.055509,-0.082757,0.021272,0.035500,0.055073,0.028398,-0.018194,0.079612,0.033349,-0.050389,-0.047065,0.005074,0.032041,-0.088289,0.072476,-0.033220,-0.087014,0.034078,-0.053656,-0.038430,-0.009164,0.023511,-0.027049,-0.034586,0.025132,0.020825,-0.026829,0.093510,-0.047009,-0.045263,0.053808,0.051970,0.056776,0.025507,-0.024751,-0.064143,0.010356,0.015463,-0.077387,-0.011160,-0.041849,-0.014730,-0.001592,0.034200,-0.004931,-0.013813,-0.006319,-0.004645,-0.032786,-0.031741,-0.018149,-0.079869,-0.004436,-0.031410,0.048897,0.023666,0.007639,-0.001803,-0.029276,-0.013285,0.030835,0.016194,0.134540,0.049354,-0.061997,-0.013153,-0.007713,0.062650,-0.034605,0.097790,0.057537,0.000000,-0.036958,-0.114591,0.004210,0.071350,0.104536,-0.009631,-0.047695,0.056222,0.061047,0.078126,0.014904,0.009639,-0.077641,0.003994,0.048209,-0.019814,0.043067,-0.000112,0.055738,0.098513,0.032975,-0.007351,-0.032729,0.052973,-0.067954,-0.013783,0.031137,-0.005464,-0.031193,0.024654,-0.075668,-0.040635,-0.062254,0.017317,0.040326,0.000744,-0.033333,0.015166,0.009355,0.054853,0.053490,-0.059785,0.019963,-0.066535,-0.052967,-0.008397,0.076353,0.021474,-0.023419,0.038440,-0.062497,0.088107,0.085856,0.019016,0.055583,0.013900,0.028570,0.002110,-0.053387,0.062635,-0.010989,0.072226,0.085557,-0.114286,0.088487,-0.009166,0.072086,-0.016212,0.155374,0.073687,0.090255,0.036599,-0.135350,0.002596,-0.033486,0.009280,-0.020262,-0.058105,-0.054742,-0.081707,0.004685,0.068171,-0.065106,0.035187,0.049245,-0.017057,0.027362,0.000403,0.019702,0.033663,0.052307,-0.041445,-0.036821,0.031704,-0.055552,-0.000000,0.072718,-0.064764,0.066915,-0.008722,0.097919,0.023557,0.028990,-0.087460,-0.006638,-0.062492,0.058546,0.019413,-0.057171,-0.013809,0.009189,-0.039326,-0.058245,-0.038949,-0.062197,-0.035385,-0.041978,-0.033992,0.044775,-0.088574,-0.106564,-0.036001,-0.023665,0.133550,-0.029308,-0.061248,-0.054714,-0.015560,0.058700,-0.025534,0.023258,-0.082975,-0.009993,-0.014530,0.032441,-0.028153,0.015073,0.013068,0.050858,0.020635,-0.039148,0.023707,-0.077065,-0.056203,0.020260,-0.041868,-0.008158,-0.012838,0.018440,0.007715,0.065027,0.052884,0.023646,-0.047410,-0.008559,0.025814,-0.033492,-0.049481,0.069345,0.045630
-0.037680,-0.022891,-0.014641,0.040582,0.045647,-0.046866,-0.000466,0.044279,-0.017511,0.100164,0.004164,0.032589,-0.014540,0.005335,-0.058596,0.045044,-0.051017,-0.038653,-0.030406,-0.029122,0.087629,0.097684,-0.015458,0.035333,-0.132486,-0.031509,-0.057113,0.018695,0.027598,-0.042746,-0.031320,0.021344,-0.013988,0.010979,-0.005044,0.071853,0.071993,-0.036317,0.060282,0.010553,0.025088,0.024397,-0.054428,0.024524,0.031178,0.006113,-0.031017,-0.095406,-0.069015,-0.008379,-0.064803,-0.067438,-0.102441,0.007575,0.014124,0.110944,0.030736,-0.020366,-0.025684,0.085514,0.071249,-0.017367,-0.030396,-0.009004,0.130373,-0.015249,-0.051124,0.028951,-0.004671,0.092955,0.026352,-0.007666,-0.053166,-0.070730,0.073928,0.046964,0.028530,0.018573,-0.024330,-0.057069,-0.052603,0.014838,-0.018802,0.009818,-0.064402,0.018584,0.005124,-0.044143,0.058004,0.021203,0.049670,-0.065842,-0.010492,0.030467,-0.019000,0.086079,-0.025397,-0.075832,-0.007682,-0.004690,-0.029293,-0.007759,0.042234,-0.056444,-0.026261,0.007802,-0.046954,-0.042539,-0.006563,0.015709,0.002350,-0.090888,0.008935,0.028609,-0.019825,0.012785,-0.002422,-0.001783,0.023332,0.071161,-0.013039,-0.001865,-0.030257,0.016214,0.016445,-0.014843,0.036462,-0.000000,0.002179,-0.012679,0.082714,-0.002747,0.091282,-0.041965,-0.078987,-0.007404,-0.019666,0.016392,-0.096716,-0.117137,-0.031919,0.068460,-0.003721,-0.106047,-0.008797,-0.001494,-0.093957,0.026123,-0.002541,-0.042579,-0.007818,-0.136551,0.100188,-0.020306,0.075540,0.011961,-0.056301,-0.014784,-0.070661,0.029375,-0.021512,0.073663,-0.067437,0.108482,-0.023704,-0.042023,-0.047310,-0.022475,0.072996,0.044055,-0.002656,0.076225,0.105782,-0.021273,0.051720,0.050701,-0.084344,0.044537,-0.050772,0.105284,0.024989,-0.034898,-0.033335,-0.026567,-0.022563,0.024605,-0.019512,0.053613,0.054228,-0.024489,-0.039044,0.084304,0.031148,0.083892,-0.038671,-0.026561,0.077493,0.015478,-0.091105,0.015134,0.032726,-0.015828,0.023860,0.013318,-0.080591,-0.039127,0.062461,-0.028816,-0.105041,-0.000872,0.012704,-0.009894,0.075469,-0.109303,0.093542,-0.015618,-0.053346,-0.012435,0.011762,0.041084,0.003589,0.085431,0.029071,0.000000,-0.045776,-0.053787,0.046350,0.055005,-0.018948,0.011836,-0.062754,-0.140907,0.016979,0.057802,-0.035805,0.058495,0.009584,-0.000350,0.062566,-0.038397,0.020421,-0.026372,0.018835,0.006387,0.047382,0.030722,-0.037548,-0.033484,-0.047914,-0.000969,0.037647,-0.016464,-0.013514,0.066636,0.002932,-0.057983,-0.077759,-0.061385,-0.031723,0.059244,0.030001,-0.011484,-0.011239,0.027763,0.091330,0.041249,0.059103,-0.031100,-0.065588,0.016595,-0.013586,0.084475,-0.114671,0.021500,0.006723,0.042780,-0.039632,0.058987,-0.012630,0.075279,-0.101333,-0.028218,0.044284,0.021125,-0.019062,0.045679,-0.074810,-0.075701,0.045642,-0.065158,-0.008334,-0.029246,0.009991,0.005319,-0.018954,0.074263,-0.093182,-0.054443,-0.004006,-0.002681,0.041642,-0.024307,-0.028184,-0.007381,0.024283,0.015064,-0.020500,0.029774,0.079242,-0.073094,-0.065418,0.038639,0.036744,0.031170,-0.038473,-0.001664,-0.036484,0.012092,-0.069684,-0.000000,-0.070455,0.016983,0.025798,-0.023057,0.119090,-0.005083,0.102355,0.131959,-0.026158,0.000687,0.035258,0.047798,0.032533,0.104822,0.074108,-0.029831,0.049826,-0.026180,-0.055822,0.033670,-0.014376,-0.071203,-0.030963,0.038913,-0.021122,-0.010376,0.091932,0.045085,-0.030750,0.045027,0.004359,0.017012,0.023458,0.073550,-0.014839,0.072789,0.009755,0.094206,-0.045115,0.018130,0.000020,-0.031636,0.020376,0.069132,0.010210,-0.056465,-0.122374,0.026569,-0.073837,-0.068506,-0.050706,-0.014594,0.015917,-0.009294,0.016998,-0.021504,0.050789,-0.015434,-0.083722,0.094415,0.073282,0.003106,0.056893,-0.003209
0.055055,0.043547,-0.058242,-0.011677,-0.027217,-0.017408,-0.057822,-0.001056,-0.050314,0.111814,0.038102,-0.028201,-0.037738,0.083700,0.068382,-0.019794,0.011732,-0.057357,-0.041546,0.053181,0.118454,0.040185,0.030372,-0.022852,-0.050011,-0.065714,-0.076380,0.006733,-0.006306,-0.035386,-0.025046,0.017386,0.063524,-0.006783,0.033881,-0.059255,0.004302,0.060257,0.118923,-0.015432,0.052167,0.047601,0.008422,0.083145,-0.086000,0.058036,-0.063472,0.008562,-0.013020,0.002028,-0.024372,0.036322,-0.003309,0.024958,0.091056,-0.065016,-0.029452,-0.010144,0.035797,-0.020052,0.016948,-0.043193,-0.087563,-0.026458,0.019131,-0.097170,-0.128641,0.020007,-0.018913,0.084265,0.031648,0.034804,-0.039377,0.012780,-0.000751,0.087494,0.028375,0.035577,0.078920,-0.034835,-0.039853,-0.074507,0.017128,-0.064001,-0.002926,0.037376,-0.021249,0.060476,-0.000563,0.031517,-0.005059,0.028148,0.030953,0.030690,-0.075745,-0.007369,-0.022798,-0.004661,0.007090,-0.026725,0.006563,-0.062757,0.055009,-0.031895,-0.030050,-0.066675,0.033840,-0.014596,0.058901,0.004220,0.046943,0.034142,0.084441,0.110233,0.001870,-0.035345,-0.006023,-0.001277,0.030612,0.017252,-0.005716,0.003760,-0.025166,-0.026858,0.068522,0.018440,0.015775,-0.000000,-0.026448,-0.051710,0.009059,-0.037829,-0.011252,-0.008857,-0.082335,0.011140,0.018855,-0.011706,-0.027203,-0.018832,0.063815,0.008175,0.082457,-0.059757,0.021634,0.055327,0.066690,-0.029810,0.018956,-0.114497,0.000370,0.022047,0.045113,-0.003610,0.038634,-0.089112,0.045928,0.019025,-0.004569,0.050991,-0.060034,0.073681,-0.006535,0.061339,0.052682,-0.027088,-0.000904,0.015909,-0.033543,0.011432,-0.022852,0.023528,-0.020890,-0.037123,0.057709,-0.022746,-0.136296,0.072011,-0.016818,0.033116,-0.015933,-0.037893,0.105195,0.063394,0.033270,0.050577,0.011288,0.023086,-0.031660,-0.020373,-0.002033,0.022112,0.054196,0.017249,-0.063582,-0.056633,-0.016686,0.020620,0.055775,-0.064855,-0.030649,-0.044113,-0.127225,-0.011189,0.147544,0.068785,0.031707,-0.028660,-0.083228,0.028869,-0.100882,-0.041773,0.073298,-0.070693,-0.030114,0.054289,-0.024148,-0.026477,0.045019,-0.081154,0.021906,-0.046021,-0.038181,0.000000,-0.068922,-0.005825,-0.039239,-0.020346,0.027612,0.079274,0.012555,0.023574,-0.108813,-0.042129,-0.110893,0.040145,0.068355,0.060180,-0.011333,-0.083240,0.015369,0.043879,0.051504,-0.012618,-0.036600,-0.002800,0.015641,0.102635,0.028211,0.052971,-0.133455,-0.011735,-0.013672,-0.055546,-0.044366,0.022668,-0.084912,-0.011847,-0.020044,-0.039597,0.051959,0.131278,0.013577,0.048594,0.044069,-0.055535,-0.045757,0.009187,0.004880,-0.011713,0.082558,0.021609,-0.074355,0.076536,0.013455,-0.049005,-0.046166,-0.049439,-0.029897,-0.072051,0.102486,-0.070260,0.047754,-0.063748,-0.008760,0.000240,-0.025935,0.037475,0.001812,0.056525,-0.048020,0.047213,-0.036224,0.016615,0.074259,-0.025090,0.019951,0.002067,-0.084859,0.012213,0.034348,-0.036207,0.003419,-0.057736,-0.064090,0.058093,0.065225,0.022183,0.054221,-0.003880,-0.028532,-0.034799,-0.001971,0.017065,-0.068712,-0.048425,0.035661,-0.036455,-0.062549,-0.000000,-0.043470,0.072960,0.045742,0.022128,0.057107,0.100757,0.058003,-0.001443,0.093697,0.042365,0.065898,-0.027822,0.113828,0.083444,0.062002,0.038076,-0.020240,-0.078785,-0.047164,0.060472,-0.125344,0.005314,-0.026038,0.103075,0.023048,0.014996,-0.138145,-0.031446,0.015578,-0.037363,0.009083,0.023552,-0.023676,0.034113,0.030204,-0.033763,0.005354,-0.015407,-0.039884,-0.063242,-0.094394,0.011708,-0.030218,0.053392,0.012505,-0.017745,-0.074537,-0.029970,-0.056232,-0.016459,-0.071062,0.047701,0.027066,-0.023230,0.028374,0.065141,-0.049724,-0.063235,-0.020717,0.039154,0.049785,-0.044235,0.002904,0.024922
0.049463,-0.029174,-0.078130,0.000590,0.014621,-0.001426,-0.060307,-0.052133,0.038312,0.025688,0.113679,0.089430,-0.004375,0.034234,0.017003,-0.021816,0.003864,-0.047136,-0.037676,0.005676,0.086044,-0.047638,-0.043926,-0.068052,0.086825,-0.045972,0.036587,0.077161,-0.004812,-0.032468,-0.058008,0.069572,-0.013215,-0.044560,-0.004908,0.052832,-0.027919,-0.002673,0.017981,0.033336,-0.014040,0.034452,0.025726,0.030480,0.041929,0.059383,-0.029575,-0.034303,-0.106646,-0.033379,-0.002016,0.017048,-0.024811,0.081097,0.065918,-0.020933,-0.083908,-0.008794,-0.020116,0.068985,-0.040575,0.037042,-0.042231,0.087060,0.190696,0.028432,-0.094440,-0.032384,0.003683,0.010284,-0.083158,-0.003838,-0.047372,0.040820,0.012130,-0.030185,0.058195,-0.010251,0.005491,0.015405,0.001226,0.108206,-0.038115,-0.042340,0.045027,0.017472,0.026172,0.034198,0.042648,0.069133,-0.057372,-0.028003,0.074504,-0.019459,-0.020447,0.114845,0.005602,-0.023159,0.053560,0.005429,-0.047084,-0.078069,0.028425,0.048762,-0.015775,-0.053047,0.027481,-0.025704,-0.081880,-0.035812,-0.077436,-0.011033,0.068614,-0.019719,0.004000,-0.053020,0.001420,0.041676,0.000555,0.050313,0.079989,-0.012571,0.068228,0.033529,-0.108973,-0.003379,-0.006497,-0.000000,0.021614,-0.052478,-0.014183,0.057743,-0.037389,0.058754,-0.018930,0.017338,0.135982,0.018332,-0.039735,0.030967,0.016858,0.026296,0.094169,0.044861,-0.025495,0.141579,-0.010437,-0.011659,0.068929,-0.060298,-0.043047,-0.005086,0.070752,-0.081206,0.016171,-0.002859,-0.070826,-0.019289,0.001141,0.043300,-0.042290,-0.031100,0.060339,0.049984,-0.060135,0.019468,0.027007,-0.021222,-0.017123,-0.015342,0.019122,0.033567,-0.027629,-0.070458,0.023109,-0.042139,-0.168099,0.054724,-0.110222,0.031740,0.060290,0.001970,0.012191,0.050041,0.001548,0.005290,-0.071204,0.046981,-0.077893,0.039788,0.031624,-0.072137,-0.015244,0.104536,-0.013091,-0.040040,0.061556,0.034192,0.023843,0.029169,-0.016678,-0.021987,-0.024637,-0.036101,-0.032405,-0.021533,0.062397,-0.062128,-0.055385,0.056862,-0.007571,0.083919,-0.009532,-0.008490,0.030569,-0.021173,-0.023840,-0.023135,-0.039615,-0.034855,0.000016,-0.062443,-0.023440,-0.000000,-0.125654,-0.004333,0.014367,0.036265,-0.034771,0.052544,0.066872,-0.066351,0.012594,0.024990,0.002767,0.025905,-0.092888,-0.017272,0.038405,0.081574,-0.108841,-0.035379,0.007195,0.014951,-0.091205,0.079589,0.023117,-0.003544,-0.002433,0.020964,-0.075912,-0.098998,-0.103296,0.016948,-0.020839,0.005125,-0.143478,0.063574,-0.059965,-0.030534,0.052145,-0.016598,-0.005709,0.014450,0.047095,0.020249,0.023771,0.042302,-0.014655,-0.022482,0.098726,-0.001875,0.071373,-0.030949,-0.042090,-0.013300,0.030467,0.015760,-0.042811,0.044050,-0.002867,-0.062441,0.006742,0.025975,0.005368,-0.053332,0.054907,-0.035156,-0.080153,-0.027347,-0.035360,-0.011484,0.068917,-0.016149,0.113291,-0.070092,-0.008631,-0.078200,-0.132638,-0.031323,0.064462,-0.035840,-0.049433,0.007548,0.026624,-0.017766,0.076882,-0.074764,-0.082078,-0.078852,-0.065262,-0.061641,0.012429,0.018686,-0.074005,0.061427,-0.001952,-0.056784,-0.027941,-0.000000,0.015357,0.017172,0.033581,-0.014046,0.031271,0.020791,0.100164,0.025446,-0.005638,0.025533,0.114840,-0.011313,-0.002347,-0.019490,-0.020719,-0.034302,0.037963,0.018811,-0.078563,-0.044924,0.033058,0.048852,-0.091560,-0.019414,0.077294,0.000125,0.003409,0.059826,0.003171,-0.027263,0.031533,0.014046,0.019209,0.008947,0.051508,0.021309,0.028973,0.021235,-0.017592,-0.017307,-0.060853,-0.027920,0.029062,0.129034,0.049155,0.041641,-0.032319,-0.075759,-0.006974,-0.102220,0.011655,0.033008,-0.003616,-0.022796,0.072026,0.036257,-0.008539,0.017047,-0.007068,-0.022203,-0.008426,0.005817,0.026173,-0.079189
-0.000492,0.031423,0.074793,0.076335,0.072848,-0.079675,-0.101163,-0.019044,-0.020577,0.073479,0.011816,0.061262,-0.052927,-0.013375,-0.040128,0.043653,-0.096109,-0.005569,-0.013392,-0.080850,0.014342,0.061265,-0.066229,0.030752,-0.045997,0.003598,-0.105398,0.020840,0.044967,0.064775,-0.022309,-0.030435,0.052646,-0.015224,0.006146,0.042124,0.067367,-0.066681,0.084770,0.021684,0.063069,0.026231,-0.061696,0.003902,-0.033713,0.013061,-0.035738,-0.023430,-0.086720,-0.023412,0.034628,-0.124510,-0.078760,-0.078718,-0.006161,0.032972,0.009233,-0.060170,-0.005043,0.069106,-0.004868,-0.035093,-0.059994,0.039193,0.069900,0.053724,0.036904,-0.021176,0.083199,0.008710,0.046371,0.016622,-0.088713,-0.041826,-0.018444,0.095212,0.064105,0.040794,0.038895,-0.066252,-0.044854,-0.062063,-0.008212,-0.086220,-0.135594,0.028620,-0.015461,0.058986,0.025267,-0.002799,-0.025227,-0.100329,0.021937,0.029162,-0.084376,0.024109,-0.003074,0.001583,-0.019522,0.035172,-0.019685,0.062512,-0.011835,-0.064748,-0.084848,-0.011110,-0.119117,0.017393,-0.070896,-0.025495,-0.003583,-0.078822,0.041856,-0.014420,-0.025057,0.110877,0.017356,-0.052296,-0.048159,-0.020655,0.037060,-0.005745,-0.049420,-0.024202,0.108476,0.007711,0.010234,-0.000000,0.046510,-0.021624,-0.010870,-0.024554,0.123441,0.035438,0.062068,0.005445,-0.019868,0.040241,-0.043060,-0.061959,-0.021332,-0.087559,-0.073137,-0.088954,0.070137,0.046200,-0.069465,0.073218,0.057534,-0.092322,-0.091163,0.016853,0.088269,-0.004588,0.051386,0.013009,0.018505,-0.015181,0.005514,0.062262,0.012578,0.011372,-0.026723,-0.015219,-0.012627,-0.019018,0.033210,-0.023890,0.060954,0.027573,-0.083174,-0.023214,0.038439,-0.062817,0.034755,-0.010114,0.016924,0.011023,0.047777,0.168484,0.010797,-0.006682,0.004422,0.033218,0.025172,-0.010732,0.036041,-0.025944,0.089041,-0.016829,-0.004781,-0.030802,0.031014,0.035457,0.045666,0.049084,0.050310,-0.023743,0.009330,-0.000205,-0.050589,-0.038790,0.010575,0.029962,-0.021630,0.006103,0.004585,0.008856,-0.010717,-0.035285,0.041874,-0.011386,0.106649,-0.079893,0.021570,0.090740,-0.040643,0.047274,-0.045892,0.028273,-0.000259,0.081560,0.114988,0.000000,0.077162,-0.068086,-0.066912,-0.016875,-0.029615,0.034093,-0.052451,-0.066887,-0.030271,-0.026991,-0.010886,0.074855,-0.035494,0.009894,-0.030870,0.001849,0.077700,-0.037419,-0.033509,0.081390,0.003171,-0.055536,-0.055791,0.057636,-0.045718,-0.043625,0.009976,-0.046456,-0.027101,0.015486,-0.065848,-0.037305,-0.015864,-0.084854,0.012347,-0.024782,-0.022261,-0.034665,0.017755,0.066933,0.072131,0.049971,-0.027108,0.008811,-0.044775,0.019678,0.057402,-0.081698,-0.074333,0.018947,-0.010229,0.044617,0.008706,0.025596,0.038894,0.028121,0.001709,-0.033669,-0.060922,0.017252,-0.042896,0.034727,0.024389,-0.165058,-0.016164,-0.092954,0.041989,-0.076635,0.089853,-0.034157,0.017895,0.005627,-0.094222,0.023607,-0.009946,0.002492,0.040782,-0.011120,-0.038647,0.001970,-0.019127,0.071234,-0.002227,0.064793,0.045932,-0.024298,0.025280,0.010749,0.033687,0.033345,-0.023760,0.031684,0.008676,0.034199,-0.046415,-0.000000,-0.067072,0.076587,-0.037718,-0.024274,0.075496,-0.066084,0.025590,0.167305,-0.067432,-0.090997,0.117147,0.021440,-0.009005,0.014646,0.078679,-0.049685,-0.023331,-0.021216,-0.035053,0.009402,-0.058563,-0.037021,-0.008951,0.032318,-0.016854,-0.087346,0.074845,0.039962,0.007351,0.032209,-0.051031,0.032959,0.005890,0.040054,0.018182,-0.036399,0.026563,0.058682,-0.026389,0.015121,0.046101,-0.001727,-0.004522,0.024469,-0.033039,-0.001062,-0.021094,0.018666,-0.038814,-0.002640,-0.016435,-0.007105,-0.018354,0.091016,0.094807,0.011215,0.018707,-0.102411,-0.044608,0.031188,0.015499,-0.079799,0.054551,0.001828
0.017817,-0.016306,0.052464,0.039477,0.036169,0.119536,-0.046164,-0.070048,0.018337,-0.016505,-0.013869,0.094078,-0.071696,-0.030206,0.064813,-0.026208,-0.072373,-0.121879,0.017302,0.064191,0.036651,-0.035637,-0.005372,-0.006599,-0.035154,-0.006413,0.004461,-0.038352,0.008498,0.061748,-0.024964,0.114576,-0.007209,0.008047,0.025333,0.016706,0.040050,0.061056,0.014568,0.012431,-0.011667,-0.043866,0.107041,0.093375,-0.054940,-0.009392,-0.018929,-0.017607,-0.051717,0.056921,-0.068688,0.025723,-0.049354,-0.085251,0.079610,0.060732,-0.040446,-0.027439,0.099371,-0.004410,-0.074906,-0.008752,-0.067462,-0.022624,-0.057974,-0.028234,0.056534,0.021440,0.008970,-0.035819,-0.013472,-0.006313,0.023284,0.003636,-0.042023,0.041436,-0.006315,-0.008581,0.006492,-0.089441,-0.020699,-0.042094,0.040609,0.007049,0.033027,-0.012528,-0.027680,-0.020322,-0.058923,0.005497,-0.032622,-0.088911,0.086291,0.056450,-0.041590,0.045715,0.004691,0.070058,0.077141,0.088185,-0.022903,0.053763,-0.080729,0.004206,0.053394,-0.020272,-0.009481,-0.065753,-0.024045,-0.053704,-0.001491,-0.002462,0.008362,-0.040092,0.041194,0.009775,0.013963,0.024071,0.052305,0.038347,-0.000578,0.050002,-0.045429,-0.015845,-0.117713,-0.034894,0.002037,-0.000000,0.053396,-0.039630,-0.009933,-0.010607,0.000780,0.012138,-0.019281,-0.079844,0.027529,-0.012145,-0.020953,-0.028272,-0.054631,-0.106704,0.052321,-0.035941,-0.047960,0.134429,0.043412,-0.018261,0.015698,-0.136020,0.021846,-0.050506,0.108461,-0.003750,0.033894,0.030232,-0.047424,-0.006024,0.004192,0.066994,-0.070044,0.011235,0.049449,0.061554,-0.047648,-0.030991,0.010863,-0.006114,0.009763,0.016462,-0.052172,-0.045331,0.071601,0.019813,0.030435,-0.018936,0.076128,0.006859,-0.045934,0.029995,0.026436,-0.111196,-0.045141,-0.007912,0.029676,-0.060863,0.020707,-0.045907,0.045617,-0.007559,-0.013563,-0.054433,-0.101704,0.089728,0.015571,0.043469,-0.011986,0.085659,0.003024,0.010516,0.008714,-0.077852,0.017163,0.069236,0.099985,-0.037136,0.058668,0.013768,0.048714,0.025251,0.067038,0.010860,-0.025437,0.036760,0.025739,0.018004,-0.001813,-0.069792,-0.056535,0.001478,-0.006840,0.021176,-0.046569,-0.000000,0.015210,0.016109,-0.006480,0.057143,0.079005,-0.044337,-0.048026,0.023760,0.009860,0.026503,0.027958,-0.027318,0.014166,-0.007908,-0.021458,-0.080502,0.043156,-0.053666,-0.057465,-0.038454,-0.037520,-0.008479,-0.144897,0.036522,0.032026,0.064909,0.010975,-0.016892,-0.031592,0.023285,-0.072884,-0.057145,-0.068407,-0.042401,-0.050847,0.063971,0.015257,-0.056950,-0.002741,0.059348,-0.028426,-0.008966,0.010868,0.015495,-0.039716,0.088269,0.084745,0.147109,-0.028913,-0.004334,-0.007607,-0.017503,-0.072421,-0.086806,-0.032516,0.055777,-0.019145,-0.007913,0.005127,-0.000843,-0.078478,-0.004906,0.043183,-0.038591,-0.028769,-0.061199,0.017930,-0.048623,-0.068152,0.023872,0.064303,-0.058053,-0.130244,0.019832,-0.048243,-0.054589,0.067502,-0.009811,-0.042634,-0.054018,0.047269,-0.007540,-0.069713,0.107359,0.009474,0.148779,-0.074955,-0.012831,0.024948,0.001307,-0.071217,-0.083622,-0.071442,0.053176,-0.036763,-0.000000,0.053903,0.067121,-0.053739,0.031712,0.027826,-0.028391,0.025306,0.045620,0.062540,0.037970,0.121942,0.025957,-0.029387,-0.024666,0.077814,0.059506,-0.039408,-0.016774,-0.036673,-0.007716,0.033779,-0.036157,0.030934,0.018035,-0.017094,0.026930,-0.040953,0.157009,0.053217,0.022091,0.024130,0.009889,0.039014,-0.086819,-0.027209,0.035898,-0.065583,0.000434,0.017277,-0.016136,-0.001170,-0.039121,0.012566,0.167418,-0.064538,0.007049,-0.033211,0.054522,-0.049851,-0.039350,-0.068457,-0.002434,0.066369,-0.048740,0.059396,0.093675,0.029584,-0.020134,0.015998,-0.043614,0.049581,-0.011039,-0.045406,0.032460
-0.026717,0.031009,0.067325,0.023491,0.061112,0.005700,-0.056730,0.003488,-0.043031,0.097156,0.041439,0.024730,-0.058498,-0.003200,0.050299,0.009138,-0.053151,0.053162,-0.028431,-0.018398,0.088549,-0.012774,-0.016507,0.028650,-0.012157,-0.036256,-0.103047,0.020248,0.052009,0.016153,-0.002854,0.013789,-0.000677,0.047445,0.012431,-0.021503,-0.004305,0.002419,0.011530,-0.056854,0.009932,0.076325,-0.075087,0.039378,-0.092403,-0.011613,-0.059640,-0.039752,-0.070079,-0.019412,-0.035094,-0.049525,-0.048291,-0.041670,0.017987,0.021113,-0.028908,-0.067387,0.010877,0.126055,0.059434,0.050170,-0.125870,0.047493,0.011537,0.027840,-0.088833,0.061473,-0.012556,0.050358,0.084916,-0.067036,-0.068435,-0.001335,0.024698,-0.065234,0.021532,0.034191,-0.030355,-0.034152,-0.145412,0.040712,0.010010,0.004082,-0.005871,0.007626,-0.037978,0.045305,0.035011,0.056736,-0.029912,-0.114833,-0.016989,0.063424,-0.047700,-0.029506,0.006376,-0.038714,-0.013939,0.028826,-0.032601,0.044056,-0.000809,-0.088923,-0.027476,-0.012747,-0.106690,-0.069970,-0.007751,-0.048404,-0.023709,-0.015524,0.075642,-0.030368,-0.036351,-0.033937,-0.008172,-0.030651,0.049380,0.026248,0.118840,-0.018685,-0.048070,-0.010518,0.091735,-0.007539,0.014800,-0.000000,0.036454,0.015317,-0.031478,0.016100,0.166992,0.066743,-0.049694,-0.031324,-0.038502,-0.031708,-0.019131,-0.044241,-0.055660,-0.061330,0.018342,-0.069424,0.009255,0.084127,-0.027483,0.027078,0.003071,-0.023340,-0.031737,-0.017085,0.082140,0.020326,0.050530,-0.001975,0.012336,0.050540,-0.044253,0.007700,-0.028279,0.029552,-0.087237,0.067172,-0.034050,-0.070259,0.023773,-0.025682,-0.013545,-0.021435,-0.019049,0.034648,0.018568,-0.044023,0.044408,0.024569,-0.045719,0.045033,0.062708,0.089646,0.057558,-0.013929,-0.028559,0.018847,-0.005628,0.058706,0.068508,0.037075,0.004924,-0.059207,-0.012909,0.064672,0.051310,-0.000937,-0.064216,0.016356,0.046388,-0.058546,-0.099662,-0.013704,0.003509,0.037533,-0.062919,-0.014783,-0.022054,0.038282,0.059411,-0.016155,-0.037440,-0.029094,0.050140,-0.028890,0.117717,-0.055799,0.026596,0.049551,-0.048319,-0.033077,0.012761,0.003102,0.037595,0.033730,0.049129,-0.000000,-0.060814,-0.076320,-0.050414,-0.045232,-0.059366,0.046999,-0.069122,-0.022639,-0.096595,-0.009134,-0.061479,0.033730,0.004655,0.020030,-0.123512,-0.038814,0.097871,0.034804,-0.028562,0.047708,0.037441,-0.013288,-0.025686,0.016084,0.049275,-0.022825,0.054179,-0.008766,-0.006164,-0.046722,-0.017359,-0.071150,-0.079414,-0.059731,0.113360,-0.067766,0.029348,-0.041207,-0.037945,0.108361,0.078668,-0.021233,0.014089,0.062332,0.032679,0.011903,0.022087,-0.002702,-0.069470,0.014633,0.004833,0.008930,0.042184,0.019070,-0.037792,-0.047854,0.004540,-0.041020,0.076129,-0.060799,-0.017779,-0.007056,-0.016069,-0.065826,0.093566,-0.024817,-0.057146,0.013913,-0.009081,-0.038646,0.014364,-0.026492,-0.059159,-0.053833,0.058632,0.021997,0.065537,-0.107164,-0.096126,-0.077792,-0.020789,-0.033433,0.081829,-0.064176,0.053856,-0.092659,-0.034121,0.106440,0.022037,0.000137,-0.061423,0.069322,0.083119,0.082451,-0.046198,-0.000000,-0.069909,0.026918,-0.016112,-0.054000,0.063604,-0.010088,0.030510,0.068979,-0.057332,-0.064111,0.067984,0.033564,-0.019020,0.051529,0.056684,-0.035134,-0.011569,-0.020080,-0.038891,0.056038,0.004001,0.010231,0.050526,0.107324,-0.103482,-0.019928,-0.105867,0.045744,-0.005192,0.002000,-0.007833,0.057822,0.057251,0.124938,-0.010161,0.030882,-0.044142,0.051968,0.000200,-0.006844,0.010873,-0.090543,-0.011982,0.099348,0.010781,0.032818,0.023084,-0.023352,-0.016794,-0.041838,0.008734,-0.015168,0.077628,-0.051650,-0.050104,0.095717,0.071130,-0.022542,-0.025919,0.002986,-0.004330,-0.063138,0.043506,0.090657
0.036652,-0.005087,-0.005301,0.069450,-0.003436,0.092937,-0.081497,-0.054779,-0.039719,0.003381,0.039542,0.055375,-0.048967,0.021218,0.046834,0.006915,-0.070391,-0.095341,-0.027117,0.019331,0.014471,0.002776,-0.056784,-0.044169,0.021239,0.002121,0.019924,0.030373,-0.012074,0.016120,-0.030706,0.101299,0.000349,-0.010646,0.022911,0.022310,-0.005643,0.011173,0.012004,0.020967,-0.012223,-0.053000,0.069402,0.078376,0.003373,0.035454,-0.026625,0.022633,-0.091566,0.038471,-0.052029,-0.001975,-0.010938,-0.031426,0.063290,0.025359,-0.084042,-0.034453,0.043459,0.003116,-0.087253,0.037801,-0.082455,0.048038,0.066564,-0.045495,-0.030687,0.015235,0.028990,0.011495,-0.033059,-0.008404,-0.035087,-0.025681,-0.006282,0.036903,0.025572,-0.020886,0.092049,-0.080421,-0.031991,0.027123,-0.019038,0.004452,0.040247,0.004866,0.044060,0.035186,-0.013466,0.060460,-0.001554,-0.079641,0.125424,0.046107,-0.027792,0.114393,-0.005019,-0.015084,0.073848,0.078114,-0.036861,0.064864,-0.003279,0.052064,-0.013162,-0.088334,0.019011,-0.052799,-0.083941,-0.046607,-0.024399,0.055581,0.027632,-0.052771,0.027352,-0.014223,-0.012450,0.022171,0.033021,0.037580,0.065606,0.023316,-0.008785,0.042827,-0.115851,0.028173,0.010631,-0.000000,0.048098,-0.005693,-0.038877,0.037308,-0.016068,0.032316,-0.008481,-0.022416,0.067244,0.009606,-0.051656,-0.025415,-0.078493,-0.015050,0.076503,0.006156,-0.014580,0.182410,0.070343,-0.008045,0.064536,-0.145543,-0.022545,-0.029688,0.129545,-0.007317,0.052800,0.037060,-0.047573,-0.021025,0.053685,0.067883,-0.025813,0.025432,0.054364,-0.014837,-0.040451,0.004952,0.051450,-0.000020,0.015700,0.005275,-0.052976,-0.016518,0.030332,-0.004542,0.052572,-0.054801,-0.014554,0.041946,-0.113303,0.044499,0.025065,-0.090301,-0.081668,0.009180,0.020944,-0.090240,-0.089820,-0.026325,-0.004880,0.047276,0.060257,-0.072611,-0.063603,0.071514,0.040240,0.006729,0.006981,0.086147,-0.021912,-0.018879,-0.008390,-0.087594,0.004424,0.012833,0.074583,-0.037273,0.087891,-0.060167,-0.016702,0.033911,0.078616,0.044575,0.007694,0.015901,0.019495,0.008065,-0.013810,-0.061571,-0.036106,-0.006119,-0.050927,0.038039,-0.012788,-0.000000,-0.055973,-0.000554,-0.021961,0.047028,0.027239,-0.028360,0.000084,0.038759,0.032894,-0.006098,-0.003943,0.012244,-0.010553,-0.021152,0.020873,0.009954,-0.010723,-0.094463,0.003859,-0.030527,-0.097733,0.043732,-0.104872,0.013582,0.000927,0.027603,-0.024788,-0.077014,-0.053886,0.088473,-0.078718,-0.071577,-0.118816,0.027671,-0.064877,-0.003307,0.017908,-0.059887,0.000874,0.049618,0.031673,0.014840,-0.006473,0.021202,-0.006642,0.084612,0.125474,0.081463,0.043308,-0.003972,0.036440,-0.034437,-0.079900,-0.048872,-0.073213,-0.006394,-0.048277,-0.081590,0.006796,-0.000036,-0.063156,-0.029275,0.070416,-0.011844,-0.100184,-0.064958,0.014941,-0.059161,-0.024962,-0.022566,0.107529,-0.070018,-0.064159,-0.000936,-0.051322,-0.033852,0.040113,0.018498,-0.040016,0.000695,0.030122,0.025031,-0.007610,0.052782,-0.044924,0.040643,-0.023262,0.011891,0.027722,0.045279,-0.107752,-0.021848,-0.063043,0.071621,-0.036211,-0.000000,0.062885,0.055859,-0.043348,0.034047,0.013586,-0.051633,0.053448,0.065893,0.062578,0.073255,0.148321,0.023885,0.026609,-0.007715,-0.030654,0.049737,-0.061341,0.044856,-0.063585,-0.070179,0.042771,0.004585,-0.020759,-0.029966,0.084732,-0.006143,-0.035027,0.182242,0.032496,-0.002667,0.037392,0.001048,0.048492,-0.058373,-0.014863,0.017829,-0.060145,0.005087,0.015144,-0.038202,-0.059737,-0.017719,-0.028322,0.126287,-0.032113,-0.044016,-0.047695,0.000205,-0.015502,-0.065825,0.017333,0.006615,0.042759,-0.009427,0.138817,0.063359,0.028841,-0.000958,-0.019828,-0.029284,-0.028968,-0.053846,-0.072347,-0.015142
0.093521,-0.001376,0.117202,0.012844,0.049108,-0.051257,-0.101563,-0.107031,-0.053063,0.021097,-0.024807,0.001483,0.014362,0.053734,-0.019158,-0.038383,0.004506,-0.047397,-0.046798,0.015943,0.074126,0.005398,0.033530,-0.007616,0.040965,-0.014557,0.050088,0.095744,0.052297,-0.019226,-0.026128,0.035490,-0.017212,-0.039958,-0.018407,-0.012568,0.029845,-0.023922,0.031455,0.002402,0.013163,-0.010856,0.054643,0.033612,-0.010396,0.002244,-0.022301,0.088735,-0.026861,0.077321,0.110277,-0.014883,-0.054005,-0.024804,-0.067983,0.073012,-0.027752,0.036474,0.021101,0.013864,0.046085,0.057349,-0.115560,-0.032815,0.072227,-0.017845,-0.036529,0.135983,-0.071440,-0.077212,-0.036277,0.072944,-0.050232,0.039435,0.012297,0.027346,-0.011854,0.075393,0.009387,-0.008028,0.049035,-0.037454,0.111737,-0.019414,0.019020,0.003040,-0.042069,-0.073200,0.101620,-0.051791,-0.006690,-0.137415,-0.017315,0.023227,0.044039,0.095179,-0.003219,0.007554,0.029635,-0.023875,-0.034153,-0.072246,-0.006559,-0.011789,0.132574,-0.029211,0.017413,0.048512,-0.043084,-0.101930,-0.076244,-0.002203,0.033734,0.006266,-0.034247,-0.041303,-0.003546,0.064599,-0.037036,-0.063700,-0.081520,0.032331,0.013268,0.053387,0.043403,-0.085496,0.046334,-0.000000,0.050890,-0.148399,0.043252,0.043092,0.055172,-0.025134,-0.000770,-0.092060,-0.036784,-0.026999,-0.030421,0.043179,0.005114,-0.014130,0.016593,-0.032295,-0.001131,0.009196,-0.066830,0.018959,-0.032110,0.005171,0.012144,-0.062234,-0.045953,-0.043166,0.015948,0.067547,0.003773,0.013349,0.059238,-0.038280,0.030825,0.022552,0.033452,0.118239,0.020294,-0.034313,-0.003733,-0.024962,-0.007828,-0.005940,-0.021885,0.022397,0.065706,-0.013161,0.006420,-0.037592,-0.019062,-0.000846,0.001470,0.057708,-0.013552,-0.049959,-0.001986,0.028728,0.121776,0.056778,-0.040009,0.055052,-0.063428,0.113155,0.000565,-0.089989,-0.037645,-0.009230,0.044238,0.057966,-0.024041,0.002002,0.022198,-0.002581,0.040383,0.040517,0.017296,0.021208,0.047100,-0.035887,0.024355,-0.013211,-0.091278,0.002666,-0.074608,-0.011826,-0.054672,-0.004753,-0.019873,-0.013890,0.052248,0.007478,-0.044200,0.085669,0.091891,-0.096686,0.014329,-0.000000,0.022550,-0.015109,-0.023090,0.123763,0.001412,0.015130,0.067845,0.020100,-0.035897,0.020938,0.027996,0.008926,-0.066281,0.051438,0.044974,0.043090,0.049855,0.087462,0.065528,-0.040029,0.047161,-0.026521,-0.022405,0.020874,-0.059596,-0.030355,-0.029553,0.033826,-0.147253,-0.009838,-0.052635,0.008575,-0.009125,0.008917,-0.083706,-0.006873,0.011285,-0.079568,-0.061367,-0.052727,0.012798,-0.083625,0.027342,-0.016605,-0.007336,0.068374,0.021719,-0.030131,0.004696,0.066857,-0.000429,0.000530,-0.041233,0.071686,-0.015094,-0.054994,-0.001550,0.007657,-0.146599,0.098874,-0.027080,0.025218,-0.030623,0.001248,0.004249,-0.010776,0.003048,0.011727,0.039795,-0.050307,-0.011621,-0.071666,-0.050761,-0.045956,0.037746,0.058444,-0.016474,-0.025481,-0.152391,0.031166,-0.091208,-0.018193,-0.116951,0.072503,-0.019895,0.028688,-0.108823,-0.121652,-0.003102,0.142724,-0.025185,-0.066930,-0.004922,-0.049286,-0.006728,-0.000000,-0.002099,0.070222,0.021561,0.019462,-0.124114,-0.000147,0.057542,-0.005457,-0.018014,0.029040,-0.023473,-0.042147,0.010096,0.057864,0.058056,-0.027407,-0.022347,-0.023929,-0.067373,-0.001071,-0.021724,0.015309,0.059606,0.092864,0.017999,0.049177,-0.041789,0.020290,0.059591,0.003944,0.076212,0.006697,-0.013906,-0.010120,-0.007943,-0.037703,-0.061871,0.042386,-0.053468,0.031612,-0.028030,-0.025837,0.000468,0.050818,0.106045,-0.012403,0.063975,0.058382,-0.041873,-0.068292,-0.007798,0.010295,0.002039,0.025879,0.054221,0.040371,-0.032087,-0.023870,0.043683,0.025567,-0.014226,-0.001101,-0.052204,-0.012172
0.120293,0.001607,0.018600,0.005896,0.004342,-0.094969,-0.080949,0.003509,-0.025255,-0.023682,0.006050,-0.015122,-0.004099,0.074672,0.039931,-0.026992,0.004554,-0.078272,-0.004476,-0.007295,0.049491,-0.032914,0.067087,-0.008534,0.040149,-0.035405,0.033378,0.078142,0.011603,-0.000368,-0.065428,0.038204,0.018617,-0.037050,-0.019675,-0.057536,-0.027835,-0.010779,0.079624,0.033945,0.031241,0.027643,0.045615,0.032328,-0.029649,0.047438,-0.085526,0.099505,0.069725,-0.019752,0.132745,-0.044667,-0.077114,0.042408,-0.065267,0.016168,0.004371,-0.014152,0.027717,0.093859,0.050232,0.045324,-0.075561,-0.024313,0.053565,-0.065241,-0.128328,-0.041524,-0.067024,-0.092077,-0.022564,0.080414,-0.034009,-0.157894,0.004104,-0.064335,0.026091,0.067571,-0.067771,-0.025980,0.039809,-0.000272,0.137839,0.031634,-0.046431,-0.004594,-0.004165,-0.051941,0.066131,0.004325,-0.017570,-0.088501,-0.072853,0.059142,0.016085,0.138444,-0.053554,0.034407,-0.025812,-0.038988,-0.020611,-0.051714,0.032761,-0.023110,0.096773,-0.010607,-0.009040,0.064298,-0.001317,-0.077658,-0.090627,-0.031636,0.061771,0.028698,-0.031766,-0.021984,0.056733,0.030359,-0.010514,-0.037444,-0.005704,0.049530,0.040994,0.050879,0.049420,-0.021461,0.054972,-0.000000,0.039304,-0.059225,0.049161,0.037207,0.040740,-0.018965,-0.008526,-0.091276,0.002003,0.025448,-0.049180,-0.027271,-0.021616,-0.002015,0.021061,-0.062309,0.012720,-0.014423,-0.134285,0.001028,-0.000502,-0.022547,-0.024252,-0.063811,-0.041603,-0.049467,-0.004918,0.015045,0.015960,0.036139,0.014988,-0.055225,0.011408,0.014920,0.052083,0.087829,0.060831,-0.018094,-0.023235,0.072805,-0.006457,-0.016030,0.015540,-0.023881,0.026056,-0.017008,0.061995,0.006926,0.046098,0.012468,-0.010127,0.057471,0.066245,-0.038616,0.043281,0.006568,0.109120,0.042185,-0.029580,0.069757,-0.040391,0.058655,0.034121,-0.089055,-0.042297,0.021187,-0.022180,0.040352,0.011553,0.051072,-0.017153,-0.040137,0.095705,0.122998,0.005681,0.022142,0.027052,0.008561,0.089704,0.062704,-0.117810,0.085842,-0.039358,0.040623,-0.056715,-0.023854,0.026692,0.022226,0.011661,-0.049723,-0.085196,0.054080,0.073233,-0.044345,0.002686,0.000000,0.014996,-0.018231,-0.035932,0.023703,-0.010598,0.005877,0.096308,0.122271,-0.019538,0.086120,-0.018151,0.046056,-0.046797,0.004117,0.105512,0.021800,0.011551,0.058199,-0.014253,-0.035461,0.027003,-0.071699,0.039652,0.057353,-0.051458,0.013914,0.011554,-0.049890,-0.117210,-0.000060,-0.125371,-0.038395,0.008932,-0.001664,-0.140932,0.012225,-0.044019,-0.034398,-0.030545,-0.016736,0.009508,-0.068432,0.015145,0.003428,-0.033487,0.063637,0.086030,0.031344,-0.068093,0.023745,-0.014240,-0.000165,0.029303,0.099717,0.029683,-0.048183,-0.026965,0.008628,-0.077985,0.087776,0.010488,0.070172,0.015021,-0.036433,-0.030193,0.028866,0.005439,0.040781,0.032762,-0.013139,0.015759,0.030484,-0.033334,-0.039036,0.061016,0.065301,-0.022316,-0.028911,-0.052630,0.016667,-0.033368,-0.054249,-0.080863,0.037867,0.021153,-0.079070,-0.035361,-0.064464,0.015943,-0.007194,-0.041374,0.002116,-0.072804,-0.018657,-0.008345,-0.000000,0.007435,0.038888,0.002314,0.015454,-0.088414,-0.000928,0.064436,0.000560,-0.060578,-0.012829,-0.029269,-0.030124,0.005697,-0.021127,-0.031489,-0.039858,-0.020127,-0.016111,-0.043612,-0.023844,-0.008511,-0.004185,0.000436,-0.015604,0.028634,0.048674,-0.038279,0.032658,0.003768,-0.039447,0.101008,-0.047500,-0.013768,-0.012890,0.026654,0.006914,-0.108106,0.053704,-0.125472,0.009381,-0.020287,-0.081349,0.077058,0.043933,0.051332,0.024830,-0.010495,0.066419,-0.006671,-0.082991,0.011839,-0.019987,0.037438,0.078659,0.058498,0.006561,-0.049651,-0.106708,-0.050761,0.023272,-0.068560,0.044710,-0.044100,0.040011
-0.029171,-0.029439,0.014076,0.032997,-0.019854,-0.028406,-0.128796,0.043204,-0.008393,0.015253,0.001589,0.063311,-0.066280,0.011275,0.013139,0.023862,0.055835,-0.094913,-0.012153,-0.017251,0.021035,0.028717,0.012148,-0.067529,0.072403,-0.017632,-0.065300,0.019435,0.012939,-0.026690,-0.057369,0.003581,0.022146,0.007798,0.024165,-0.060765,0.000116,-0.012070,0.042422,0.039552,0.042490,-0.024439,-0.025929,0.064752,-0.019568,-0.002013,-0.110888,0.003230,0.036450,0.042182,0.013962,0.036846,0.035228,-0.003657,-0.017252,0.078664,0.004554,0.007544,-0.008634,0.072302,0.054903,0.000828,-0.140195,0.041319,-0.019793,-0.013575,-0.031302,-0.028231,-0.005663,-0.171007,0.069125,0.012732,-0.025190,-0.146690,0.070424,0.110458,-0.047137,0.044205,0.014682,-0.101956,0.012763,-0.084822,-0.015281,-0.031102,0.042778,0.033619,-0.008663,0.029152,0.015476,0.022124,0.062572,-0.002208,-0.079918,0.024738,-0.089631,0.075479,-0.054289,-0.021440,0.033423,0.018953,-0.043189,0.044247,-0.045889,-0.052232,-0.007210,-0.018868,0.009699,0.053747,0.013605,0.016819,-0.013245,0.047907,0.024097,0.042683,-0.071113,0.036363,0.020982,0.050965,0.051923,-0.061176,0.006513,0.047140,-0.020702,0.023976,0.047696,0.086106,-0.039348,-0.000000,0.041295,-0.048549,0.071271,0.021256,0.021568,0.000937,-0.017020,-0.068978,0.010089,-0.026174,-0.077504,0.006569,0.058672,-0.098743,-0.034891,-0.048508,-0.037150,0.050588,-0.107574,0.121925,0.066552,-0.028562,-0.007416,-0.040734,0.000118,0.030749,0.007092,0.013675,-0.004447,0.017319,-0.042960,-0.008905,-0.033889,0.086361,0.012414,0.103870,-0.007636,0.027576,-0.052938,-0.040451,0.023037,0.042989,-0.029764,-0.012692,-0.006539,-0.059343,0.004366,0.006276,0.130299,0.006433,-0.022700,0.047036,-0.071506,-0.005873,0.035409,0.025844,0.032611,0.017043,0.030752,0.025590,0.046931,0.051732,-0.052639,-0.134217,-0.070570,-0.000875,0.007947,-0.048688,-0.020333,0.001394,0.063378,0.011350,0.049524,0.066836,0.059718,0.023350,-0.074615,0.012424,0.097130,0.038268,0.050212,-0.028280,-0.003926,-0.031261,0.050802,0.021689,0.021842,0.043820,-0.033994,-0.013900,-0.022420,0.039507,-0.048108,0.031412,-0.069776,0.000000,-0.093801,-0.013777,-0.046340,0.028138,-0.009132,-0.002707,0.099892,0.109542,0.054408,-0.001253,0.080825,0.030932,-0.025171,0.037781,-0.007043,-0.000474,0.008212,-0.009808,0.003695,0.009367,0.014140,0.075994,-0.054998,0.056011,-0.001114,0.007473,0.047432,0.032905,-0.030608,-0.072543,-0.020495,-0.060163,-0.067743,0.103224,-0.014649,0.010615,0.074095,-0.005204,-0.000191,0.024234,0.048059,-0.030078,-0.039524,0.039441,-0.010559,-0.000062,0.022048,0.042297,-0.069476,0.019426,0.071151,0.070852,-0.111253,0.157907,0.017983,-0.011119,0.048153,-0.070840,-0.071251,0.031534,0.005590,0.095752,-0.043991,0.004431,0.072056,0.038778,0.042317,-0.095093,0.065278,0.032789,0.008967,-0.060482,-0.047975,-0.046255,0.057316,0.120830,0.050985,-0.022908,-0.040674,0.062866,-0.016678,-0.024927,-0.052425,0.107018,0.045035,0.021852,0.018971,-0.093534,0.026266,0.020407,-0.090218,-0.025092,-0.061992,-0.040915,0.027454,-0.000000,0.028821,0.058512,-0.009866,0.087816,-0.036084,-0.006554,0.014116,-0.029051,-0.083993,-0.037283,0.045016,-0.000394,-0.034303,-0.032306,0.024123,-0.026689,-0.031949,-0.022542,-0.009478,-0.094781,-0.081406,0.024877,0.018931,0.002144,-0.011871,0.021796,-0.118035,0.063987,-0.041676,-0.043026,0.006588,0.008166,-0.022496,-0.046504,0.017745,-0.061696,-0.110316,0.029614,0.030505,0.062233,0.006153,-0.090612,-0.027971,0.083446,0.078335,-0.016930,-0.034033,-0.007070,0.026246,-0.066178,0.046570,-0.067125,-0.033443,-0.041951,0.054530,0.014082,0.020342,-0.104205,0.026452,-0.000600,0.022554,-0.093284,-0.100374,0.090039
0.003818,0.004326,0.102783,0.010886,-0.045494,-0.051810,-0.098846,-0.025593,-0.047977,-0.030257,-0.091370,0.044541,-0.016443,-0.003622,0.050572,0.008653,-0.004352,-0.099121,0.036235,-0.052230,-0.036419,0.008185,0.032331,-0.066909,-0.018677,0.032607,-0.046731,0.069056,0.032081,-0.032985,-0.034800,0.051063,-0.061993,-0.043353,0.038073,0.052008,-0.053642,-0.052475,0.003163,0.063162,0.015118,-0.059717,0.076589,-0.015076,-0.043058,-0.018967,-0.025015,-0.057049,0.014949,-0.010547,0.034872,0.015469,0.043716,-0.082877,-0.005203,0.030161,-0.025599,-0.082225,-0.032412,-0.005559,0.086551,0.046126,-0.091954,-0.018821,-0.028476,-0.086728,-0.050775,-0.002368,0.018728,-0.113758,0.035685,0.004789,-0.014791,-0.035849,0.011755,0.047196,0.018088,-0.012831,0.021730,-0.018489,0.116066,-0.006764,0.003295,-0.047641,0.035501,-0.035521,-0.031705,-0.028242,0.077600,-0.049723,0.041941,0.003788,-0.115732,0.026943,0.022204,0.045067,-0.029372,0.032191,-0.011968,0.021436,-0.055683,0.042237,-0.028187,-0.063025,0.008762,0.025175,-0.025547,0.142792,0.051162,0.015820,-0.018518,0.007838,0.038449,0.038990,-0.054550,-0.065623,-0.023771,-0.033362,-0.018387,-0.012284,-0.013315,0.009210,-0.042330,-0.000397,0.031547,0.070446,-0.038159,-0.000000,0.026934,-0.012566,0.022184,0.030334,-0.002282,-0.016075,0.003345,-0.047266,-0.125750,-0.063055,-0.012343,0.016311,-0.052400,-0.034289,-0.031491,-0.093279,0.009467,-0.008247,-0.065480,0.028018,0.029313,-0.070712,0.024585,0.028720,0.040894,-0.037692,0.053465,0.058173,-0.068172,0.017465,-0.018658,0.020506,-0.051314,-0.033308,-0.036345,0.055356,0.007301,-0.002792,0.005254,-0.005048,-0.019796,0.060445,0.006594,0.085403,0.078739,0.023485,0.004247,0.066173,0.028704,-0.091049,-0.015672,0.051575,-0.147389,0.076163,0.037874,0.008965,-0.043259,0.005199,0.064743,0.054249,-0.041099,0.068649,-0.104393,-0.102281,-0.018627,0.022565,0.071375,0.029372,-0.045966,0.048350,0.022383,0.009679,-0.064365,0.015326,0.016877,0.006023,-0.002501,0.051238,0.114364,0.015483,0.049670,-0.012992,-0.004805,0.054299,0.073339,-0.005110,0.032264,-0.075029,-0.014570,-0.038337,-0.000743,0.009346,0.004812,-0.009377,-0.055379,0.000000,-0.015248,-0.018004,-0.030825,0.084444,-0.029673,-0.044645,0.083326,0.034396,0.021585,0.019094,0.015494,0.081023,0.080120,-0.028342,-0.077102,-0.022972,0.040852,-0.099732,0.001097,0.013296,0.011814,0.085210,-0.077231,-0.016254,-0.018047,0.036771,-0.123706,-0.090699,-0.120170,-0.026646,-0.040354,0.016406,-0.067912,-0.023630,-0.006454,0.046692,0.063820,-0.029747,-0.006123,0.096804,0.056607,-0.050103,-0.014692,0.073625,0.013926,0.006890,0.052389,-0.004059,-0.023349,0.029434,-0.007976,0.081274,-0.151737,0.047615,-0.030492,-0.035635,0.025274,0.006548,-0.077802,-0.003889,-0.040553,0.106014,0.017242,0.012361,0.075220,0.002032,0.018672,-0.006581,0.022434,-0.003972,-0.032977,-0.096237,-0.033314,0.021367,0.074889,0.037467,0.020276,-0.016612,-0.038553,0.128830,0.024367,0.002200,0.004134,0.063438,0.110911,0.061861,-0.022268,-0.141088,0.040721,0.069683,-0.072219,-0.015442,-0.123325,-0.073787,0.067735,-0.000000,0.009916,0.057204,0.015629,0.108527,-0.026476,-0.056500,0.066062,0.102050,-0.021250,-0.022900,0.040948,0.086607,-0.042073,0.007313,0.060513,0.019967,0.025032,0.061283,-0.062013,-0.033732,-0.038154,0.123783,0.063198,-0.019490,-0.036029,-0.039763,-0.048085,-0.097646,-0.059659,-0.021996,0.023035,-0.032461,0.043459,0.018596,0.087702,0.008550,-0.058111,0.024691,-0.015686,0.012560,-0.053257,0.045120,-0.005904,0.092574,-0.015565,0.024837,-0.018074,0.068553,0.036681,-0.019148,0.012611,0.008192,-0.017226,0.029304,0.069189,0.001316,-0.025810,-0.077396,-0.031859,0.037034,0.043411,-0.040714,0.020872,0.056144
0.041181,-0.076425,-0.001792,0.020527,0.046868,-0.066588,-0.054910,0.030469,-0.011887,-0.004968,0.022533,0.018508,0.067419,-0.067444,0.021659,-0.022852,0.119135,-0.098010,-0.048796,-0.021842,-0.051704,0.067150,0.048662,0.005974,0.055620,-0.021219,-0.058958,0.062774,0.016599,-0.054934,-0.020231,0.094868,0.017719,-0.066786,0.052936,0.017621,-0.036346,-0.092650,0.016567,-0.010498,0.019215,-0.035710,0.092402,0.016038,-0.115880,0.048053,-0.001039,0.006601,0.030111,0.030031,-0.062910,0.013957,0.047648,-0.077311,-0.088079,0.101016,-0.047557,-0.003609,-0.013505,-0.015588,0.079439,0.033308,-0.017501,-0.008474,0.055453,-0.011350,-0.039165,-0.039512,-0.004009,-0.098286,0.053382,-0.034470,-0.041871,0.029783,0.030595,0.026282,0.009965,0.027085,0.083393,0.010413,0.048616,-0.027092,-0.009663,-0.002151,-0.064551,0.002279,0.042082,0.017358,0.014595,-0.038118,0.084114,-0.083536,-0.090630,0.032570,-0.068365,0.090591,-0.086650,-0.096613,-0.088503,0.039748,-0.043930,0.067980,-0.047313,-0.106209,-0.082660,-0.004822,-0.000547,0.006802,0.002461,0.101351,-0.024665,-0.016573,-0.010829,0.095416,0.045638,0.022248,-0.022454,-0.022971,-0.002060,-0.033789,0.058019,0.067864,0.034491,0.012777,0.077682,0.012678,-0.011863,-0.000000,0.041134,0.068093,0.039351,0.019523,-0.020168,0.001773,-0.052446,-0.036300,-0.066563,-0.031766,-0.004282,0.001492,0.017261,-0.065910,0.033199,-0.049606,-0.040944,0.035859,-0.003008,0.039863,0.014097,-0.057455,-0.066527,-0.006653,0.047211,-0.007189,-0.024135,0.056958,-0.034716,0.010077,-0.003006,-0.022017,-0.048485,-0.011374,-0.031274,0.004222,-0.044226,-0.052477,0.000818,0.024623,0.000244,0.002699,0.025134,0.053162,0.072553,0.004825,0.037702,-0.078607,-0.050078,-0.045775,-0.035958,-0.011039,-0.021963,0.047293,-0.001332,0.040859,0.007477,-0.002151,-0.027138,-0.041785,-0.012032,-0.004178,-0.081789,-0.096612,-0.076675,-0.038778,0.022781,0.048638,-0.043389,0.077683,0.032604,-0.035279,-0.019258,-0.021451,-0.009918,-0.023132,0.024984,0.052776,0.092150,0.008806,-0.014626,-0.034037,-0.075995,0.011719,0.064606,0.011613,0.070994,0.015468,-0.020757,0.054462,0.047866,0.012424,-0.007340,0.003812,-0.027153,-0.000000,-0.094766,0.014146,0.030597,0.076870,-0.092350,-0.051785,0.073648,0.032778,0.027761,-0.049641,-0.074297,0.092471,0.023180,-0.009902,-0.005842,-0.014413,0.074724,-0.080364,0.099803,-0.061302,0.017084,0.040031,0.011754,0.046338,-0.007226,0.013621,-0.079778,0.028515,-0.054344,-0.047361,-0.040738,-0.078920,-0.024961,0.091224,-0.005503,0.001936,0.030893,-0.057601,-0.017747,0.031515,-0.029152,-0.027468,-0.095313,-0.029652,-0.048810,-0.017220,0.031755,0.018155,-0.013294,0.084000,0.020676,0.121012,-0.110285,0.061715,-0.073266,0.035849,0.037124,-0.009478,-0.049552,0.131337,-0.022131,0.110362,-0.114123,0.086840,0.068348,0.041496,-0.039941,0.038919,-0.028138,0.073088,-0.040486,-0.048645,-0.039777,-0.020027,0.024790,0.044472,0.060550,0.007337,-0.008701,-0.013430,-0.072445,0.019362,-0.004271,0.005715,0.087470,0.014603,-0.013435,-0.032788,0.051537,0.057522,-0.062746,-0.032027,-0.036149,-0.093894,-0.016212,-0.000000,-0.044994,0.073191,0.035839,0.012258,0.122840,0.004023,0.098595,0.049973,-0.017924,-0.006436,-0.041785,-0.018959,-0.046964,-0.006425,0.106388,-0.032635,-0.022960,0.048207,-0.051165,-0.072427,0.033240,0.020240,-0.006025,-0.078348,-0.041760,0.072433,-0.011055,0.056084,-0.063729,0.082409,0.000964,-0.028535,0.056439,-0.039624,-0.011805,-0.014187,0.030464,-0.001078,0.006076,-0.078782,-0.076214,0.040026,-0.051263,0.024829,0.071327,0.004394,0.009314,-0.033822,0.112926,-0.136376,0.009847,-0.029736,0.025939,0.101173,0.094673,-0.010173,-0.060014,-0.046566,-0.014268,0.064105,0.002154,-0.053069,-0.043050,0.072528
-0.052291,-0.055091,-0.008866,-0.026930,0.096093,-0.004786,-0.010567,0.037895,0.088945,-0.040967,-0.041563,0.038926,-0.046268,-0.024530,0.122374,-0.001716,0.068018,-0.130424,-0.078980,0.041810,0.050672,0.017344,0.054450,-0.000531,-0.034316,-0.079478,-0.048823,-0.013489,0.024943,-0.017321,0.019010,0.055551,-0.004579,0.027986,-0.045749,0.042105,-0.029802,-0.021861,0.045012,0.036029,0.021641,-0.045289,-0.045361,0.084567,-0.041198,-0.011336,-0.038742,0.008212,-0.039385,-0.002716,-0.017042,-0.008085,0.046451,-0.018764,0.010295,0.099611,-0.040445,0.036900,0.060436,-0.009296,0.034850,-0.065677,-0.083261,0.021405,0.022442,-0.045798,-0.042275,0.026809,-0.027406,-0.069634,0.079019,0.009600,0.026599,-0.014691,0.030912,0.088111,-0.036446,0.001456,0.044813,-0.097870,0.037104,-0.130049,-0.059040,0.005042,-0.006005,0.036016,-0.002315,-0.058319,-0.006646,0.078723,0.021401,-0.053429,0.001043,0.015468,-0.052565,0.033166,-0.064168,0.015353,-0.053784,0.024011,0.002246,0.048165,-0.040437,-0.041881,-0.022749,-0.101877,-0.033122,-0.046191,-0.000708,-0.003785,-0.042048,0.027280,-0.005153,0.044665,-0.031821,-0.031256,-0.047242,0.029339,0.065361,-0.091425,0.040321,0.038841,-0.117283,0.012862,-0.091414,0.070116,-0.034468,-0.000000,0.059001,0.059818,0.000657,-0.012935,-0.026069,-0.045127,0.006032,-0.019316,-0.005335,-0.005812,-0.038643,-0.088436,0.064325,0.007840,0.056541,-0.036826,-0.098436,0.099125,-0.072676,0.077793,0.032056,0.021497,-0.064504,-0.005615,0.018197,0.050704,-0.041726,0.002545,-0.014722,0.010698,-0.071830,0.054233,-0.027695,0.051067,0.048469,0.024668,-0.047290,-0.017600,-0.063928,-0.073383,0.001410,0.054238,-0.060393,-0.015512,0.017513,-0.006172,-0.048867,-0.016973,-0.014953,0.055569,0.045944,0.050403,-0.023238,0.024049,-0.012035,-0.036033,-0.020833,-0.056646,0.017934,-0.014050,0.069783,-0.062589,-0.053089,0.011487,-0.059646,0.047983,-0.023762,-0.003369,-0.010793,0.067475,0.069735,0.035281,0.068491,0.047756,0.063231,-0.007201,-0.004700,0.030166,0.119793,-0.016179,0.023134,-0.022161,0.024795,-0.054448,0.002488,0.005866,0.020715,-0.002054,-0.122564,0.057467,0.046949,0.039887,-0.116890,0.077054,-0.030552,-0.000000,-0.059897,0.018334,0.030324,0.061684,0.027084,-0.021382,0.040938,0.089290,0.113497,-0.008435,-0.000547,0.030525,-0.048431,0.052751,-0.025487,-0.036288,0.058032,-0.075124,-0.000736,-0.041394,0.087252,0.061113,-0.087177,0.080408,-0.014512,-0.013959,0.017706,-0.026506,-0.016456,-0.124719,0.001549,-0.045617,-0.068622,0.074444,0.062414,0.041720,0.110636,0.088482,0.023791,0.020277,0.088567,-0.029686,0.004386,0.000085,-0.021200,0.033142,0.105916,0.112864,-0.063713,0.009366,0.074127,0.006252,-0.039433,0.108035,-0.016247,0.013033,0.040152,-0.097033,0.039785,-0.002511,0.010897,0.060053,-0.003693,-0.033439,0.018446,0.040227,-0.035266,-0.011948,0.017241,0.038582,-0.043019,-0.061630,0.056103,-0.010026,-0.069600,0.009617,-0.035169,-0.120778,-0.059368,0.051899,0.047812,-0.028879,-0.065551,0.058525,0.077223,0.136675,0.035084,-0.013918,-0.012366,-0.045270,-0.096703,-0.061954,0.034429,-0.015121,-0.054076,-0.000000,-0.007622,0.003776,0.013751,-0.019114,-0.016750,-0.005437,0.006067,-0.031996,0.056519,-0.065202,0.007453,-0.008665,-0.033437,0.001939,0.058396,0.014350,-0.046785,-0.054121,-0.027863,0.018516,-0.060544,-0.015179,-0.003112,0.002684,0.026375,0.017788,-0.085734,0.133673,0.044758,-0.035814,0.030854,0.065677,-0.073805,-0.020383,-0.037776,-0.017126,-0.053782,-0.079920,0.068157,-0.012265,-0.028973,-0.058877,-0.043016,0.107658,-0.015309,-0.059457,-0.048717,0.005869,-0.020909,-0.054287,0.017097,-0.019548,0.012532,0.011378,0.112750,-0.030687,-0.031026,-0.078257,0.015728,0.019944,0.088718,-0.037494,-0.022755,0.110395
0.142826,-0.076109,-0.021650,-0.030710,0.063860,-0.017458,0.005696,-0.070833,0.026145,0.010020,-0.005863,0.026768,-0.052470,0.002742,0.088493,-0.068725,0.005267,-0.090145,0.010581,0.069616,0.052608,0.007853,0.080558,-0.023849,-0.032923,-0.019152,-0.010596,-0.001774,-0.002433,-0.070762,0.024429,0.069154,0.099166,-0.023179,0.026476,-0.001433,-0.012780,0.047460,0.026737,-0.030761,-0.066875,0.027509,-0.001562,0.069040,-0.002138,-0.013645,0.013721,-0.055955,-0.034261,-0.046081,-0.038223,-0.024836,-0.007509,-0.044259,0.010425,0.057459,-0.055655,-0.003759,0.093537,0.002196,-0.026300,0.004919,0.026091,0.039998,0.027167,0.013972,-0.004116,0.007967,-0.045008,-0.060380,-0.028827,0.022609,-0.006018,-0.086106,-0.023425,0.019651,0.003356,-0.031371,0.064373,-0.038580,0.105219,-0.025481,-0.007736,-0.027272,0.003472,0.081705,-0.069460,-0.052073,-0.114656,-0.029333,-0.031604,-0.150601,-0.029798,0.007936,0.009228,0.021611,-0.007212,0.047209,-0.051779,0.033126,0.008479,-0.014930,-0.007225,-0.016848,-0.019982,-0.001580,0.012175,0.007959,-0.048846,0.011970,0.012142,-0.001787,-0.034482,0.045203,-0.005527,-0.068750,0.037518,-0.089760,0.036855,-0.011949,-0.044904,0.015856,-0.062163,0.032969,0.013863,-0.057179,-0.070060,-0.000000,0.025650,0.001085,-0.005988,-0.001737,-0.032408,0.048358,0.025239,-0.063759,0.077867,-0.014471,-0.005878,0.029406,0.017097,0.010559,0.190400,-0.028255,-0.042487,0.124140,-0.072187,-0.028366,-0.044270,0.031241,-0.029939,-0.023554,0.047816,0.026586,-0.009056,0.033156,-0.080947,-0.013499,-0.103802,0.070390,-0.043671,0.042268,-0.006345,0.056723,-0.054219,0.015280,0.028097,-0.016273,-0.029196,0.110656,-0.040671,0.020064,0.060480,0.044844,0.046735,0.037810,-0.099989,0.034350,0.060720,0.040980,0.033684,-0.150494,0.019719,0.055353,0.023825,-0.015005,0.014487,0.008704,-0.021674,-0.077093,-0.057849,-0.060620,0.012782,0.074303,-0.039162,0.052783,-0.035377,0.053839,-0.044280,0.013611,-0.000529,0.057420,0.063618,-0.010109,-0.020046,0.010416,0.033695,-0.001797,-0.037862,-0.002135,-0.030072,-0.033797,-0.008531,-0.002008,0.107433,0.062517,-0.056791,-0.065293,-0.054129,0.026170,-0.052424,0.018044,-0.059790,0.000000,-0.109956,-0.018096,0.002401,0.033449,0.002901,0.084098,0.126768,-0.039311,0.030716,0.052529,0.004379,0.010128,-0.020426,0.030838,-0.045368,-0.028997,0.016191,0.058410,-0.031380,0.004984,0.085514,0.009792,-0.049687,0.027811,-0.013546,0.064031,-0.174628,-0.028927,-0.046837,-0.066666,-0.076141,0.026845,-0.048742,-0.002299,-0.040298,0.026376,-0.022489,0.005789,-0.038417,0.045946,-0.001717,-0.018930,-0.034010,0.060744,-0.041560,0.031297,0.071257,0.041705,-0.050202,0.007602,-0.061905,0.030091,-0.119327,-0.040920,-0.008783,0.098098,0.017717,-0.077154,0.021547,0.012652,0.088606,0.027089,-0.075921,-0.008629,0.032280,0.043821,0.022192,0.074208,-0.013491,0.071140,0.043376,-0.056371,-0.028858,-0.012241,-0.012242,0.123176,0.043214,-0.016891,0.008766,0.032282,0.053259,-0.033781,-0.040603,0.037597,0.069477,0.142789,-0.041336,-0.116702,0.033036,-0.020704,-0.115962,-0.016270,0.035460,-0.054407,-0.038095,-0.000000,-0.045967,0.075999,0.086821,0.048537,-0.060288,-0.059096,0.033883,0.074311,0.011722,0.047442,-0.046374,0.015841,-0.047215,0.055785,0.103649,0.058493,-0.010568,0.031875,-0.039530,0.043553,0.023584,0.061924,-0.074142,0.034901,0.042007,-0.003868,-0.058427,0.013015,0.024716,0.022998,0.085590,0.032822,-0.029490,-0.046761,-0.079996,-0.024075,-0.025803,0.052025,-0.076659,0.012158,-0.086651,-0.026784,0.107109,0.099973,0.017398,0.009679,-0.027836,0.025798,0.013201,-0.056381,-0.012370,-0.005305,0.023957,-0.009335,0.023617,0.055818,0.065065,-0.022690,-0.020180,-0.031966,0.074215,0.033717,-0.067187,0.037244
0.036552,0.021982,0.030081,0.014162,0.041203,-0.000281,0.000324,-0.012827,0.039673,-0.018259,-0.036202,0.060376,-0.014842,-0.035505,0.059284,-0.047729,-0.004617,-0.030227,-0.051204,-0.002360,-0.023102,-0.094275,0.039139,-0.079916,-0.038051,-0.027522,-0.044959,0.013153,-0.009333,0.042430,-0.025386,0.078106,0.062981,0.025340,0.057575,0.036736,0.047770,0.046287,0.057055,0.015744,-0.040063,-0.020953,0.046384,0.015852,-0.058481,-0.090114,0.009546,-0.021862,-0.050453,-0.060439,-0.019061,0.011620,0.034499,-0.065382,0.002125,0.109142,-0.068870,-0.043874,0.011939,-0.042845,0.040955,-0.003353,-0.065326,0.084684,-0.013286,-0.021649,-0.022566,0.106983,-0.071334,-0.039062,-0.025694,-0.048393,-0.136433,0.058326,0.026391,0.048102,0.069185,0.012160,0.009528,0.012934,0.018577,-0.000885,-0.025485,0.027948,0.038199,0.010221,-0.053637,-0.087391,0.023784,0.030703,-0.084627,-0.100480,-0.081622,-0.021850,0.050283,0.073364,-0.032909,0.031613,0.070678,0.090151,-0.004187,0.043960,0.034484,0.001953,-0.049399,-0.032328,-0.031812,-0.006586,0.100830,-0.005206,0.018881,0.025180,0.049675,0.102475,0.000812,-0.080831,-0.079945,0.051695,0.010446,0.003935,-0.061690,0.105143,-0.051891,-0.009142,-0.044674,-0.005390,-0.062230,-0.000000,-0.005830,0.032077,0.040630,0.081395,-0.010361,0.001010,-0.055132,-0.049727,0.025603,0.025449,-0.044078,0.077632,0.014403,0.025636,0.085483,0.022150,-0.094092,0.084909,-0.053977,-0.008882,-0.026333,-0.088371,0.022568,0.011582,-0.000114,-0.004539,-0.032389,-0.048469,0.012060,-0.003640,-0.010848,0.071221,-0.047602,-0.043577,0.031463,0.008030,-0.045147,0.018483,0.010718,-0.047496,-0.050968,0.009929,-0.078625,0.061040,0.045605,0.075253,0.101894,-0.030911,-0.031704,-0.032386,0.008255,0.003184,0.017399,-0.039735,-0.023759,0.023498,-0.004230,0.013355,-0.019618,0.050201,-0.008449,-0.022344,-0.075702,-0.033629,-0.036508,0.078939,0.058178,0.022005,0.017642,0.094132,-0.019887,0.030646,-0.047016,0.018138,0.010460,0.059152,0.005009,0.036713,0.040438,-0.032016,0.036134,-0.021710,-0.005497,-0.060178,0.085809,-0.037589,0.100148,-0.071217,0.017628,-0.009856,-0.007602,0.027604,0.024906,0.036754,-0.003685,-0.000000,-0.021833,-0.023149,0.059961,-0.007272,0.080470,0.019210,0.049300,-0.038794,0.046860,0.096323,-0.050563,0.052941,0.026512,-0.000529,-0.042458,-0.092296,0.091519,-0.064096,0.039206,-0.027365,0.166827,0.043346,-0.044179,-0.014295,0.012147,0.067008,-0.042889,-0.081689,-0.174037,-0.015311,-0.075103,0.002390,-0.102483,0.088421,0.050040,0.033737,-0.054752,0.001472,-0.005542,0.040980,-0.062991,-0.064867,-0.083966,-0.011654,-0.074725,-0.051842,0.112729,0.037287,-0.019066,-0.060870,-0.034368,0.089250,-0.040932,-0.011198,-0.023517,0.008914,0.018006,-0.065200,0.013635,0.041058,-0.038539,0.056004,-0.028712,0.097541,-0.000918,-0.036523,-0.036630,-0.035198,-0.119081,-0.022872,0.065497,-0.129482,-0.012384,0.001441,-0.064674,0.031620,0.079395,-0.039232,-0.059578,0.021407,-0.012233,-0.074195,-0.014248,0.014275,0.036475,0.115986,-0.067247,-0.006802,0.023937,0.028540,-0.059516,-0.077285,0.018244,-0.006866,0.000737,-0.000000,-0.017991,-0.019386,0.063912,0.046369,-0.040330,-0.003319,-0.065898,0.072590,-0.011105,-0.024095,-0.015513,0.009242,-0.054420,0.060692,0.112529,0.016168,-0.040600,0.049013,-0.078522,0.025896,-0.004334,0.033490,-0.014682,0.077589,-0.036633,-0.009888,-0.119732,-0.027559,-0.071065,0.032703,0.064341,0.023381,0.006782,-0.069814,0.045783,-0.008589,-0.096448,-0.016076,0.099445,-0.039087,-0.053337,0.038430,0.087695,0.068730,-0.016986,0.006149,0.008528,0.092328,-0.058926,0.018557,0.042060,-0.036398,-0.015108,-0.059944,-0.011597,-0.044177,-0.016649,0.003431,-0.032551,0.020717,0.033250,-0.021413,0.024186,-0.013131
-0.017596,-0.025326,0.048029,-0.008660,0.072454,-0.025106,-0.049084,0.037610,-0.014159,-0.037866,-0.009424,0.027828,-0.039375,0.006518,0.128342,0.049826,0.003650,0.004069,0.016497,-0.013551,-0.033380,-0.015855,0.000196,-0.025470,-0.052441,0.001267,0.039126,0.051795,-0.039814,-0.081277,-0.057558,0.023988,-0.086272,0.039092,0.047027,-0.051975,-0.101785,0.032851,0.051085,0.049004,0.100784,0.020885,0.060946,-0.062599,-0.058699,-0.023740,-0.023968,0.109523,0.053913,0.034963,0.122029,0.001872,0.064231,0.008536,-0.004990,0.056403,-0.006416,-0.058035,-0.001232,0.024776,0.141473,0.003530,-0.024206,-0.060806,0.067679,0.008307,-0.023369,0.107600,-0.045349,-0.067823,-0.055321,-0.043676,-0.053179,0.009574,0.028282,-0.011989,0.017693,0.053809,-0.027379,-0.020877,-0.000080,0.049264,0.021406,0.064973,-0.009781,-0.008665,-0.003969,-0.056929,0.095718,-0.025621,-0.029623,0.000710,-0.087830,0.014199,0.041098,0.024018,0.021934,0.073540,-0.034255,0.012458,-0.039362,-0.012580,0.087205,-0.038354,-0.016148,-0.038055,-0.021623,0.015952,-0.001303,-0.054343,-0.054449,0.050689,0.053512,0.059975,-0.005682,-0.158445,0.047901,-0.001669,-0.018335,-0.050483,0.015564,0.045831,-0.018768,0.043658,-0.005961,0.056515,-0.118410,-0.000000,0.009791,-0.025501,0.018139,-0.022624,0.057506,0.022786,0.020499,-0.039290,0.059346,0.022115,-0.063301,0.030528,-0.032321,0.036210,-0.030687,-0.104812,-0.035657,0.032623,-0.112418,-0.050103,-0.097284,-0.032049,-0.002928,0.011772,-0.083408,-0.063900,0.009507,-0.014550,0.056464,-0.012636,0.020686,-0.046477,0.062830,0.053446,0.023288,0.022215,-0.141256,-0.011346,-0.008202,-0.057704,0.016366,0.065442,-0.010291,0.086130,0.026524,-0.007210,0.032648,0.036327,0.067502,-0.084901,-0.011230,0.008404,-0.031276,-0.007688,0.002957,-0.051586,0.062619,0.015094,0.006062,0.053637,-0.032180,0.048358,-0.035193,-0.118188,0.019235,0.028057,0.027883,0.000091,-0.007871,0.026167,0.064034,-0.012152,0.051035,0.161456,0.015229,-0.029385,-0.063476,0.077462,0.002008,-0.043278,-0.025755,0.034413,-0.042009,-0.004690,-0.025026,-0.086633,0.003113,0.016107,-0.041542,-0.022262,-0.017385,0.078819,0.076148,-0.017891,-0.008460,0.000000,0.011743,-0.085051,0.013431,0.110248,0.065767,0.029145,0.056270,0.072307,-0.023906,0.054380,0.077568,0.057548,-0.026851,-0.060466,0.056247,0.107196,0.011073,0.073554,-0.009030,-0.098068,0.103185,0.029573,0.016583,0.012718,-0.056122,-0.024263,-0.049051,0.009810,-0.105941,0.025281,-0.094741,0.026705,-0.012906,0.031501,-0.051718,-0.079760,-0.041420,-0.011007,0.001918,-0.015561,-0.036896,-0.101338,-0.009340,0.039347,0.018404,0.005668,-0.023592,-0.068965,-0.072026,0.049628,0.065785,-0.011801,0.031997,-0.033170,-0.075435,0.058871,0.045506,-0.048094,0.002902,0.046002,0.021771,0.010111,0.043772,-0.007659,-0.026636,-0.036958,0.021841,0.009370,-0.001630,0.046662,0.071924,-0.027696,-0.009018,-0.016654,-0.017450,0.042727,0.041652,-0.011382,-0.005888,0.018548,-0.115125,-0.033396,-0.035235,0.019406,0.110904,-0.006548,-0.018228,0.041873,0.009977,0.090483,-0.021696,-0.099802,0.026602,-0.002667,-0.002964,-0.000000,0.029501,-0.038418,-0.004167,0.079440,-0.087303,-0.049017,0.002138,0.056780,-0.035360,0.055622,0.057514,-0.010826,-0.050045,0.023258,0.051326,-0.068750,-0.005254,0.076873,-0.090399,-0.072182,0.048766,0.033060,0.013958,0.093525,0.034106,-0.003189,-0.030780,0.005114,-0.027088,-0.043920,0.060025,-0.017759,0.039015,-0.046171,0.006953,0.059308,-0.145412,-0.018457,-0.035866,0.058628,-0.045116,-0.107030,0.009599,0.027913,0.074814,-0.057306,0.006343,0.069784,-0.035162,-0.022090,0.022115,-0.012375,0.021111,-0.030129,-0.055283,-0.015156,-0.117758,0.026213,-0.011218,0.004242,-0.000248,0.043688,-0.098355,0.053073
0.008643,0.019968,-0.007806,-0.010602,0.004567,-0.041264,0.010463,-0.074042,0.079531,-0.021832,0.027468,0.009820,-0.020574,-0.007368,0.070203,0.026982,0.008622,0.025629,-0.008582,-0.015958,-0.014596,-0.018014,0.052030,-0.018622,-0.022239,-0.007487,-0.008236,-0.008127,0.017758,0.063171,0.058897,0.039153,-0.031072,0.088589,0.006490,0.108289,-0.011019,0.069673,0.025998,0.021641,-0.016165,-0.024477,-0.042971,-0.014662,0.056072,-0.007377,0.045585,0.020863,0.050314,-0.013502,-0.111477,-0.034009,-0.030633,-0.002289,0.008756,0.022498,-0.079373,0.029877,0.010037,-0.031167,-0.002922,-0.030423,-0.060622,0.068723,0.080895,0.045752,0.000813,0.074597,-0.050944,0.052712,-0.043372,0.080870,0.066897,0.106578,-0.035596,0.081115,-0.028318,0.037268,-0.002324,-0.010145,-0.069127,-0.023120,-0.014128,-0.007185,0.075015,-0.009942,-0.013305,-0.070106,0.006132,0.063274,-0.035151,-0.126913,-0.005559,0.058528,0.069002,0.052770,0.012499,0.003489,-0.012854,0.061015,-0.031536,-0.019121,-0.055487,0.031436,0.051495,-0.016827,-0.003338,-0.002655,-0.022248,-0.069164,0.033359,-0.018355,0.038417,0.059971,-0.008334,0.022700,0.034206,-0.020755,-0.009410,-0.034133,-0.021839,0.005402,-0.019490,0.014452,0.038310,-0.025717,-0.015834,-0.000000,-0.062598,0.084933,0.024638,-0.024167,-0.039340,-0.022461,-0.088659,-0.019429,0.026851,0.060560,-0.024407,0.032628,0.031340,-0.050839,-0.029845,-0.039803,-0.032886,0.005034,-0.064967,-0.067959,-0.044057,0.037427,-0.014867,-0.009079,-0.072745,0.010766,-0.023671,0.021777,0.054123,0.018447,0.014841,-0.030303,0.007911,-0.022107,-0.004345,-0.013274,0.027430,-0.061317,0.041448,-0.035877,0.008625,0.012489,0.000717,0.050466,0.045734,0.111951,-0.010731,-0.056383,-0.076423,0.083215,-0.044899,0.011132,0.109015,0.023168,0.025883,-0.020767,-0.007392,-0.021801,0.019523,-0.023261,0.033637,0.088897,0.046222,0.034803,-0.037224,0.036164,-0.008188,0.031741,-0.050702,-0.016155,-0.034129,0.050462,-0.088798,-0.006995,-0.056139,-0.009067,-0.009012,0.020962,0.020650,0.020846,0.028224,-0.027101,0.041147,0.050540,0.066240,-0.044519,0.083768,-0.069671,0.044837,-0.071486,-0.062615,-0.019650,0.039055,-0.152575,-0.065655,0.000000,-0.164207,-0.035049,-0.073252,0.043713,-0.063490,-0.020797,-0.090797,-0.070876,0.048401,-0.006742,-0.043837,0.001783,-0.055024,0.048420,-0.015542,-0.110471,0.065042,-0.035803,0.013232,0.007453,0.002283,0.070608,-0.099332,0.088397,-0.002032,0.113264,0.004759,-0.066017,-0.138632,-0.086914,-0.057075,0.022433,-0.098048,0.006223,-0.040828,-0.099096,-0.068671,0.005386,-0.027921,0.058259,-0.060113,-0.032114,-0.030264,-0.049854,-0.078219,-0.007905,0.128571,0.006567,-0.073827,0.015359,0.044287,-0.005868,-0.021443,-0.142608,-0.055837,-0.007877,0.039484,0.013271,0.002020,-0.063900,0.075401,-0.031146,-0.023837,-0.000242,0.052006,-0.023762,-0.019369,0.036765,0.085024,0.030243,0.012530,-0.103847,-0.119735,0.108128,-0.088715,0.015143,-0.009528,0.019405,0.012413,-0.074956,0.008325,-0.103389,0.042452,0.080339,0.006606,0.070370,-0.064195,-0.014725,0.018582,0.081061,0.024908,-0.025116,0.042311,0.146876,-0.083767,-0.000000,0.000588,0.043879,-0.050753,-0.017320,0.020070,0.024821,0.004995,-0.052659,-0.043301,0.036216,0.061507,-0.034027,-0.072125,0.037102,0.035830,0.068988,0.056953,-0.035005,-0.099398,0.069594,-0.015288,0.092947,0.004010,0.107675,0.060573,0.033441,-0.033133,0.036773,0.096775,0.039003,0.007486,0.018591,0.009743,0.025138,0.013370,-0.001107,0.015782,-0.034606,0.099297,0.006343,-0.037796,0.046624,0.014652,0.045148,-0.007126,0.038811,0.011395,0.021566,-0.086625,0.045636,0.067741,0.023881,0.028405,0.012841,0.022480,0.015638,-0.088686,0.018988,-0.038701,0.003193,0.045356,0.121628,0.040330,-0.016072
0.068717,-0.077677,0.009011,0.051844,-0.047422,-0.071305,-0.064990,-0.040053,-0.011435,-0.042055,0.024739,0.001996,-0.015024,-0.026971,-0.058944,0.024276,0.024951,-0.018470,-0.000438,-0.044620,0.011688,0.058154,0.019334,-0.044571,0.055354,0.017441,-0.046085,0.070981,0.000504,-0.023223,0.008403,0.075601,-0.019519,-0.000567,0.075827,0.045453,-0.084717,-0.018598,0.048215,0.038473,0.029104,-0.030184,0.058317,-0.020453,-0.073510,-0.018028,0.029630,-0.037365,0.082020,-0.050184,0.017747,0.034200,-0.024787,-0.104197,-0.026378,0.014571,-0.018326,-0.016052,0.011977,0.018134,0.096763,0.001121,0.000860,-0.025501,0.012471,-0.045701,-0.054597,-0.005158,-0.110848,-0.039501,0.042973,-0.040260,-0.075614,0.013330,0.036380,0.072342,0.058690,0.068535,0.096537,-0.055401,-0.004547,0.014522,-0.022634,-0.084562,-0.095155,0.051330,0.035716,0.023915,0.130929,-0.068388,0.024495,-0.096668,-0.046287,0.001457,0.010736,0.114168,-0.076324,-0.071722,-0.103753,-0.004504,0.018839,-0.009953,-0.062447,-0.125906,-0.071577,0.024571,-0.026474,0.044328,-0.045207,0.037809,0.004084,-0.003887,0.031536,0.046841,-0.015578,0.009610,-0.013335,-0.066923,0.033987,-0.028845,-0.015429,-0.015704,-0.010984,0.010921,0.040126,-0.052201,-0.021386,-0.000000,0.017985,0.001888,-0.043631,-0.043939,-0.036672,0.017386,0.080959,-0.045488,0.002313,0.007188,0.020018,0.011447,0.008449,-0.007785,0.098746,0.040466,0.029086,0.046960,0.028099,0.001835,0.013073,-0.057706,-0.042012,0.045215,0.053001,-0.072608,0.028653,-0.019117,-0.033276,-0.002031,-0.017951,0.037152,0.019319,-0.043214,-0.009946,0.061809,-0.017408,0.015373,-0.051951,0.033144,-0.023311,0.023544,-0.020349,0.009230,0.099692,-0.024291,0.104621,-0.031482,-0.094870,-0.029429,0.002700,0.065114,0.032980,0.023030,0.022309,0.017993,0.026491,-0.012096,-0.021518,-0.014527,-0.124944,-0.001815,-0.068496,-0.025128,-0.179563,0.013875,0.039818,0.072126,-0.053386,0.098520,0.085635,-0.053119,-0.021806,-0.036156,0.004138,-0.043906,-0.077404,0.121246,0.106580,-0.002929,0.060176,-0.070983,-0.097628,0.065616,0.118763,0.014198,0.056622,0.012267,0.015187,-0.022082,-0.006633,0.062101,0.005005,0.008784,0.027271,-0.000000,-0.078727,0.064285,0.018769,0.036192,-0.065466,0.013952,0.064619,-0.048870,0.060330,-0.017244,-0.084017,0.081612,0.053984,-0.040590,-0.062422,-0.084219,-0.027209,-0.013130,0.062458,-0.004645,-0.009609,0.070534,-0.042525,0.088969,-0.034437,0.008631,-0.167300,0.033966,-0.097525,-0.035749,-0.040202,-0.017982,-0.079267,-0.034612,-0.050917,0.026188,0.057715,-0.063333,-0.055312,0.039992,0.075634,-0.014018,0.017311,-0.030757,-0.083386,-0.034122,0.088300,0.034857,0.050434,0.055771,-0.020262,0.118711,-0.037018,0.022780,-0.057940,0.034776,0.076796,0.036070,-0.046931,0.114489,0.012610,0.065655,0.000264,0.102652,0.032628,0.026266,-0.009152,0.036801,0.030004,-0.008590,0.005747,-0.056276,0.051448,-0.033920,-0.024582,0.075865,0.011410,0.000474,0.026751,0.007465,0.036743,0.011030,0.021628,0.043196,0.104287,-0.001530,-0.056212,-0.080579,0.002790,0.060278,-0.100416,-0.041066,0.003478,-0.084019,0.024107,-0.000000,0.005345,0.022717,0.071056,-0.029825,0.028883,-0.066745,0.019979,0.078760,0.027515,0.008099,0.035262,-0.014100,-0.079789,0.021590,0.021799,-0.011442,0.067775,0.004108,-0.042216,-0.072896,0.045898,0.024540,0.042308,-0.012935,0.003948,0.015586,0.026648,0.009677,-0.050938,0.037523,0.005913,-0.008851,0.037222,0.084534,0.026451,-0.014090,0.023793,0.040686,-0.021248,-0.051020,-0.111286,0.056460,0.013403,-0.010412,-0.038011,0.039810,-0.034974,-0.008371,0.075605,-0.062445,-0.032824,-0.042081,-0.036566,-0.003185,0.058856,0.011824,-0.062044,-0.007703,-0.023773,0.019916,-0.051632,-0.078390,-0.027963,-0.010729
0.068680,-0.005497,0.065579,0.039234,0.074283,0.005942,-0.059139,-0.052876,-0.086003,-0.026193,-0.022448,-0.006896,0.036572,0.032461,0.023585,-0.009145,0.074760,-0.093874,-0.045075,-0.031107,0.033491,0.095764,0.146739,-0.016043,0.024775,-0.100492,0.028202,0.043804,0.030219,0.003580,0.011945,0.040360,0.026237,-0.027574,0.025586,-0.003334,-0.036463,0.023834,-0.025333,-0.006772,0.014455,-0.064092,0.058830,0.007033,-0.007943,-0.010554,-0.017688,-0.058810,-0.056926,-0.060437,-0.010268,-0.074136,-0.011162,0.008723,-0.006720,0.005998,-0.008529,-0.044311,0.027137,-0.011842,0.005268,0.004553,-0.103777,0.022909,-0.060875,-0.036284,-0.009985,0.075765,-0.025675,-0.044470,0.056268,-0.008826,0.049413,0.012367,0.003633,0.047329,-0.056768,-0.019118,0.021675,-0.033111,0.064683,-0.031081,0.033116,-0.019599,0.005883,0.022579,-0.076591,-0.100782,0.019397,0.021859,-0.017197,0.027376,-0.102749,-0.008948,-0.013541,-0.004728,0.014768,0.005125,-0.014168,0.072841,-0.080106,-0.001517,-0.001402,-0.068206,0.001634,0.007640,-0.021221,0.005208,0.032317,0.058391,-0.014502,0.087900,0.007915,0.103868,-0.050417,-0.032033,0.038317,0.003886,0.034313,0.047346,-0.024608,-0.063877,0.004514,-0.013060,0.150845,-0.017817,-0.063745,-0.000000,0.029545,-0.039673,0.072033,0.051445,-0.015019,0.039873,-0.030755,-0.063823,-0.004551,0.027093,-0.025940,0.097977,0.040586,0.030205,0.016113,-0.069799,0.038799,0.103190,-0.129801,0.013443,-0.008000,0.009458,0.035334,-0.038831,0.002991,0.028108,0.055923,0.012934,0.041123,0.036787,-0.026786,0.115581,-0.071116,-0.033141,-0.066065,0.127380,0.043001,0.009779,0.003143,0.049424,0.001901,-0.004406,-0.028747,-0.018930,0.082443,0.003992,0.073786,-0.056318,-0.061694,-0.039023,0.014176,0.073959,0.012224,-0.045077,0.057487,0.065310,-0.023055,0.066963,0.014597,0.035163,-0.071190,0.052055,0.001245,-0.141385,-0.128100,-0.004849,0.037064,-0.010446,-0.089702,0.029791,-0.035661,0.036212,-0.019479,0.053836,-0.009688,-0.030975,-0.076563,-0.009394,0.182302,-0.048326,0.013373,-0.062735,-0.041493,-0.046960,0.098014,0.034399,0.025315,-0.029885,-0.034688,-0.059427,-0.026679,0.023367,0.006821,0.022020,-0.057357,0.000000,-0.100927,-0.024899,-0.026955,0.006570,0.014330,-0.023905,0.030967,-0.029104,0.022340,0.027755,0.019095,0.033351,0.011579,0.015003,-0.047259,-0.040755,-0.015184,-0.003609,-0.041222,0.016501,-0.016339,0.088677,0.023256,0.004361,-0.001331,0.051093,-0.069762,-0.011393,-0.072195,-0.076747,-0.070279,-0.014471,-0.067832,-0.034103,-0.028635,0.054319,0.068245,-0.035588,-0.033284,0.053949,0.006170,-0.059517,-0.023290,0.005820,-0.073284,-0.029247,0.047765,0.002854,-0.058218,-0.002961,-0.041413,0.031797,-0.179922,-0.012258,0.001720,-0.013438,-0.000993,0.006623,-0.025974,0.019701,-0.079725,0.053754,-0.058802,0.049090,0.084530,-0.017314,0.023170,0.077981,0.056274,0.060356,-0.030052,0.007872,-0.114551,0.048320,0.019139,0.070776,0.059129,-0.039799,0.000821,0.022286,0.019135,-0.074013,0.005294,0.025431,0.102990,0.056525,-0.041634,-0.112856,0.029486,0.013444,-0.079165,-0.064626,-0.026333,0.003337,0.018685,-0.000000,0.018672,-0.053785,0.010139,0.099849,0.035813,-0.002526,-0.037867,0.099625,-0.081285,-0.020143,0.002311,0.062019,-0.013410,0.030245,0.109874,-0.020143,0.006167,0.057473,-0.090680,-0.017271,-0.020432,0.125162,0.019936,-0.008626,0.015875,0.034332,-0.112350,0.049592,-0.019019,0.021313,-0.025034,-0.098318,-0.055909,0.001745,0.066407,-0.001959,-0.035451,0.016087,0.057227,0.013077,-0.050686,-0.011031,0.048161,0.102869,0.022392,0.014993,0.018399,0.101490,0.006594,-0.025107,-0.036327,-0.010637,-0.003499,-0.018672,0.114774,0.018959,-0.018029,-0.064985,0.009837,0.086265,0.017219,-0.018962,0.001706,0.047865
-0.043470,-0.046572,0.039126,-0.057297,0.021255,-0.014417,0.066282,-0.067330,0.036302,-0.024027,0.010528,0.043158,-0.001063,-0.067996,0.071015,-0.060444,-0.001040,-0.076943,-0.095442,0.114746,-0.070707,0.053767,0.057514,0.065967,-0.069977,-0.017581,0.007962,-0.028797,0.009959,0.034268,-0.040373,0.023020,0.011214,0.027544,0.045664,0.106184,0.025942,-0.026572,-0.011851,-0.036712,0.017200,-0.026849,0.088235,0.027580,-0.045197,-0.025254,-0.012463,-0.034572,-0.022446,-0.029491,0.075656,0.076123,0.069825,-0.032351,0.047974,0.072418,-0.015463,-0.095782,0.001171,-0.038465,0.084606,0.040899,-0.007983,0.027078,-0.022741,-0.035015,-0.004249,0.043206,-0.029113,-0.059068,-0.069292,0.003342,0.011462,0.027206,-0.064486,0.090188,-0.016993,-0.039850,-0.019323,-0.029079,0.077151,-0.003322,0.066129,-0.084414,0.032262,-0.009166,0.022353,-0.045042,-0.065914,0.055709,-0.088817,-0.021457,0.000374,0.052897,0.035555,-0.003177,-0.001294,0.102028,-0.026676,0.094269,-0.022083,0.082316,-0.005753,0.007358,0.024505,0.024045,-0.053966,-0.013342,0.013623,-0.045793,-0.019781,-0.002384,-0.006562,0.053688,0.055032,-0.035670,0.070155,0.008634,0.033631,-0.062362,-0.019344,0.079094,0.036862,0.016334,-0.027405,-0.080590,-0.055733,-0.000000,0.006033,0.081255,0.114221,-0.006151,-0.059028,0.052913,-0.045024,0.015604,-0.057406,0.021675,-0.040486,0.070376,0.045854,-0.023747,-0.023445,-0.055179,-0.104430,-0.101182,-0.009950,0.012859,-0.006858,0.001727,0.029718,0.000404,-0.001664,0.000900,-0.050105,0.034137,-0.110311,0.016468,-0.049945,0.087830,-0.035673,0.012255,-0.033668,0.072833,0.033912,0.074475,-0.002171,0.018085,0.021348,0.024278,-0.041617,0.065533,0.064337,0.064363,0.007317,-0.012793,0.027052,-0.071829,0.011261,0.005800,-0.006725,0.019427,-0.025547,0.079631,-0.001144,0.056899,-0.036096,-0.027626,-0.044780,-0.045467,0.013410,-0.157742,-0.017664,0.065188,0.015357,0.013921,-0.108116,-0.025477,-0.035399,0.016104,-0.055669,-0.032206,-0.069419,0.035483,0.027612,-0.073312,0.014455,0.015409,-0.002205,-0.093308,0.028722,-0.069724,0.053272,-0.028501,0.040756,-0.013184,0.021369,-0.018291,-0.013023,0.053199,0.062997,-0.026443,-0.134458,0.000000,0.017075,0.010618,-0.013028,0.092215,-0.064514,-0.073972,-0.024116,0.029227,-0.076492,0.088837,0.009567,-0.025767,-0.034617,0.037288,0.081629,-0.076738,0.066416,-0.016730,0.014059,-0.083985,0.046165,0.102312,-0.070279,0.014335,0.010021,0.071842,-0.040730,-0.074359,-0.057678,0.014201,0.071264,-0.032912,-0.110240,-0.024651,0.072583,0.038277,-0.072636,-0.016158,0.068655,0.001420,-0.001632,0.000946,-0.106124,0.108009,-0.012207,-0.011167,0.120808,0.059843,-0.130217,0.015999,-0.026604,0.028925,-0.100172,-0.079911,0.010347,-0.052858,0.016544,-0.032888,0.042323,-0.065300,-0.074499,0.014197,0.001617,0.012029,0.024384,-0.045882,0.028891,0.001248,0.000940,-0.000905,-0.032501,-0.051808,-0.111749,0.061394,0.032260,-0.038622,0.002079,-0.000461,0.014768,-0.009812,-0.035030,-0.059638,0.016135,0.010146,-0.012962,0.055456,-0.050306,-0.048571,0.014845,0.036850,-0.058697,-0.007219,0.017331,-0.053562,-0.016237,-0.000000,0.015248,0.014091,-0.032344,0.022724,-0.031755,0.065692,-0.082843,0.101779,-0.027481,0.015646,0.086083,-0.005623,-0.073223,-0.003717,0.107675,0.043123,0.063761,0.055431,-0.034398,0.080570,0.016305,0.126093,0.008356,0.054436,0.011685,0.007311,-0.048171,-0.114558,-0.005793,0.035543,0.006704,-0.012258,-0.051061,0.028532,0.055553,-0.011202,-0.043443,-0.072712,0.072217,-0.010460,0.016230,0.022474,0.013420,0.063214,-0.019222,-0.055367,-0.000440,0.053639,-0.012079,-0.044441,-0.003919,0.097750,-0.015297,0.087198,-0.046123,-0.078530,-0.015201,0.043061,0.006062,-0.036404,0.013380,-0.021407,0.041801,0.004174
-0.063381,-0.034768,0.027797,-0.019927,0.018407,0.042295,-0.045404,-0.023892,-0.035889,-0.030347,-0.035068,0.076332,-0.004712,-0.050710,0.016561,-0.022925,0.024677,-0.065343,0.036862,0.014980,-0.122780,0.005913,0.053871,0.012029,-0.022191,-0.011607,0.007634,0.040448,-0.011731,-0.061043,-0.012650,0.010213,0.080427,0.032108,0.009744,0.033790,-0.017288,-0.047309,-0.003085,-0.022482,0.007444,-0.049882,0.018982,0.006185,-0.048761,-0.006915,0.075668,-0.034258,-0.027225,0.006019,0.008772,-0.049497,0.088754,0.015124,0.015452,0.108301,-0.056936,-0.066143,0.054416,-0.035475,0.108434,0.045586,-0.024209,0.052069,-0.093734,-0.022501,-0.072388,0.050567,-0.000538,-0.007104,-0.066131,-0.033224,-0.047966,0.000042,-0.005090,0.048621,0.019026,0.018424,0.071255,-0.038195,0.018145,-0.043901,0.019135,0.012253,0.044699,-0.039573,-0.015628,-0.036469,-0.026433,0.016842,0.032089,0.025929,-0.079853,0.007797,0.053101,0.031734,0.002107,0.067249,-0.022049,0.081719,-0.020113,0.102963,-0.016873,-0.001688,-0.017410,-0.023013,-0.072276,-0.015472,0.014053,0.006415,0.062465,0.064704,-0.014517,0.118884,-0.037499,-0.010734,-0.077933,0.066357,-0.000030,-0.046657,0.012149,0.096000,-0.112418,-0.012431,-0.029953,0.020580,-0.137185,-0.000000,-0.011444,0.115347,0.000079,0.094879,-0.002293,-0.011375,-0.050405,-0.006320,-0.004315,0.004590,-0.069700,0.075827,0.042389,-0.078593,-0.018810,-0.057528,-0.036157,0.015333,-0.051979,0.013863,-0.013124,0.105666,-0.037767,0.047486,0.044980,0.029584,-0.023900,-0.025770,-0.126848,-0.005419,-0.046829,0.047647,-0.055144,0.028306,-0.012233,0.001376,-0.019323,-0.034049,0.044962,-0.036790,0.039420,0.040851,-0.006815,0.053158,0.068549,0.019594,0.023871,0.032920,-0.011522,-0.012312,0.009386,0.014229,-0.029423,-0.029955,-0.040745,-0.009794,-0.004500,0.016349,-0.016577,-0.012628,0.014182,0.002178,-0.044101,-0.071806,-0.002335,-0.026711,0.054714,0.044359,0.039664,0.052902,-0.016079,-0.019320,-0.014260,0.049340,-0.008557,-0.032998,-0.007140,0.011832,0.056097,0.008718,0.046030,-0.003016,-0.002659,-0.066826,0.058834,-0.085220,0.055029,-0.085749,0.009993,0.030253,-0.011157,0.016950,0.003998,0.026150,0.017503,0.000000,-0.068222,0.026548,0.041120,0.046632,0.011572,0.027678,0.064805,0.056679,-0.011562,0.034310,-0.021995,0.039830,-0.047116,-0.000249,-0.041240,-0.032196,0.020473,-0.028122,-0.010550,-0.074799,0.132189,0.068981,-0.035352,0.041962,0.071118,0.054329,0.020409,-0.007285,-0.182812,-0.008635,-0.050391,-0.040607,-0.131360,0.029626,0.066753,0.020618,-0.079838,0.102500,0.039398,0.060258,0.008153,-0.056558,-0.054509,0.037207,0.003869,-0.033594,0.094584,-0.014226,-0.114927,0.005726,-0.022167,0.052564,-0.126423,-0.027510,-0.050616,-0.007247,-0.024311,-0.062204,0.048473,-0.074320,-0.048053,0.063788,0.059462,-0.028207,0.040539,0.050819,-0.045005,0.009041,-0.121831,-0.011484,-0.028652,-0.084992,-0.054206,0.127048,-0.027625,-0.053159,0.062991,-0.059934,-0.032071,0.071196,-0.043462,-0.030000,-0.000828,0.030303,0.053971,0.138447,-0.007953,0.021070,0.009694,-0.005580,-0.028388,-0.019054,-0.011269,-0.004227,-0.002159,-0.000000,-0.009492,0.012138,-0.054509,0.104089,-0.019202,-0.059021,-0.050660,-0.011052,0.000174,-0.015861,0.070724,0.029717,0.039906,0.005600,0.075740,0.104773,-0.064200,0.037792,-0.085757,0.068140,-0.056981,0.124121,-0.007295,0.100393,-0.006540,-0.041434,-0.086066,-0.035165,-0.006470,0.071260,-0.012743,0.053781,0.030997,-0.030416,0.005736,0.002533,-0.100784,-0.054488,0.061148,-0.028215,-0.067455,0.024369,0.029364,0.095362,0.020770,-0.094324,0.019159,0.163429,-0.001151,-0.037003,0.018305,0.044213,0.016503,0.044494,-0.026647,-0.006627,-0.052919,0.034313,-0.057008,0.070160,-0.066203,-0.052845,0.034554,0.060359
-0.037479,0.061310,0.056024,0.022176,0.052912,-0.009034,-0.114269,0.004389,-0.026291,-0.058352,-0.023165,0.138025,-0.005250,0.016395,0.098808,0.011224,-0.022905,0.020654,0.028646,0.065992,0.043053,-0.026285,-0.017679,0.031777,-0.014272,-0.059050,-0.077256,0.059789,-0.017799,-0.035449,-0.051203,0.107446,0.001479,0.005697,0.027046,-0.025914,0.009814,0.053173,0.059553,-0.035813,0.065143,-0.045484,0.019852,-0.004490,-0.019560,0.002217,0.082875,-0.044822,-0.136844,-0.012204,0.048051,-0.025419,0.025775,-0.021564,-0.019547,-0.016278,-0.048338,-0.033664,0.014845,0.040410,-0.050893,0.013395,-0.050987,0.029594,0.111309,-0.013399,0.054908,-0.002383,-0.041365,0.036945,0.030268,0.009091,-0.029300,-0.021514,0.009225,0.039529,-0.020143,0.041267,0.030132,-0.060465,0.019870,-0.004090,0.031301,-0.073443,-0.013754,-0.018441,0.035134,-0.079794,-0.071621,0.016558,-0.008165,0.013459,0.114586,0.035424,-0.054316,0.101442,-0.005718,0.026768,0.011461,-0.035593,-0.038912,0.067247,-0.086895,0.036091,-0.038512,0.061454,-0.025519,-0.058830,-0.070179,0.015164,0.035727,0.060592,0.047262,0.043385,-0.015410,0.009798,0.000271,-0.012267,-0.006355,0.011980,-0.005974,-0.035465,-0.040703,0.044590,0.057859,0.069444,-0.039451,-0.000000,-0.028199,-0.072031,0.026613,-0.058782,0.063119,0.001909,-0.091848,-0.065749,0.050489,-0.096546,-0.023266,-0.028668,0.055908,-0.045751,-0.011586,-0.015387,0.022360,0.050076,0.004396,-0.013004,-0.066080,-0.132821,-0.063279,0.010080,-0.013987,0.011864,0.054316,-0.029627,-0.038923,0.008556,-0.056354,0.012516,-0.080950,0.055475,-0.001271,0.070375,0.055870,0.055874,-0.042595,0.083771,-0.013239,-0.000536,-0.061870,0.009202,0.035862,-0.077043,0.076847,0.051783,-0.089207,0.020072,0.010573,0.042744,-0.036549,-0.004919,0.020987,0.037749,0.038183,-0.130232,-0.052938,0.072526,-0.011568,-0.034555,-0.011890,-0.016074,0.033871,0.102660,0.057627,0.008740,-0.119103,0.078576,0.000327,-0.066242,0.021645,-0.013013,0.002510,0.008362,0.049740,0.028729,0.077759,0.006745,-0.002157,-0.078008,0.063547,-0.091333,0.033772,-0.046758,0.050763,-0.003900,-0.016503,-0.076995,0.057359,-0.032339,0.034603,0.076891,-0.038913,0.000000,-0.047315,-0.028058,0.020598,0.032849,0.032275,0.028798,0.057779,0.063850,-0.056210,-0.025674,0.079959,0.012163,-0.050623,0.020715,0.017749,-0.033238,0.070237,-0.046631,0.007228,0.005675,0.074865,-0.015416,0.006227,-0.008430,0.008438,0.016321,-0.089699,-0.030092,-0.014529,0.024285,-0.018977,0.028528,-0.033234,-0.018276,0.041617,0.075316,0.010210,-0.011476,-0.009501,-0.037559,0.024485,-0.011239,-0.070968,0.005981,0.050269,0.054204,0.074046,0.099044,0.035466,0.079956,0.106089,0.057286,-0.072236,0.024080,-0.007271,-0.002607,0.136336,-0.071869,-0.077208,0.040097,-0.064185,0.023314,0.003612,-0.105536,0.043265,-0.056403,-0.001181,-0.072629,0.106038,0.001742,0.103656,0.002461,-0.044097,0.011857,-0.054852,0.009073,0.075257,-0.043523,-0.088450,0.036892,-0.134807,-0.037205,-0.010140,-0.072098,-0.056971,-0.052261,-0.080216,-0.030662,0.015713,0.058003,-0.088465,0.018902,-0.044094,0.011028,-0.023204,-0.000000,0.029434,0.039804,0.019974,0.073340,0.056726,-0.033522,0.058156,0.038895,0.003962,-0.001480,0.123846,0.052562,0.117770,0.051477,-0.052235,0.024513,0.034358,-0.053696,-0.076145,-0.004346,0.002661,0.027333,-0.029911,0.015922,-0.040558,-0.019488,-0.022547,0.096012,-0.019547,-0.108803,-0.045018,-0.019819,-0.003636,0.039008,-0.052230,-0.053026,-0.102662,0.055013,0.004351,0.050594,-0.035067,-0.007015,-0.027766,0.090396,0.011722,-0.084208,-0.064522,-0.026708,0.012002,-0.036232,-0.020775,0.001190,0.027524,-0.008037,0.065427,0.054664,-0.018442,-0.036378,-0.032784,-0.027279,-0.010979,-0.119326,0.018965,-0.014395
0.010783,-0.028784,-0.007375,-0.060453,-0.008225,0.015904,-0.093272,-0.113816,-0.041233,-0.004589,-0.054669,0.053561,0.020615,0.001825,0.050719,0.066820,0.049397,-0.048959,0.046964,-0.090780,-0.018768,-0.008157,0.006092,0.024505,0.009784,0.008942,-0.065640,0.004537,0.002226,-0.016219,0.012219,0.064432,0.071866,-0.087766,-0.089161,-0.062241,0.006259,-0.016952,-0.018670,-0.075508,-0.029398,-0.033148,0.038999,-0.003533,-0.092339,-0.113638,-0.040514,-0.051940,0.006432,-0.042172,0.014731,-0.079442,0.068667,0.003568,-0.019364,-0.034854,-0.040127,0.068260,0.041444,-0.031466,0.019746,-0.082107,-0.037743,0.009615,0.073377,-0.033373,0.019973,0.024040,-0.049995,0.054820,-0.038498,0.007859,0.086345,-0.047190,0.125588,0.049851,0.057942,-0.038948,0.112815,0.010726,0.041442,0.033087,-0.059681,-0.061902,0.037872,0.011636,-0.056998,-0.035359,-0.084209,-0.047044,-0.022798,-0.005838,0.011148,0.064001,0.018328,-0.028511,-0.042991,0.000025,-0.006448,0.031560,-0.028610,0.040044,0.096115,-0.109691,-0.045455,-0.069521,-0.057847,0.089627,-0.047822,-0.056116,-0.033855,-0.020112,0.006500,0.030148,0.003942,0.028905,0.016137,0.048530,0.084084,0.046680,-0.008666,-0.014093,0.024847,0.080198,-0.004504,-0.028240,-0.102966,-0.000000,0.053584,0.065812,-0.046418,0.072037,0.017413,-0.043458,-0.074880,0.040527,-0.000122,-0.020170,0.044023,0.035698,0.042507,-0.055452,0.082720,-0.100982,-0.072459,0.087080,-0.049584,-0.014394,0.036820,-0.053465,-0.005815,0.034259,0.105020,0.033899,0.107786,-0.024990,-0.000262,0.004725,-0.043298,0.060787,0.004207,0.020860,-0.018324,0.070083,-0.000627,-0.012714,0.032326,-0.042376,-0.070363,0.022829,-0.006088,-0.009760,0.046320,-0.015339,0.001958,0.042554,0.024157,0.008041,-0.045689,0.056511,-0.127799,0.055460,0.069329,-0.063381,0.019025,-0.011426,0.125713,-0.039608,-0.054518,0.041879,-0.050807,-0.090962,-0.012940,0.089623,0.079971,0.014358,-0.008144,0.004168,0.025206,-0.053072,0.022463,-0.057857,0.002797,0.047751,0.001380,-0.068680,0.051627,0.062902,-0.047096,0.032400,-0.011049,0.040883,0.084407,0.095639,0.011377,-0.077612,-0.008990,0.014206,-0.035106,0.005619,-0.010843,0.022103,0.028458,-0.000000,-0.024663,0.054687,-0.050498,0.039137,0.007540,-0.040371,0.007487,-0.003996,0.017017,-0.038231,0.031171,-0.012089,-0.044102,0.068585,-0.017728,-0.018126,0.047284,-0.074620,0.020638,0.002967,0.073301,0.090102,-0.036316,0.044058,-0.041446,-0.020864,-0.070338,-0.053123,-0.054344,0.010044,-0.026582,-0.086611,-0.089100,-0.070802,0.073699,0.044293,0.036162,0.075393,-0.032063,-0.084484,0.025279,0.046818,0.041992,0.005162,0.040875,-0.008057,0.013161,0.019361,-0.030355,-0.006282,0.056776,-0.066508,-0.032634,-0.103599,-0.092676,-0.051753,0.058947,0.010356,0.020149,0.028317,-0.027328,-0.020544,-0.008611,-0.088302,-0.003132,-0.012312,0.047099,0.063793,0.033104,0.014987,0.018694,-0.042583,-0.021522,0.011032,-0.062052,0.053489,-0.000647,-0.063445,-0.047400,0.012068,-0.021749,0.058218,0.041013,-0.064326,0.050482,0.042327,0.043122,0.008902,-0.004940,0.035888,-0.039757,0.070970,0.017871,0.027282,-0.018067,-0.000000,0.041715,0.070618,-0.025239,-0.043379,-0.062125,-0.078473,0.036325,-0.049759,0.062270,-0.012266,0.093503,-0.028566,0.021970,0.124089,0.057039,0.105816,-0.045475,0.098432,-0.080863,-0.101791,-0.007427,0.064420,0.064443,0.033172,-0.014648,0.005655,0.032716,-0.023390,0.005753,-0.075371,-0.089467,0.046150,-0.068884,0.019132,0.037814,0.021644,-0.081002,0.046871,-0.009298,0.025721,-0.025454,-0.046740,-0.050923,0.082842,0.044161,-0.011206,-0.059972,0.019195,-0.068672,0.040408,-0.044837,0.086783,0.038237,0.017134,0.134891,-0.009349,-0.006521,0.003800,0.009783,-0.037115,0.006348,-0.060362,-0.027821,0.096579
0.018765,-0.081528,0.016408,0.017031,0.084955,0.026684,-0.044436,-0.084805,0.061218,0.037635,0.009449,-0.051835,0.050911,-0.028835,0.019171,0.016267,0.022741,-0.069454,-0.003114,0.055972,0.048613,0.030674,-0.019628,0.027863,-0.043008,-0.071571,0.005351,0.061359,-0.044667,-0.014088,-0.021546,-0.042674,-0.073041,0.011537,0.126546,-0.014987,0.025531,-0.033118,0.013208,-0.096951,-0.025884,-0.052062,-0.036508,0.044476,-0.004361,-0.049035,-0.030748,-0.063887,-0.124679,0.016792,-0.029143,-0.029677,-0.046440,-0.039744,0.010695,-0.020485,-0.079719,-0.132051,-0.015658,-0.044176,0.042450,-0.032171,-0.018769,0.014872,0.003071,-0.059633,0.024410,0.081895,0.051627,0.036929,0.004665,0.000200,-0.006126,-0.002999,-0.038504,0.015981,-0.004347,-0.038898,0.034083,-0.085512,-0.022201,-0.005579,0.013848,-0.011820,-0.079507,0.046895,-0.046250,0.008221,-0.014673,0.036286,-0.072426,-0.053105,-0.025518,-0.002912,-0.067540,0.038228,-0.021957,-0.002099,-0.086798,0.113268,-0.019511,0.107381,0.006767,0.005632,-0.044102,-0.008491,0.031566,-0.034671,-0.008630,0.000482,-0.004273,-0.002487,0.003484,0.080200,-0.009793,-0.064454,0.028922,-0.030061,-0.046976,-0.003189,0.016722,0.045213,0.015425,0.090892,0.069294,0.024537,-0.071104,-0.000000,0.060130,-0.022078,0.035918,-0.016501,0.041681,0.071091,0.115846,-0.040216,0.042200,0.000640,0.006779,0.032139,0.066199,0.071927,0.122938,-0.000767,0.041275,-0.016068,-0.049247,-0.054903,-0.055266,-0.044177,-0.078574,-0.030425,-0.027190,0.052934,0.009387,-0.031410,-0.024312,0.026017,-0.084929,0.146351,-0.015725,0.005804,0.010501,0.048627,-0.078082,-0.008940,-0.088869,-0.021707,-0.018046,0.014217,-0.074449,-0.008450,0.053569,-0.015149,0.133036,0.059436,-0.147591,-0.013938,0.033271,0.042766,-0.034189,-0.015463,0.003354,0.090881,-0.021501,0.006768,0.007068,0.006989,-0.080873,0.008807,0.041567,-0.024905,-0.067676,0.061670,0.039065,-0.014239,-0.046313,-0.011942,-0.052741,-0.007255,-0.047780,0.003251,-0.019101,0.010485,0.040741,0.054328,0.072355,-0.039429,0.029619,-0.092303,0.036977,-0.001413,0.037893,0.039052,0.062969,-0.013368,-0.072996,-0.038061,0.050125,0.021535,0.025463,0.013479,-0.095225,0.000000,-0.014671,0.033524,0.012396,-0.002985,-0.034933,-0.044296,0.061799,0.139093,0.041395,-0.019253,0.032142,0.008413,-0.012668,0.035247,-0.033729,-0.017583,0.100381,-0.005819,-0.001339,0.058246,-0.060522,0.007539,-0.089906,0.087176,0.004637,0.091367,0.041007,-0.068319,-0.095078,-0.035449,0.043763,-0.021371,-0.079966,-0.014619,0.092599,0.095419,0.125449,-0.018679,-0.052717,0.061801,-0.007955,-0.014164,-0.008494,0.027205,-0.062315,-0.011379,0.034169,0.042781,0.022096,-0.009984,-0.022918,0.006574,-0.128006,0.006827,-0.010636,-0.005318,0.074484,0.012442,0.076661,-0.009096,0.028631,0.006961,-0.060578,-0.026984,0.015360,-0.019941,-0.024290,0.117836,0.075265,0.031427,0.102743,-0.049851,-0.046331,-0.052852,0.073332,0.134701,0.090620,0.004442,0.020368,0.059506,0.027177,0.018625,-0.066179,0.000872,0.096877,-0.028580,0.009534,-0.011044,0.009329,-0.008253,-0.103835,-0.023167,0.006063,-0.023577,0.011373,-0.000000,0.019277,-0.008176,0.050954,-0.034776,-0.027912,-0.017626,0.007859,-0.040961,-0.023075,-0.074478,0.046228,0.006825,-0.076194,-0.020436,0.103424,0.051866,-0.071466,-0.063688,-0.063594,-0.025931,-0.107182,0.025010,-0.055049,0.059003,0.020576,0.038648,0.012255,0.029895,-0.017704,0.027979,0.050697,-0.022891,-0.036801,-0.006111,0.015548,-0.051446,-0.025040,-0.012799,0.007506,0.039446,-0.057947,-0.017729,0.065498,0.054137,0.047066,-0.076074,0.046775,-0.036600,-0.084410,-0.061047,-0.076507,-0.034835,0.007880,0.037782,0.081377,0.037804,0.067014,-0.031284,-0.028614,-0.010920,0.067776,-0.102914,0.028728,-0.013195
-0.028894,-0.020566,0.026263,-0.055072,-0.000986,-0.012919,-0.224440,-0.006848,-0.047277,0.018855,-0.027519,0.055373,0.035575,0.033184,0.048008,-0.022878,0.038511,-0.057674,0.004344,0.079736,0.036037,-0.025050,0.014718,-0.053910,-0.067539,-0.038805,0.006054,-0.042766,-0.021048,0.011973,0.051556,0.047438,0.001454,-0.015640,0.021123,-0.049115,-0.006828,0.006270,-0.004273,-0.034392,-0.082782,-0.088594,-0.004100,0.045002,0.106127,-0.024290,-0.002730,-0.031945,-0.031308,0.026863,-0.042291,-0.137310,0.047123,-0.081843,-0.019157,-0.032228,-0.050161,-0.118646,0.029282,-0.015441,-0.042317,-0.010669,-0.046976,0.051123,0.074801,0.030292,-0.010749,0.072089,0.047576,-0.026503,-0.022624,-0.015448,0.000529,-0.074445,0.077536,0.018771,0.040960,0.032008,0.127440,-0.083414,0.021416,0.009082,-0.021894,-0.024554,-0.071401,0.084810,-0.054309,0.006220,-0.063610,-0.027550,-0.055924,-0.011592,-0.035387,0.030450,-0.107100,0.101866,-0.019317,-0.058710,0.049064,0.024729,-0.070670,0.005065,0.053290,-0.002506,-0.034982,-0.032162,0.066185,-0.026209,0.024518,-0.031850,0.030953,0.019355,0.017226,0.048829,0.049073,-0.022708,-0.035225,-0.023071,0.034189,0.046160,0.010450,0.034362,0.020731,0.018825,0.024055,0.002003,-0.080365,-0.000000,-0.012470,0.117504,0.088590,0.080219,0.099702,0.002131,-0.035007,0.004291,0.023569,-0.046482,-0.020787,-0.071026,-0.057022,0.083097,0.086246,-0.036793,0.004493,0.074209,-0.054517,0.024980,0.010108,-0.129438,0.025903,-0.038844,0.041464,0.087105,0.062923,0.021689,-0.007920,0.020119,0.010975,0.071087,-0.097712,0.044257,-0.033280,0.080353,0.010589,-0.035079,-0.005234,0.000921,0.029689,0.042285,-0.067672,0.017929,0.029554,-0.015923,0.111661,-0.011738,-0.001659,0.019627,0.003040,0.017814,-0.049781,-0.054302,0.014621,-0.001594,0.005491,-0.150651,0.073937,0.050247,-0.047232,-0.024294,0.007294,0.006087,0.003867,0.067520,0.088747,-0.027278,-0.008060,0.009190,-0.045090,-0.056401,-0.063541,-0.005145,0.027030,-0.001041,0.051256,0.010489,0.083091,0.093568,-0.031762,0.034653,0.027761,-0.029330,0.107367,-0.028623,0.074573,0.055507,-0.070692,-0.031408,0.015246,-0.022400,-0.043280,0.080600,0.040305,0.000000,-0.021752,0.001492,-0.013827,0.040755,0.074064,-0.093721,0.029826,-0.006140,0.058141,0.030706,0.042117,-0.043064,0.033835,0.020373,-0.026359,-0.013894,-0.003354,-0.181313,-0.035723,0.003174,0.017929,-0.016950,-0.076795,0.028497,-0.047315,0.042563,-0.036749,-0.001862,-0.015794,-0.015621,-0.065442,-0.103791,-0.017766,0.041851,0.030650,-0.008502,0.071878,-0.019586,0.004592,-0.008566,0.032655,0.011303,-0.094212,0.018681,0.002225,0.014608,0.068122,0.029592,-0.026257,-0.016041,0.076356,0.046940,-0.073284,-0.103850,-0.059705,-0.003282,0.064928,-0.008868,-0.019706,0.065154,-0.068375,0.004922,-0.000805,-0.059611,-0.023741,-0.047079,0.025352,-0.012606,0.003036,0.043113,0.084722,-0.005887,-0.069189,0.084401,0.044001,-0.094885,0.082774,-0.020832,0.064360,-0.028609,-0.032005,0.009011,0.025320,-0.011849,0.094937,-0.024909,-0.040858,0.023873,-0.047513,0.026282,-0.109244,0.032631,0.025342,0.036783,-0.041754,-0.000000,-0.004533,0.059617,0.091123,-0.004958,-0.007835,0.038357,0.013606,-0.013100,0.019270,-0.017639,0.032963,0.029092,-0.002301,0.090441,-0.016153,0.056721,-0.007263,0.047676,-0.074971,-0.010928,-0.020430,0.083122,0.008145,-0.003618,0.046486,-0.021697,-0.101297,0.007973,-0.021415,0.000268,-0.015395,-0.047109,-0.042452,0.031276,-0.020639,-0.023959,-0.084678,0.037485,0.048814,-0.029021,0.003810,0.042690,0.011347,0.058170,0.039781,-0.066044,-0.028994,-0.092285,0.000658,0.012049,-0.041394,0.002595,-0.018017,0.019400,0.077122,0.115791,0.029641,-0.051725,-0.016408,-0.018489,0.038134,-0.114723,-0.061823,0.057428
-0.046927,0.116306,-0.016723,-0.013259,-0.026811,-0.066574,0.018821,-0.022731,-0.058531,0.015426,-0.017393,-0.085562,-0.003707,-0.060931,0.021470,0.030716,-0.050866,-0.008089,-0.069740,0.065462,-0.027001,-0.005917,-0.046474,-0.022223,-0.001889,0.039858,0.051982,0.022503,0.041672,-0.053015,0.026985,0.019823,0.038351,0.052215,0.004391,0.132281,-0.053199,-0.044680,-0.019205,0.006640,0.012574,-0.044446,0.045110,0.018503,0.010674,-0.024703,-0.112845,-0.006146,0.066968,-0.054920,-0.025701,0.036700,-0.052147,0.063334,0.051596,0.009554,-0.073016,-0.054045,-0.006526,-0.025107,-0.025650,0.031043,-0.061473,0.094038,0.035817,0.050923,0.025476,0.065999,0.033949,0.107955,-0.074975,-0.039389,-0.015271,0.052506,-0.047918,-0.040458,-0.046587,0.063696,0.029833,-0.005515,0.024475,-0.009474,-0.060301,0.052988,-0.015137,0.059877,-0.070962,-0.047433,0.041808,0.046142,0.009770,-0.048480,0.088021,0.049610,-0.030989,0.004757,-0.059479,-0.000972,-0.058813,0.116638,0.014598,0.033018,-0.014352,0.024973,-0.092693,-0.053089,0.034174,-0.013948,-0.045468,-0.038437,-0.070563,-0.008113,-0.020342,0.006029,0.034540,-0.017331,-0.009089,-0.014986,0.065360,0.030634,0.012175,-0.040227,-0.126408,0.107355,-0.060567,-0.040869,0.045721,-0.000000,-0.049371,0.010648,0.045358,-0.022161,-0.037363,0.010536,-0.034397,-0.057569,-0.020535,-0.015997,0.076575,0.041090,-0.032493,0.033896,0.010682,-0.024368,0.050667,0.034031,0.026982,-0.026247,0.069774,-0.002160,-0.041836,-0.020302,-0.052973,0.032948,-0.036383,-0.047597,-0.002678,0.042527,0.024769,-0.038116,-0.043312,-0.015727,0.020783,-0.018750,-0.006176,0.019724,-0.022868,0.028172,-0.018961,0.025401,-0.087791,-0.015144,0.056803,0.025907,0.019058,-0.007898,-0.013390,-0.073658,0.045117,0.022093,0.016826,-0.039918,-0.024849,-0.052846,0.085443,-0.008628,0.014416,-0.038053,-0.041000,0.022790,0.017699,0.045980,-0.032038,-0.037762,-0.093288,0.040076,-0.025810,0.025407,-0.085249,0.043560,-0.001069,0.070557,-0.117762,0.034962,-0.027901,-0.020829,0.090004,0.116440,0.071886,0.077096,-0.066502,-0.040371,0.110820,-0.087339,0.014459,-0.115484,0.026475,-0.025079,-0.046866,0.038914,-0.031433,-0.052884,0.008327,0.000000,0.069662,0.014014,0.004765,0.060935,0.031492,0.083525,0.069370,0.080952,0.077933,0.108951,0.067442,-0.003592,0.018003,-0.094686,0.128177,0.087311,0.001474,0.044630,-0.107263,-0.027274,-0.088885,0.077598,0.000647,0.085313,-0.008550,0.003927,0.033568,0.092600,-0.013683,-0.024762,0.062146,-0.036735,-0.109314,0.001538,0.011490,-0.098500,0.000716,0.026784,-0.031281,-0.016804,0.056228,0.008639,-0.043866,0.060240,-0.054683,0.033253,0.039212,0.041276,0.059119,-0.070773,0.058316,0.024988,-0.021625,0.013470,0.008534,0.007744,0.040683,0.053920,0.082657,-0.020962,-0.017546,-0.022298,-0.071270,0.063624,0.029241,-0.108588,-0.052461,0.047726,-0.060322,-0.013820,0.000026,0.004396,-0.057291,-0.020373,-0.015491,-0.008030,0.044407,0.050582,-0.002717,-0.060834,-0.024093,0.001498,0.022949,0.011834,0.036424,0.011218,-0.003143,-0.047716,-0.031738,-0.031847,-0.048822,-0.016943,-0.068982,0.092137,0.056572,-0.000000,-0.035796,-0.129065,0.040371,-0.029622,0.027454,-0.021184,-0.125007,-0.067726,-0.064389,-0.003965,0.049610,0.009609,-0.041480,0.023794,-0.071778,0.000516,0.088364,0.030253,-0.013701,-0.075140,0.013620,-0.008000,0.088568,0.042679,-0.015927,0.015328,-0.034046,0.051995,0.034641,-0.057762,0.045807,-0.002676,-0.026508,0.002088,0.008581,0.040989,-0.027146,0.034646,0.024644,-0.026331,-0.029339,0.049988,-0.006757,0.061607,-0.112414,-0.107097,0.023297,-0.083819,0.002383,0.000643,0.026983,-0.037559,-0.061754,-0.020362,-0.005350,0.016162,-0.025304,0.015496,-0.081865,0.029383,0.182098,0.004252,-0.102019,0.018294
-0.069129,0.125995,-0.057246,0.029058,-0.006004,-0.028651,0.005124,-0.061870,0.022738,-0.006438,0.030450,-0.044211,0.044811,-0.071773,-0.040303,0.049227,-0.039597,0.026601,-0.058003,-0.012859,0.017195,0.033301,-0.049602,0.006718,0.029054,0.021114,0.035024,0.056940,0.051208,-0.067598,-0.000845,0.023218,0.043155,0.028587,0.025670,0.111818,-0.007359,-0.022010,-0.089320,-0.012690,-0.001418,-0.057896,-0.012482,0.029024,-0.003926,0.037554,-0.116975,-0.037093,0.025790,-0.090164,-0.037885,0.032495,-0.069927,0.044060,0.050848,0.009626,-0.073375,-0.085656,0.040245,0.000988,0.014427,0.044447,-0.044192,0.031090,0.017468,0.060183,-0.053556,0.018019,-0.009030,0.030491,-0.048975,-0.023071,0.028892,0.052486,-0.014535,-0.013987,-0.022637,0.050619,0.024273,0.009391,0.018897,-0.017061,-0.049721,0.022055,0.008575,0.090312,-0.097046,-0.042825,0.059555,0.023814,-0.059383,-0.006119,0.102938,0.040329,-0.061641,0.003544,-0.005498,0.008925,-0.097978,0.153382,0.030246,0.041955,-0.006384,0.040972,-0.078500,-0.065486,0.031073,0.016276,0.026297,-0.047287,-0.046812,-0.044389,-0.033777,-0.033120,-0.025775,-0.049084,-0.020731,-0.050916,0.061033,0.092636,0.010157,-0.054314,-0.159096,0.047866,-0.027147,-0.038336,0.014697,-0.000000,-0.005989,-0.042648,0.061792,-0.091783,0.009283,0.017124,-0.101886,-0.076151,-0.063353,-0.015152,0.101341,-0.024433,-0.038316,0.024623,0.012179,-0.074596,0.041888,0.081087,-0.006086,-0.007672,0.003057,0.028542,-0.057748,-0.013737,-0.042346,0.024832,-0.046095,-0.048574,-0.017884,0.036425,0.007371,0.004234,0.012827,-0.001975,0.014884,-0.001440,-0.040021,0.006854,-0.006363,-0.013720,-0.051565,-0.077770,-0.074553,-0.039713,0.040275,0.034739,-0.002282,0.009531,0.010590,-0.066761,0.024649,0.092436,0.037118,0.025571,0.031034,-0.051078,0.055774,0.020708,-0.040835,-0.024613,-0.070699,0.036310,0.011896,-0.001859,-0.003823,0.009390,-0.043600,0.042098,0.034980,0.026903,-0.086066,0.081520,0.012143,0.108956,-0.147348,0.016020,-0.093167,0.027501,0.033424,0.125272,-0.000431,0.029643,-0.062750,-0.070205,0.043640,-0.036828,-0.037061,-0.084959,-0.029093,0.013146,-0.060085,0.050789,-0.001149,-0.053875,0.043445,-0.000000,0.065246,0.024689,-0.060143,0.054483,0.018661,0.070590,0.076733,0.066719,0.036196,0.144814,0.019784,0.028049,0.053763,-0.058864,0.160261,0.103904,0.013194,0.102621,-0.031994,-0.027083,0.004423,-0.000167,-0.006785,0.093883,-0.024616,-0.017490,0.031290,0.132015,-0.040166,-0.005248,0.082224,-0.011507,-0.057434,0.017563,0.009163,-0.060019,-0.038077,0.011186,0.008921,-0.030791,0.058910,0.043087,-0.016090,0.010036,-0.050533,-0.003984,-0.058845,0.009615,0.049149,-0.101240,0.030137,-0.054698,0.004679,0.002456,-0.030606,0.085279,-0.015898,0.062976,0.071287,0.016342,-0.019928,-0.026706,-0.045789,0.039510,0.030875,-0.094003,-0.013165,0.038353,-0.094400,-0.030024,0.074710,0.034961,-0.119779,-0.096735,-0.023139,0.024118,0.027135,0.016720,-0.047723,-0.045488,-0.002739,0.016296,-0.013193,0.032172,-0.033773,0.010564,-0.025210,0.014330,-0.063090,-0.000050,-0.017935,0.010229,-0.064286,0.080041,0.020578,-0.000000,-0.034540,-0.090861,-0.030601,-0.059452,0.075536,-0.026006,-0.052402,-0.034244,-0.071694,0.007860,0.060196,-0.007437,-0.053042,0.008483,-0.012531,0.007370,0.078011,0.042490,0.019133,-0.017295,0.064064,-0.017114,0.083286,-0.002980,-0.048656,0.037231,-0.056562,0.065307,0.029833,-0.032836,0.055122,0.035557,-0.004764,-0.034929,0.032634,0.091949,0.016515,-0.016651,-0.014278,-0.027839,0.006341,0.042945,0.049470,0.036893,-0.076239,-0.039741,0.061329,-0.073974,-0.047052,-0.086464,-0.027799,-0.008888,0.016416,-0.049394,0.019652,-0.016684,-0.016838,0.017673,-0.033565,0.061328,0.126009,0.049486,-0.050998,0.031480
-0.087605,-0.098649,-0.001810,-0.076537,-0.005180,0.045432,-0.014442,-0.014047,0.017045,0.009803,-0.059637,0.018219,0.030369,0.059881,0.078580,-0.011893,-0.020140,-0.092882,-0.016384,0.000595,0.052232,-0.035882,-0.057942,-0.000117,0.099743,0.003365,-0.036498,0.028337,0.028017,-0.024312,0.037338,-0.010031,0.015191,-0.005548,0.058973,0.054652,-0.032201,0.004307,-0.013026,-0.076037,0.053441,-0.034647,-0.008459,0.007917,-0.000996,-0.091630,-0.022585,-0.015462,-0.088644,0.008164,0.028026,-0.086893,0.012245,-0.041461,0.059826,-0.028993,-0.059922,-0.116539,0.006232,-0.024652,-0.031843,-0.010192,-0.032043,0.030723,-0.029205,-0.019610,0.059496,0.057952,-0.048504,-0.084903,-0.012291,0.000600,-0.002648,0.069364,0.088460,0.078995,0.001956,-0.024049,0.076770,0.015709,0.060675,0.060625,-0.017371,-0.020191,-0.056692,0.005877,-0.067662,-0.002265,-0.005789,-0.002735,0.037672,-0.097129,0.026940,0.040335,-0.009409,-0.008551,-0.053470,-0.101629,0.009158,0.008790,-0.044074,0.101025,-0.025651,-0.096006,-0.013395,-0.028171,0.002548,0.023933,0.056723,-0.013125,-0.040202,-0.069068,0.014481,-0.059398,-0.048353,0.028190,-0.065379,0.028764,0.058708,-0.045820,-0.007569,0.041494,-0.002212,0.092792,0.076496,-0.026357,-0.051219,0.000000,-0.029567,0.066976,0.047016,0.221584,-0.023498,0.023666,0.013602,0.028207,-0.043424,-0.160917,-0.003542,0.136656,0.021605,0.014830,0.117479,-0.055095,-0.030689,0.051783,0.024561,0.005466,-0.017843,-0.123346,0.047570,0.017200,-0.015412,0.026959,0.042330,0.053106,0.051426,0.027434,0.012544,0.007437,-0.081424,0.039838,-0.032825,0.073601,-0.035052,-0.041487,0.036583,0.027602,-0.016441,0.020708,-0.132547,0.014996,0.009484,-0.054587,0.111416,-0.027799,0.070902,-0.050147,0.096922,0.038430,-0.049245,-0.105583,0.097410,0.030022,-0.014471,-0.020058,0.070552,-0.035720,-0.041946,-0.071825,-0.092603,0.037097,0.032327,0.111974,0.056311,0.003808,0.054993,0.011093,-0.006893,-0.024280,0.069171,0.009794,0.022074,0.012680,-0.071918,0.028417,0.060989,0.002560,-0.087077,0.024591,0.036246,0.043627,0.096570,-0.101523,0.069291,0.001718,-0.033573,-0.014158,-0.022955,0.002825,-0.034826,0.027753,-0.008065,-0.000000,-0.024805,-0.039842,-0.047459,-0.048375,0.062529,-0.037892,0.022225,0.030220,0.008738,0.025673,0.022336,-0.016815,0.003219,-0.007994,-0.036707,-0.054727,0.011312,-0.064645,0.013214,0.022080,0.087522,-0.028221,-0.048257,-0.042721,0.047084,0.029183,-0.073708,0.027601,0.009720,0.006963,-0.011324,-0.044558,-0.041964,0.006154,-0.004492,0.054539,0.030529,0.000268,-0.013218,-0.016993,0.007856,-0.071411,-0.008597,0.013589,0.004426,0.024205,0.126938,0.049510,-0.033470,-0.012793,0.046757,0.045577,-0.130540,-0.015872,-0.051285,0.059707,0.038661,-0.036022,-0.010155,-0.018251,0.019284,0.031196,0.056206,-0.036758,0.033533,0.009811,0.051864,-0.008271,-0.059190,-0.005540,0.053104,-0.058653,-0.081033,-0.066635,0.002244,0.071456,0.006240,-0.039283,-0.006115,-0.087747,-0.126262,0.016617,0.063150,-0.016765,0.081272,-0.007180,0.060577,-0.044899,0.024178,0.034389,-0.054654,0.013251,0.093281,-0.020932,0.050973,-0.000000,-0.052476,0.109461,-0.005777,0.028983,0.020928,-0.011440,-0.011355,0.037898,0.060845,0.030732,0.044112,-0.066135,-0.005261,0.035343,0.102739,-0.016093,-0.034710,0.036733,-0.084066,-0.016129,-0.037433,0.076717,0.048452,-0.087026,-0.035010,-0.032885,-0.097317,-0.041691,-0.022978,-0.056540,-0.003419,0.057399,-0.026839,0.011837,0.060058,0.007784,0.008217,0.007424,-0.041627,0.000044,0.014408,-0.008637,-0.010942,0.079647,0.016962,0.013071,-0.114514,-0.023420,-0.018882,-0.050066,-0.028239,-0.042364,-0.048107,-0.079690,0.061843,0.014834,0.017194,-0.015873,0.006494,0.023506,0.067802,-0.047550,0.008376,0.043253
0.020106,0.069365,0.029087,-0.029578,0.071154,0.075786,-0.002188,-0.073721,0.019890,0.005212,0.038001,0.185400,0.017953,-0.057309,0.087416,-0.029200,0.014962,0.004738,-0.041241,0.056911,-0.027011,0.056780,0.006692,0.043880,0.015277,0.008087,-0.031084,0.007835,0.129239,-0.005309,0.022451,-0.028637,0.012089,0.013628,-0.008620,-0.029322,0.010093,-0.057775,0.028993,-0.053975,0.026008,-0.067907,0.022478,0.094795,-0.079523,0.066090,0.079536,0.013359,0.050131,0.085370,0.091533,0.080018,-0.040254,-0.004491,0.042022,0.011502,-0.032127,-0.063145,0.042620,0.019542,-0.063540,-0.046033,-0.017897,0.000096,-0.072808,-0.049818,0.018020,0.008856,-0.058802,0.044412,0.029052,0.016987,0.081283,0.030014,0.029050,0.031958,0.057017,0.059462,0.033229,-0.040413,0.013629,-0.024710,0.047318,-0.018732,-0.023665,0.034756,0.013395,0.030235,0.080191,0.020619,-0.004611,-0.104755,0.047386,-0.035713,-0.022128,-0.097795,-0.034100,-0.023565,-0.011002,0.014218,-0.045611,-0.024533,-0.030808,-0.041647,0.014781,-0.042909,0.001863,-0.014389,-0.012545,0.019344,-0.014633,-0.019241,-0.002325,0.076801,0.068075,0.035305,-0.117407,-0.012420,0.072407,-0.117622,0.009730,0.016705,-0.078258,0.022193,-0.037204,-0.034140,-0.072315,-0.000000,-0.032086,0.026428,0.033844,-0.061993,0.019976,-0.010861,-0.028860,-0.031509,-0.101256,0.025560,0.012150,0.001846,-0.015410,-0.089038,0.042712,0.021637,-0.088257,0.077955,0.112616,-0.006379,0.000988,0.033561,0.063457,0.094313,-0.066187,-0.064067,-0.015808,-0.035998,-0.003849,0.002769,-0.010685,0.054204,0.077907,0.014095,0.025247,-0.012632,0.025712,-0.031693,-0.028075,0.048467,0.033894,-0.022247,-0.037026,-0.018722,0.031716,-0.036853,-0.052113,0.018453,-0.038429,0.055018,0.011492,0.056131,0.003858,-0.088547,-0.025679,0.005684,-0.046787,0.083582,-0.033467,-0.036829,-0.078418,0.039626,0.101211,0.030292,-0.061192,-0.019635,0.019503,-0.000120,-0.050673,0.005498,-0.058995,-0.033409,-0.004595,0.033080,-0.099328,-0.010648,0.004690,0.006379,0.086643,-0.036569,-0.077225,-0.070500,0.059152,0.017643,0.065342,-0.069753,0.028950,-0.032284,-0.034641,-0.010184,-0.050025,0.044156,-0.053332,-0.009933,-0.042359,0.000000,-0.024956,-0.109662,-0.035671,0.015227,-0.048060,0.007086,0.026467,-0.024348,-0.076174,0.017521,0.052474,-0.000814,-0.084117,0.080917,0.005998,0.024850,0.028345,-0.068762,0.038197,0.003265,-0.025516,0.018953,0.054571,0.148479,0.025143,0.027791,-0.075229,0.042235,0.024854,0.031463,-0.055549,-0.036715,-0.206056,-0.041481,0.027658,-0.174678,0.052147,0.019944,0.041782,-0.005790,-0.021389,-0.020236,0.005339,0.109882,-0.017241,0.052309,0.063605,-0.027169,-0.032134,0.020389,-0.020869,-0.002663,0.044766,-0.021759,-0.091191,-0.006742,0.097351,-0.041500,0.148136,-0.003057,0.027867,0.038969,-0.102588,-0.031294,-0.015500,0.043231,0.023609,0.011010,-0.007463,0.028051,0.050829,-0.109001,-0.067793,-0.024544,0.028199,0.049920,-0.006304,0.007190,-0.083954,-0.003148,0.007607,-0.064758,-0.015535,0.006275,0.087302,0.010397,0.031009,-0.102397,0.021335,-0.020748,-0.031103,-0.021703,-0.040613,0.031395,-0.061092,-0.000000,-0.013584,0.066548,-0.017230,0.037069,0.033121,-0.006083,0.001592,-0.015618,0.027347,0.104380,-0.039971,-0.012875,0.009645,0.039111,-0.012674,-0.036877,-0.036562,-0.083192,-0.000170,0.049183,-0.034434,-0.012353,0.025933,-0.024423,-0.011187,0.034124,-0.064235,-0.024600,0.023121,0.094291,0.042631,-0.040814,-0.058545,0.071602,0.041811,-0.026539,-0.068229,-0.006851,0.033525,-0.078294,-0.059455,0.126250,0.011800,0.046359,-0.031152,0.049110,-0.077000,-0.022254,0.023877,0.003655,0.047741,-0.008886,-0.011359,0.022159,0.119532,0.061515,0.050063,-0.006987,-0.002297,-0.002493,0.000946,0.027891,0.003397,0.049819
-0.035337,-0.077723,-0.034648,0.001098,0.040980,0.055995,0.054743,0.005626,-0.049195,0.007862,-0.053020,0.004905,0.032882,0.007045,0.038532,0.006387,0.057722,-0.166921,0.077034,0.078729,-0.000538,-0.032908,0.058741,-0.009172,0.050199,-0.051895,0.060808,0.028577,-0.048862,0.071117,-0.041234,0.110691,-0.011982,0.031923,0.004898,0.021266,-0.096632,0.054350,0.005443,-0.000931,-0.025948,0.008669,0.068421,-0.008976,-0.003054,-0.063543,-0.020389,-0.102048,-0.029725,0.013339,0.030913,-0.041414,0.019661,-0.068127,-0.025480,-0.020102,-0.099545,0.004279,0.078551,-0.042276,0.057526,-0.022196,-0.028504,-0.041381,0.053649,-0.102580,-0.084272,0.054393,-0.053903,-0.080206,0.015137,0.022805,-0.003992,0.099093,0.032304,-0.054050,0.045558,0.028706,0.008294,-0.016388,0.004291,-0.029567,-0.029951,0.009578,0.015876,-0.022310,-0.034190,-0.074266,0.037140,0.058128,-0.064786,-0.068183,0.021388,0.017538,-0.003730,0.124439,-0.028605,-0.022228,-0.026770,0.063733,-0.011082,0.104003,-0.067492,0.005572,-0.030705,-0.008061,-0.027207,-0.052698,-0.013017,-0.008976,-0.059372,0.021446,0.033355,0.048779,-0.051834,0.011781,-0.047574,0.009643,0.000410,0.016183,0.032774,-0.063352,-0.009771,0.019014,-0.047304,-0.041001,-0.054072,-0.000000,-0.004898,-0.010032,-0.035106,-0.059042,-0.008650,-0.000582,0.000555,0.003151,0.038290,-0.036221,-0.007874,0.077636,0.022392,-0.001522,0.156204,-0.032654,0.049995,0.054622,0.051313,-0.012104,-0.000590,0.071622,-0.016219,0.023382,0.035316,-0.063381,0.079430,-0.019745,-0.065555,0.015577,-0.075097,0.054220,-0.024423,-0.085983,0.024481,0.086686,-0.059636,-0.043180,0.003146,0.015002,-0.004402,0.085861,-0.022616,0.039383,0.044000,0.034282,0.039916,-0.021017,-0.146884,0.029973,0.037786,-0.018683,0.051325,-0.011394,0.014333,-0.041599,-0.088878,0.092723,0.020073,-0.001228,-0.076589,0.068137,-0.044145,-0.144974,-0.123977,0.067394,0.027063,0.028099,-0.020849,0.066890,0.037947,0.035400,0.039186,-0.028729,-0.009332,0.020888,0.032255,0.068448,0.127682,-0.063091,-0.005781,0.012202,-0.025102,0.006093,-0.004852,-0.034692,0.030593,0.005560,0.079262,-0.027445,-0.078096,0.025983,0.014115,-0.024798,-0.025066,0.000000,-0.048514,-0.044777,0.002412,0.034754,-0.026287,0.062704,0.022050,-0.046700,-0.001146,-0.003409,0.054546,0.054754,0.016711,0.028609,-0.018304,0.020583,-0.072100,0.046863,-0.004993,-0.001205,0.030372,0.096399,-0.034183,0.034708,0.038492,0.031405,-0.054880,-0.059553,-0.079574,0.035494,0.065061,0.030542,-0.107873,-0.070310,0.078868,0.022019,0.024606,0.036054,-0.031210,0.029343,0.001782,-0.045049,-0.045551,-0.052552,-0.032383,-0.033001,0.114878,0.013094,0.127504,0.040397,-0.041023,0.055107,0.006511,0.066948,0.000102,-0.016963,0.004050,0.004934,0.026859,-0.024015,0.032680,0.115906,0.020616,-0.003116,0.086344,0.050695,-0.086397,0.023962,0.002517,-0.013081,0.069626,-0.065141,0.003764,0.022927,0.001927,0.073521,0.079226,0.020766,-0.024484,-0.057909,0.057086,0.015404,-0.020484,-0.029556,0.090091,0.007530,-0.019166,-0.027959,-0.011773,0.004382,-0.026029,-0.135985,0.050282,-0.014862,0.027519,-0.000000,0.035083,-0.075462,0.036156,0.002240,-0.018606,-0.027845,0.025424,-0.052991,-0.017799,0.106154,0.091677,0.094723,-0.121092,0.017217,-0.030148,-0.003817,0.053958,-0.060788,-0.090758,0.022097,0.066332,0.058919,-0.055158,-0.032539,-0.035996,0.021143,-0.031177,-0.114368,0.008552,-0.018963,0.046895,-0.027756,-0.042476,-0.026143,0.044109,0.009019,-0.002051,0.025640,0.049782,-0.064561,-0.017989,-0.013897,-0.018300,0.106569,0.025446,-0.051318,-0.053558,-0.073354,-0.036042,0.001353,0.019831,-0.004063,-0.014864,-0.009540,0.011390,0.063062,-0.073256,-0.021058,-0.044407,-0.020481,0.093163,-0.096432,0.062158,0.058653
-0.008882,0.087259,0.009739,-0.042914,0.001090,-0.017963,0.068597,-0.038444,-0.094566,0.011768,0.103811,0.027367,0.032954,0.014197,-0.037673,-0.056362,0.030395,-0.056485,-0.034632,0.060890,0.006676,0.033811,-0.031692,0.037107,0.014901,0.124363,0.040030,0.039594,0.081612,-0.071370,0.009885,-0.014901,0.020473,-0.062885,0.026878,0.024529,0.044616,-0.132838,0.034023,0.008421,0.029251,-0.011315,0.023956,0.124481,-0.015446,0.026644,0.011980,0.021686,0.110543,-0.014369,0.099206,0.043737,-0.045449,0.000831,0.000160,-0.023218,0.026576,-0.025960,-0.017507,0.041486,-0.049041,-0.046616,-0.023608,0.021211,-0.088089,-0.017196,-0.064045,-0.046759,-0.000626,-0.039341,-0.029915,-0.002096,0.069702,0.088571,0.027156,0.039341,0.065708,0.020833,0.014382,-0.058194,-0.035201,0.000580,0.023927,0.002139,0.023460,-0.025634,0.052715,-0.002090,0.078978,0.030561,0.031909,-0.047931,0.069048,-0.012020,-0.086985,-0.076143,-0.062990,0.006106,-0.095927,0.017177,-0.027341,-0.072861,0.004355,-0.002118,0.009606,-0.096087,-0.043905,-0.056157,0.012756,0.056399,-0.072417,-0.011187,-0.062880,0.043800,-0.068266,0.039208,-0.051372,-0.040740,0.028824,-0.133353,0.012191,-0.015205,-0.019979,-0.086027,-0.029533,-0.040366,-0.034739,-0.000000,-0.044137,0.005253,-0.005807,-0.047734,0.060516,-0.013529,-0.057210,-0.056689,-0.045693,-0.019069,-0.073541,0.029846,-0.073742,0.027813,0.002334,0.053909,-0.081781,0.054920,0.060823,0.011519,0.014731,0.026464,0.021360,0.038402,-0.031176,0.038702,0.011082,-0.036275,0.028303,0.041239,0.003693,0.043495,0.070113,-0.003778,-0.024326,0.017866,0.022472,-0.073186,-0.044872,0.080556,0.021735,0.020536,0.042189,0.069419,0.066342,-0.069187,0.006385,0.004194,0.032760,0.072411,-0.059104,0.043836,0.029747,-0.067913,0.000195,-0.059811,0.040297,0.111566,-0.005384,-0.074236,0.021254,0.072026,0.074193,0.029297,0.019358,-0.014096,-0.039339,0.016941,0.046641,0.023172,-0.025665,0.013908,0.014375,0.042795,-0.074500,-0.003963,0.004932,0.037147,0.045102,-0.077527,-0.058538,-0.032374,0.025399,0.044147,0.037061,0.025342,-0.003773,0.013393,-0.010732,-0.017851,0.075704,0.027072,-0.000173,-0.040981,-0.025117,0.000000,0.017093,-0.098442,-0.020973,0.055063,0.019208,-0.031394,-0.000968,0.014533,-0.022340,0.100797,0.067434,-0.044356,0.032873,0.018638,0.043430,0.058614,0.046903,0.026321,-0.043730,-0.037900,-0.106210,0.007136,0.024514,0.068708,-0.010134,0.000161,0.049750,-0.087018,-0.057176,-0.043275,-0.057468,-0.045070,-0.171261,-0.029511,-0.027666,-0.147632,-0.010621,0.008468,0.025150,0.037246,0.022219,-0.028423,-0.016669,0.140367,-0.042202,-0.035706,0.063010,-0.060843,0.014819,0.049656,-0.007326,-0.031419,0.076658,0.024292,-0.095900,-0.041096,0.049458,0.020774,0.039558,0.012668,0.084727,0.021192,-0.072305,-0.030594,0.013995,0.028341,-0.011468,0.034462,0.013218,0.052306,0.097818,-0.105057,-0.020435,-0.060576,0.008856,0.031061,-0.007527,0.010431,-0.018366,-0.029773,-0.034828,-0.087149,-0.021656,0.094142,0.075627,-0.059981,-0.011400,-0.129849,0.019724,0.043007,0.002359,0.068559,-0.074541,0.098468,-0.005611,-0.000000,0.016572,-0.001013,-0.081429,0.050233,0.045774,0.000378,-0.082861,-0.048623,-0.024129,0.107471,0.007649,0.023200,-0.058548,0.039214,0.017931,0.055991,0.001304,0.028306,-0.038730,-0.001769,-0.090150,-0.031164,0.083498,-0.016523,-0.063597,0.057687,0.011481,0.003544,0.064898,0.019604,0.038692,-0.047583,-0.038638,-0.036505,0.025817,0.012018,-0.055772,0.007272,0.043023,-0.057227,-0.047740,-0.033813,-0.052364,0.082949,-0.026856,0.038753,-0.093854,-0.007595,-0.061321,0.028745,0.064468,-0.034639,-0.002338,0.052679,0.034215,0.078395,0.038916,-0.095612,0.081072,0.079453,-0.058474,0.088781,0.046497,0.055491
0.037994,0.050609,-0.017191,0.003952,-0.092503,-0.008235,0.044051,0.029886,-0.032957,-0.029904,0.114148,0.029193,0.015369,0.025828,0.022539,0.044773,0.025380,-0.056276,0.075967,-0.003473,-0.007442,0.003831,0.009849,0.026879,0.102147,-0.049618,-0.018855,0.061299,0.044710,-0.078341,-0.033922,0.080823,-0.003065,-0.003488,0.035132,-0.024482,-0.033037,-0.034018,-0.007202,0.013939,-0.045526,0.010245,0.027002,0.015590,-0.049478,0.048671,-0.098848,0.001590,0.012127,-0.028141,0.039286,0.014328,-0.062820,0.024837,0.129557,-0.017766,-0.032556,-0.016355,-0.005863,0.092856,-0.016567,-0.001733,-0.101451,0.123654,0.011845,0.024422,-0.017641,-0.113596,-0.006192,-0.006505,-0.002758,0.009889,0.069816,-0.091891,0.046335,0.038456,0.007794,0.023917,0.042272,-0.055922,0.040439,-0.024177,-0.010915,-0.047464,0.072296,0.046509,0.050956,0.005230,0.059867,0.037613,-0.074864,-0.025618,0.062527,0.095153,-0.084344,-0.077817,0.006883,-0.041074,-0.023073,0.055655,-0.025681,0.001201,-0.025211,0.076778,-0.046884,-0.051290,-0.027633,0.005006,-0.034495,-0.024007,-0.004038,-0.037972,0.054602,0.050928,-0.030843,0.074525,-0.122581,-0.006392,0.065709,-0.000411,0.063026,0.042139,0.042221,-0.014776,-0.082139,-0.051286,0.036461,-0.000000,0.037201,-0.041473,0.109728,-0.004149,0.022104,-0.063718,-0.061041,0.006065,-0.027834,-0.053510,-0.085101,-0.028424,-0.026143,-0.040677,0.043760,0.044326,0.039978,0.037054,-0.016216,-0.035384,0.012543,0.070982,-0.007528,0.001333,0.001672,-0.032932,0.069701,-0.002330,0.061635,0.069037,0.002428,0.041448,0.009495,-0.005955,0.016574,0.038658,0.012480,0.003488,0.070767,0.002774,-0.046743,0.013028,-0.040799,-0.038388,-0.042019,0.037162,0.012078,-0.012420,0.001003,0.062394,-0.007591,0.005593,-0.005231,-0.058692,0.029146,-0.049824,0.012645,0.033508,0.024661,0.030742,0.016748,0.019672,0.073817,0.054829,-0.001212,0.011379,-0.015518,-0.023022,-0.027407,-0.010928,-0.043374,0.029025,-0.011937,0.067718,-0.034457,0.008572,0.036354,0.049504,-0.023817,-0.039144,-0.066623,0.035294,0.008332,0.087887,-0.035162,0.055649,0.102844,-0.000104,-0.025127,0.020063,-0.027178,0.032500,0.012296,-0.045280,-0.153175,0.000000,-0.068958,-0.056106,-0.040458,0.037155,-0.027433,0.019880,0.026254,-0.018406,-0.057130,0.086713,0.133352,-0.058778,-0.113286,-0.018729,0.040847,0.084911,-0.052328,-0.096813,-0.001944,0.028815,-0.003871,-0.028000,-0.060771,0.086460,-0.007165,0.008670,0.038693,-0.005844,-0.017608,0.002036,-0.014473,-0.107823,-0.070209,-0.015696,-0.082959,0.027974,-0.046401,-0.019101,0.010610,0.017032,0.032612,-0.059019,-0.082400,0.237482,-0.066244,-0.027731,0.038214,-0.070609,-0.017521,-0.091793,-0.034433,0.024646,-0.044719,0.036380,0.007369,0.036841,-0.003851,-0.078489,-0.023865,-0.039085,0.163452,0.028262,0.047097,-0.072690,0.024220,-0.009412,0.016936,0.018269,0.021776,0.058541,0.050987,-0.020349,-0.032104,-0.038831,-0.000374,0.009054,0.054832,-0.079134,0.017258,-0.102266,-0.071369,-0.049131,-0.005923,0.133852,0.043716,-0.069289,-0.028464,-0.057094,0.072836,0.026258,-0.020015,0.026940,0.024431,-0.043314,-0.057423,-0.000000,0.040580,0.055334,-0.050566,0.024711,0.063575,0.010760,0.089412,-0.033874,-0.040985,0.040338,0.070480,-0.121663,0.038418,-0.093801,-0.022317,-0.053599,-0.025465,-0.077190,-0.053312,0.015111,0.022152,0.066544,0.037883,-0.002238,0.009838,-0.020185,0.029877,-0.044222,0.062730,-0.034968,-0.001468,0.075629,0.004511,-0.038891,0.059788,0.019570,0.003384,0.006979,0.045074,-0.069773,0.011749,-0.040017,0.054424,0.081332,0.041367,0.086777,-0.066567,-0.016790,0.038710,-0.143724,0.016014,0.009706,-0.049668,-0.013198,-0.009702,0.007462,0.035823,0.021447,0.015121,-0.031807,0.031256,0.049413,0.053910,0.003842
-0.115051,-0.008885,0.060408,0.084834,-0.048104,-0.042449,-0.114694,-0.027117,0.036016,0.049543,-0.075025,0.030968,-0.041224,0.064162,0.009408,0.010039,-0.020365,-0.052235,-0.058228,-0.045547,-0.076270,0.026162,-0.006199,-0.014335,0.041991,-0.007683,-0.034681,0.019904,0.054957,-0.015954,-0.079126,0.044889,-0.053799,0.018293,0.076919,0.030686,-0.041087,-0.027290,-0.011482,0.028058,0.072023,-0.117277,-0.042898,-0.087872,-0.046511,0.009315,-0.034060,-0.015694,0.001968,-0.004537,-0.018945,-0.021712,-0.057622,-0.096968,-0.014138,-0.045509,-0.023787,-0.038349,0.097131,0.086719,0.002254,-0.000661,-0.078434,0.036360,0.026263,-0.019310,-0.037763,-0.028616,-0.010893,0.034016,0.019359,-0.027425,0.018778,-0.057739,0.031949,0.002500,0.071579,0.069725,0.093109,-0.082692,0.050247,0.002720,-0.009337,-0.053077,-0.018282,0.003717,0.027916,0.015176,0.085551,-0.067800,0.029524,-0.022930,-0.033375,0.092455,0.032069,0.138777,-0.062473,0.066121,-0.050254,-0.009168,0.010604,0.039316,-0.051744,-0.056513,-0.096234,0.001092,0.008923,0.031318,-0.024067,-0.004351,-0.012424,0.028122,-0.031079,-0.075898,-0.125749,-0.041936,-0.025340,-0.076410,0.026164,0.042139,-0.051888,-0.048264,-0.071748,0.026433,0.013210,-0.016226,0.023550,-0.000000,-0.012758,0.000017,-0.055658,-0.050242,-0.052420,0.054019,0.008581,-0.028987,-0.028867,0.048030,0.051822,0.048015,-0.095083,0.030639,0.039734,-0.099321,0.015415,-0.012789,0.020456,0.039411,0.030248,0.003558,-0.041135,0.040793,0.034386,0.061841,0.041790,-0.032853,-0.072560,0.026864,0.026678,0.036922,0.029766,0.003915,-0.069312,0.047177,-0.011356,0.010870,-0.037905,-0.048779,0.049191,0.014939,-0.138566,0.020613,0.010161,0.037971,0.031339,-0.022742,-0.004943,-0.081003,-0.010899,0.170933,-0.083449,0.040763,0.051078,-0.022437,0.031404,-0.022582,0.036282,0.024669,-0.063634,0.060500,0.017504,0.035056,-0.001240,0.056272,0.040395,0.025500,-0.062828,0.054572,-0.003121,0.031228,0.000386,0.040372,-0.069898,0.001386,-0.011422,0.104931,0.128886,0.086747,-0.009771,0.005294,-0.023646,0.002378,0.032946,-0.100692,0.012564,-0.018149,-0.015912,-0.006606,-0.028324,0.049545,0.015368,0.011244,0.060175,-0.000000,-0.005243,0.037106,-0.014911,0.057297,-0.061052,-0.028858,0.088425,-0.030561,0.055634,0.121875,0.022903,0.058838,0.009307,0.041236,-0.045040,-0.022744,-0.045792,-0.040712,0.058184,-0.001905,-0.012078,0.104003,-0.049521,0.110248,-0.000054,0.036694,-0.012707,-0.031683,-0.119532,0.004031,-0.037688,0.008062,-0.038838,-0.003887,-0.065880,0.023880,0.033717,0.002275,-0.022136,-0.051785,0.070629,0.040724,-0.030310,-0.022376,-0.033928,-0.049438,0.073898,0.008044,0.056397,-0.012297,0.007191,0.093027,-0.047638,-0.024007,-0.090851,0.014128,-0.035652,-0.064962,-0.041930,0.008421,0.035509,0.071069,0.056659,0.013886,0.042073,0.046163,0.032621,-0.070498,-0.000158,0.002510,0.003459,-0.072306,-0.013640,0.005205,0.002639,0.025726,0.006146,-0.000832,0.015103,-0.042752,0.066385,0.016676,-0.024559,0.003811,0.045406,0.031174,-0.014134,0.022483,0.025891,0.087917,-0.130536,-0.035680,-0.063125,0.017119,0.014570,-0.000000,-0.016311,0.059110,0.000314,0.026348,0.087426,-0.096616,-0.002128,0.082130,0.029347,0.078884,0.074995,0.014969,-0.021203,0.004981,-0.030519,0.089032,-0.005006,-0.005041,0.024062,-0.089191,0.049981,0.083522,0.073716,0.020562,-0.012631,-0.005160,-0.035645,0.055119,-0.045690,-0.012645,-0.003726,-0.007006,0.063411,0.026356,0.023136,-0.007464,-0.064793,0.026118,-0.029736,-0.009104,-0.104849,0.017749,0.047572,0.012279,-0.128801,0.012398,-0.116900,0.008380,0.004913,-0.062507,-0.063245,-0.030848,-0.045835,-0.031675,0.147864,0.006656,-0.039174,0.031524,-0.042466,0.000947,0.003044,-0.142107,-0.083531,0.023476
0.067970,0.004728,0.008848,0.048892,0.059490,0.038447,-0.060253,0.001798,0.018664,0.027807,-0.012652,0.082502,-0.033375,0.033032,0.087952,-0.052187,-0.099029,-0.052769,-0.052640,-0.057228,-0.029324,-0.001301,0.083312,-0.043209,-0.018888,0.040715,0.043634,-0.074086,-0.002401,0.007684,0.085932,0.093363,0.049935,-0.037396,0.031210,0.023226,-0.025470,0.009313,0.015111,0.030450,-0.018437,-0.013401,0.013105,0.028605,-0.049631,0.001893,-0.014395,-0.008752,-0.021991,0.028717,-0.057996,0.024831,0.006041,-0.053677,0.075906,-0.000300,0.013661,-0.016267,0.002103,0.005150,-0.097372,-0.036647,-0.052646,-0.030267,0.060961,0.057804,-0.045718,0.019768,-0.069726,0.082047,-0.024847,0.013621,-0.006924,0.013332,0.074713,0.035135,0.062639,0.030665,0.058432,0.035276,0.032726,0.033684,-0.003477,0.071044,0.012271,-0.019848,0.034067,-0.053686,0.033013,-0.009052,-0.030210,-0.060151,-0.029859,-0.028756,0.009211,0.118197,-0.057406,-0.062404,-0.003741,-0.039495,-0.072407,-0.007196,0.045115,0.053324,-0.000230,-0.082629,0.010972,0.033418,0.028939,-0.024376,-0.017479,-0.005776,0.117829,0.059334,0.067352,-0.039497,-0.028309,0.025735,0.008241,0.037760,0.025842,0.036724,-0.040105,-0.018303,-0.042141,-0.062226,-0.062357,-0.000000,-0.018095,0.059392,0.056108,0.114391,-0.034654,-0.010301,-0.008769,0.046668,0.072086,0.013784,-0.021736,0.008495,0.002040,0.140237,0.077157,-0.083556,-0.076049,0.074706,0.006917,-0.038543,-0.001248,-0.032513,0.031607,-0.057486,0.089273,-0.028600,0.060661,0.010302,-0.053049,-0.015105,-0.035270,0.067162,-0.121770,-0.019549,-0.006862,0.016082,-0.038642,-0.049641,-0.005025,-0.018722,-0.068988,0.034720,-0.015551,-0.001690,0.079892,0.019036,0.014599,-0.006524,-0.101174,0.031917,-0.074699,0.028954,0.117828,-0.035142,0.006813,-0.031036,-0.011773,-0.043276,-0.013794,-0.015398,-0.061990,0.008501,-0.078314,0.004082,-0.006707,0.087836,-0.009430,0.043566,0.021122,-0.000401,-0.000059,0.020789,-0.001285,0.020567,-0.126322,-0.014599,0.038909,-0.003764,0.034966,-0.028063,-0.038939,0.046959,0.046869,-0.029207,0.106240,0.035236,0.096006,-0.000218,-0.020370,0.010402,-0.006714,-0.029915,0.062410,0.023253,-0.007272,0.000000,-0.072410,-0.062263,0.053339,0.006100,0.075549,-0.055555,0.010865,-0.100064,0.041048,0.041795,-0.014777,0.013340,0.031911,0.022447,-0.021304,-0.024875,-0.018534,0.023957,0.041355,-0.064772,-0.026580,0.008851,-0.076586,0.038604,-0.000840,0.026839,-0.085527,-0.068483,-0.076343,0.017215,-0.091027,-0.048397,-0.129013,-0.038662,-0.030796,-0.003213,-0.016906,0.011788,-0.010505,0.020556,-0.027280,-0.078068,0.019044,-0.054453,-0.027848,-0.008669,0.107975,0.023519,-0.113070,-0.002973,-0.009540,0.022360,-0.085226,-0.093094,-0.015981,0.054164,0.126096,-0.030342,0.130570,0.003590,-0.039358,0.065349,0.052512,-0.030099,-0.003939,-0.005179,-0.034037,-0.020468,-0.037307,-0.003953,-0.046555,-0.025549,-0.087746,0.084053,-0.081672,-0.037965,-0.019509,-0.028305,-0.058322,0.026824,0.041660,-0.076487,-0.013203,-0.046171,-0.048613,0.002800,-0.036493,0.037865,0.017917,0.008854,-0.153238,-0.083158,-0.013939,0.022509,-0.058128,-0.000000,-0.017226,0.010427,0.066083,-0.008837,0.069781,-0.004143,0.049581,0.035567,-0.004433,0.049084,0.056526,0.098877,-0.028189,0.084760,0.054319,-0.014598,0.079533,0.020811,-0.060936,-0.001201,-0.001771,0.017210,-0.065281,0.022742,0.050159,0.025629,-0.014140,0.094119,0.021206,0.096814,0.038199,-0.081738,0.005945,0.003257,-0.027501,0.009361,-0.017508,-0.064241,0.107199,-0.094092,-0.092074,0.093048,-0.000764,0.106000,-0.056365,0.016725,-0.043585,-0.005515,-0.044463,-0.060061,-0.043784,0.012860,0.027743,0.017249,0.159725,0.039158,0.016552,-0.068435,-0.019398,-0.024469,0.056893,0.050381,0.065778,0.016043
0.032337,-0.028523,-0.074964,0.052595,0.042442,-0.036556,-0.045517,0.009474,0.034833,-0.003077,-0.063518,-0.003391,-0.017612,0.017263,0.047193,-0.064485,0.068804,-0.119246,-0.021780,-0.029519,-0.043750,-0.020789,0.035478,-0.012359,0.006543,-0.004802,-0.058824,-0.040055,0.067617,0.031736,-0.052452,0.078320,0.036023,0.002429,0.115611,-0.005301,0.024228,0.013713,0.029565,0.070571,0.016080,-0.060611,-0.081278,0.021805,-0.041990,-0.038560,0.016895,-0.001676,-0.044603,0.004766,-0.013504,0.084434,-0.027700,-0.029095,0.023787,-0.005605,-0.004204,-0.085448,-0.031683,0.036773,-0.087102,-0.059380,-0.024844,-0.027467,0.039728,-0.030463,0.008676,0.084350,-0.044004,-0.037748,0.031805,0.029428,-0.036237,0.002223,-0.009785,-0.024662,0.115627,-0.007501,0.046000,0.029338,0.096920,0.008486,-0.044227,-0.059230,-0.076239,-0.045775,-0.019352,-0.006094,0.006861,-0.070354,0.000146,0.025292,-0.034581,-0.011273,-0.024151,0.082597,-0.022468,0.035754,0.058417,-0.090156,0.079474,0.049793,0.061497,-0.054496,-0.138004,-0.038138,-0.046470,0.140526,0.004502,-0.009513,-0.025910,-0.040108,-0.016903,0.012683,-0.027603,0.049863,-0.031806,-0.112359,0.002745,0.059210,-0.057218,-0.043535,-0.051912,0.010304,0.028352,-0.038465,-0.030333,-0.000000,-0.090169,-0.074264,0.024400,-0.104216,-0.056775,0.023884,-0.082270,-0.037037,0.016317,-0.047136,-0.042654,0.035696,-0.014453,0.063258,0.035376,-0.083509,0.053372,0.087011,0.026263,-0.038103,-0.060397,-0.060107,0.007707,0.052586,0.022807,-0.008211,0.061511,0.031355,0.070194,-0.006599,0.010776,0.045989,-0.001933,-0.003916,-0.045957,0.053733,0.011341,0.001353,-0.034471,-0.037639,-0.016169,0.071698,0.014086,0.019016,-0.011732,0.062010,0.017055,-0.022541,-0.093759,-0.028235,-0.035377,0.081815,-0.008981,0.029266,0.050737,0.008780,0.002759,-0.044801,0.021527,0.048204,-0.148478,0.026591,-0.043634,0.015662,0.045190,0.044860,0.018763,0.007787,0.017821,0.089217,0.025428,-0.023387,0.035851,0.090703,0.026578,0.004420,0.033205,0.041659,0.005547,0.043705,-0.097537,-0.079254,0.010585,-0.004140,0.028123,-0.076554,-0.040264,0.073396,0.029425,0.020120,-0.067829,0.043634,-0.040646,0.015693,0.018983,-0.000000,0.027703,0.045710,-0.043629,0.034353,0.040769,0.036553,0.026084,-0.147170,0.064701,-0.011926,-0.132022,0.105318,0.018127,0.057899,-0.084864,-0.024568,0.009829,0.000231,0.085703,-0.041803,-0.095795,-0.005349,0.060266,0.009397,-0.048669,0.048474,-0.125260,-0.038721,0.002180,0.014384,0.015132,-0.065025,-0.035564,-0.015018,-0.035094,0.061042,0.063762,0.056562,-0.015225,0.046515,-0.016613,-0.008352,0.008370,0.005438,0.011046,-0.023515,0.076135,-0.080799,0.055946,-0.039410,0.027316,0.019077,-0.049343,-0.017553,-0.062554,0.036116,0.039866,0.043565,-0.084588,-0.061281,0.058773,0.079141,-0.013004,-0.005235,0.049282,0.017318,0.090077,-0.094594,0.049366,-0.028527,0.052450,-0.040749,0.020842,0.094595,-0.098070,0.093023,-0.041767,-0.013526,0.065970,0.001931,-0.055511,0.008412,-0.014900,-0.046766,0.010114,-0.026759,0.015590,-0.062658,-0.032969,0.047454,-0.094089,-0.020923,-0.047539,-0.019351,-0.052917,-0.000000,0.001680,-0.014037,0.040352,0.060513,0.019476,-0.045608,0.046692,0.105102,0.066972,0.121697,0.040069,-0.024462,0.023961,-0.010269,0.026533,0.039569,-0.039303,-0.013875,-0.028669,-0.039976,0.057449,0.054295,-0.002369,0.041652,0.021411,0.007097,0.005769,0.027404,-0.027878,-0.003450,0.019328,-0.037705,0.029487,-0.013027,0.153062,-0.080116,-0.113591,-0.018899,0.008481,-0.081856,-0.032269,-0.015878,0.000095,-0.004688,0.049019,0.011584,-0.152445,0.095619,0.003336,-0.042495,-0.014837,-0.041393,0.032819,-0.018942,0.117675,-0.034024,-0.016549,0.019311,0.035420,0.013768,-0.023653,-0.017792,-0.009510,0.013385
-0.022718,0.023150,0.076004,0.027848,0.050696,-0.027464,-0.160501,0.013216,-0.000756,0.018142,-0.016579,0.059347,-0.117297,-0.007666,0.086549,-0.110382,-0.010165,0.046005,0.013669,0.028382,0.013958,-0.026155,-0.069150,0.006444,0.086591,-0.073681,0.059513,0.053811,-0.009457,-0.013435,-0.075181,0.045973,0.001946,-0.018136,0.016132,-0.005424,-0.107193,0.025633,0.007504,-0.009908,0.011694,-0.059274,-0.034415,0.026948,-0.039411,-0.083858,0.098053,-0.029100,-0.049291,0.047896,-0.002254,0.032213,-0.071751,-0.040464,0.033814,-0.057041,-0.011073,0.031124,0.034111,0.035146,-0.051515,-0.098797,-0.020210,-0.004226,0.069162,0.089213,0.028466,0.024167,-0.045320,0.038638,-0.009426,0.011418,-0.099092,-0.045140,-0.017399,0.017926,0.132036,-0.009753,0.025993,0.008196,0.010858,0.048637,-0.030846,-0.058845,-0.027377,-0.055920,0.021451,0.036909,0.070262,-0.114255,0.087927,-0.053045,0.044078,0.011121,-0.094034,0.043662,-0.029586,-0.050200,0.021170,-0.013351,0.053978,0.020213,-0.005873,0.006295,-0.043600,-0.039986,-0.023626,0.005344,-0.012807,0.029371,-0.029636,0.055761,-0.000965,-0.075544,-0.088368,-0.001685,-0.016246,-0.087242,0.040232,0.025563,0.040797,0.043868,0.013387,0.037076,-0.004371,0.016081,-0.021700,0.000000,-0.076646,-0.016782,0.004566,-0.075999,-0.040415,0.010011,-0.020499,-0.027190,0.022935,0.009989,0.040642,0.092965,-0.064941,0.016152,0.016979,-0.130197,0.029634,0.046095,0.175054,0.011254,-0.075732,-0.087544,-0.005892,0.026763,0.045120,0.005175,0.088771,-0.002144,0.003415,0.001152,0.042833,0.032452,-0.044313,0.000208,-0.028783,-0.011923,-0.063091,0.016206,-0.033660,-0.055450,-0.026775,0.035228,-0.023977,0.063943,0.067497,0.008253,0.104706,-0.036015,-0.035734,-0.047850,-0.034088,0.125492,-0.061150,0.013999,0.029614,-0.024827,0.026259,-0.172469,-0.005857,-0.025022,-0.024843,0.033232,-0.003167,0.008416,-0.076516,0.120314,0.016545,0.049650,-0.063286,0.008941,0.001209,-0.030032,-0.022818,-0.031917,-0.004087,-0.013259,0.025271,0.099284,0.020398,-0.022597,0.037017,0.030355,0.033578,0.044597,0.041573,-0.052502,0.011047,0.021784,0.026529,-0.013522,-0.019538,0.021016,0.006271,0.072938,0.053681,-0.000000,-0.048540,-0.063856,0.012694,0.059228,-0.018196,-0.076101,0.025741,0.051951,0.042033,0.008365,-0.024110,-0.032249,-0.104313,-0.031848,-0.063532,-0.004217,-0.049904,-0.035673,0.048324,-0.046340,-0.068884,0.046273,-0.109731,0.055735,-0.026509,-0.002386,-0.010011,-0.016312,-0.059121,-0.051455,-0.119533,0.001056,-0.100314,-0.053868,-0.039024,0.070570,0.001234,0.022983,-0.022355,0.106013,0.089023,-0.022709,0.033630,-0.036570,-0.025460,-0.012159,0.037941,0.012403,0.031035,0.068204,0.004077,0.089900,-0.037065,-0.088159,0.019457,0.008906,0.030988,-0.020509,-0.035804,0.032834,-0.060975,0.031083,0.085409,-0.041455,0.056500,0.040957,0.011575,-0.066615,0.101017,0.021460,0.088411,-0.079003,-0.052326,-0.000468,0.021408,-0.069021,0.004039,0.019682,0.004689,-0.015567,0.035562,0.040180,0.010117,0.038629,-0.043768,0.034231,-0.059564,0.043616,0.012831,0.065073,-0.087055,-0.020582,0.008564,0.031035,-0.060323,-0.000000,0.027841,0.006259,0.067500,0.071403,0.080143,0.011858,0.037043,0.008902,0.024071,0.056634,0.053586,0.037568,0.004148,0.042922,-0.044254,0.051749,-0.012025,-0.023646,0.004924,-0.046721,-0.003531,0.116093,-0.025321,0.013383,0.041937,-0.041326,-0.007505,0.106767,0.014113,0.039312,0.005432,0.056412,-0.048640,-0.009361,-0.019099,-0.079801,-0.013584,0.028593,0.028899,0.047400,-0.101922,0.032833,-0.061289,0.023642,-0.057599,-0.032761,-0.083667,-0.040139,0.030055,-0.023672,-0.009528,-0.015116,0.045772,0.020317,0.115358,-0.009648,0.021001,-0.012251,-0.014588,-0.002756,0.009250,-0.147184,-0.062289,0.017980
0.001530,-0.099256,-0.027754,0.016542,0.070495,-0.044369,-0.087191,-0.068025,0.096769,-0.051976,-0.026088,0.103699,-0.006271,-0.005237,0.064871,-0.042719,-0.003938,-0.070201,-0.030814,0.078223,-0.097267,-0.100019,0.011780,-0.008296,-0.021365,-0.065369,-0.030169,-0.022656,-0.055717,-0.051371,-0.029778,0.021409,0.009857,0.036782,0.050548,-0.023636,-0.080295,0.008488,0.058332,-0.018441,0.018704,-0.051172,-0.060524,0.050211,-0.021319,-0.014550,0.007688,0.040317,0.025334,0.054037,-0.110163,-0.000120,-0.027896,-0.065578,-0.007455,0.128766,-0.015939,0.050229,0.062930,0.039689,0.007847,0.000580,-0.028341,0.089472,0.051957,-0.000509,-0.029883,0.099049,-0.078748,-0.045474,0.011881,-0.055262,-0.035989,0.046372,-0.054441,0.084651,0.063343,-0.066811,0.031987,0.014047,-0.042261,-0.048290,0.006592,0.011604,0.010267,-0.003582,0.030428,0.031860,0.106044,-0.104648,-0.032618,-0.008291,-0.017214,0.006576,-0.038002,0.037861,-0.010432,0.118774,-0.011457,0.001783,0.030773,0.040608,-0.043573,0.015189,-0.047034,-0.082802,0.011420,0.025423,0.009579,0.029847,-0.081156,0.020427,0.064165,0.030586,-0.093516,-0.070566,-0.074330,-0.019872,0.029938,0.012963,0.000104,0.043705,-0.079352,-0.038593,-0.035023,0.014635,0.006708,-0.000000,-0.023676,0.031591,0.060294,-0.082013,-0.108297,0.014394,-0.044553,-0.008848,-0.046123,0.002872,0.050413,-0.012858,-0.067576,0.045429,0.036495,-0.035101,0.003300,0.062680,0.081075,0.000292,0.047943,-0.112524,-0.036084,-0.001878,-0.023730,0.029468,0.005491,0.041000,0.129140,0.025720,0.003939,0.016558,-0.018178,0.008980,-0.048733,-0.013162,-0.056063,-0.003857,0.007890,0.008248,-0.058170,0.064645,-0.075276,-0.030900,-0.015918,0.047527,0.085431,-0.005670,-0.052586,0.012366,0.008554,0.065424,-0.063499,-0.012080,-0.032504,-0.024662,0.016494,-0.138447,-0.050413,0.017355,-0.057544,-0.054705,-0.059774,-0.082727,-0.035625,0.124836,0.052034,0.048386,-0.101045,0.068420,0.069500,0.009828,-0.074641,0.012523,-0.002255,-0.047270,0.032011,0.077679,0.130138,-0.036829,-0.050492,-0.040063,0.020763,0.042138,0.059162,-0.020448,0.030751,0.030842,-0.016562,0.073261,0.043091,0.014097,0.007678,0.037246,-0.017174,0.000000,-0.020424,-0.044129,0.017325,0.041604,-0.046712,0.007581,0.003470,-0.004112,0.049560,0.092161,0.045780,-0.014705,0.000598,0.031215,-0.023927,-0.002489,0.070740,0.005714,0.010047,-0.072209,-0.005721,0.046676,0.001777,0.099834,-0.010839,0.010779,-0.060899,0.013457,-0.002733,-0.015468,-0.009827,0.014279,-0.078707,-0.048526,0.006305,0.058116,-0.035249,0.028747,0.021922,0.044745,-0.015607,-0.059027,-0.081092,-0.013305,0.007108,-0.021285,0.055788,-0.018411,-0.037510,0.016723,0.002277,0.056388,-0.035874,-0.120077,-0.087558,0.112951,0.125432,0.073048,-0.039151,-0.007499,0.067445,0.033093,0.001209,-0.048705,0.051522,0.081036,0.104266,0.021530,0.020596,0.035641,0.033417,-0.059272,-0.015883,-0.037752,-0.087623,-0.019704,-0.045618,-0.053211,-0.007605,-0.049032,0.008095,0.086039,0.065174,0.062525,-0.008758,0.060839,-0.054582,-0.020952,-0.044642,-0.028966,-0.071638,-0.056097,0.049555,0.057507,-0.056594,-0.000000,-0.024296,0.016253,0.071901,0.085234,0.026174,-0.003886,0.081533,-0.004518,0.095861,-0.007563,0.017344,-0.032694,-0.110724,0.077253,0.051326,0.001156,-0.030933,-0.029612,-0.026465,-0.007932,-0.041311,0.124839,0.023753,0.048812,0.037427,0.031574,-0.007951,0.046180,0.079453,-0.001516,-0.032624,-0.073029,-0.019060,-0.034987,-0.050884,-0.037217,0.013300,-0.016177,-0.000121,-0.032674,-0.043203,0.032010,-0.012419,0.063641,-0.029928,0.048945,-0.063368,-0.000542,0.108600,-0.027039,-0.022894,-0.053547,-0.017076,0.015132,0.079169,-0.045908,-0.010462,-0.037762,0.035981,0.001352,0.059150,-0.090963,0.023994,0.033006
0.018492,-0.033226,-0.003379,0.019763,0.122705,0.030143,-0.006497,-0.015203,-0.004128,-0.044036,0.005619,0.123917,-0.046918,0.005253,0.082094,-0.099796,0.013524,-0.083135,0.018572,0.007092,-0.099215,0.004159,0.018903,-0.027635,-0.042875,-0.044522,0.019165,-0.013669,0.008845,-0.019606,-0.040062,0.054119,0.042641,0.075560,0.065573,-0.032068,-0.021362,0.008003,0.041667,0.042750,0.004417,-0.088204,-0.040074,0.025816,-0.017413,-0.022915,-0.011031,0.000186,0.038272,0.038490,-0.058012,-0.013287,-0.003987,-0.026279,0.057288,0.055231,-0.027552,0.057423,0.022027,-0.004127,-0.008268,-0.023121,-0.042631,0.062893,0.029775,-0.044188,-0.045814,0.051006,-0.044760,-0.019067,0.026732,-0.021185,-0.033035,-0.008315,-0.041580,0.015960,0.099282,-0.014915,0.110513,0.000595,0.014443,-0.063029,-0.046584,-0.029777,-0.025441,-0.021150,0.028830,-0.011224,0.088834,-0.086288,0.009994,-0.020622,-0.075667,0.048228,-0.031741,0.044109,-0.064890,0.074885,-0.007407,0.037684,0.036168,-0.012110,-0.048579,0.004647,-0.067035,-0.065250,-0.016112,0.079044,0.048749,0.016647,-0.068126,0.060550,-0.002210,0.002341,-0.042557,-0.056339,-0.032803,-0.072765,0.052879,0.049109,-0.007762,0.066389,-0.044134,-0.016871,-0.079460,0.015240,-0.021531,-0.000000,-0.131452,0.050899,0.034703,-0.096720,-0.107385,0.003833,0.021455,0.031183,-0.004726,-0.028921,0.018583,0.025696,-0.091938,0.051795,0.051606,-0.069105,-0.038838,0.047568,0.129512,0.013956,-0.014104,-0.017425,-0.020779,0.048791,0.017130,-0.024356,-0.007230,0.009988,0.075036,0.054654,0.065773,0.056574,-0.071367,-0.024959,-0.048160,0.017323,-0.047738,-0.022569,-0.029630,0.032158,-0.098764,0.060355,-0.003872,0.029909,0.066334,0.053408,0.004891,-0.051428,-0.089783,-0.031166,-0.028361,0.058931,0.005924,-0.015897,-0.017487,-0.056660,-0.035633,-0.100388,-0.083797,-0.030635,0.006533,-0.031475,0.021641,-0.004138,-0.065861,0.164427,0.050705,0.028399,-0.110221,0.080131,0.021923,-0.007469,-0.079708,0.035720,0.031272,-0.008210,-0.004442,0.068906,0.107047,-0.056706,-0.027788,-0.034589,0.023564,-0.001767,0.085362,0.008610,0.032936,-0.087981,0.070620,-0.015237,0.029583,0.009910,-0.036359,0.115571,-0.006313,0.000000,0.006678,0.036184,-0.036764,0.055179,-0.051337,-0.048699,-0.011309,-0.012277,0.027811,0.105083,-0.075946,0.008423,0.040315,0.059172,-0.061463,-0.026395,0.045612,-0.044934,0.003774,-0.070568,-0.053440,0.094462,-0.024526,0.073084,-0.009633,0.014256,-0.057519,-0.004432,0.010700,-0.034754,-0.090835,0.006043,-0.073933,-0.017967,-0.052677,0.057062,0.008432,-0.021867,-0.004603,0.070697,0.002383,-0.055388,0.027411,-0.005832,-0.023840,0.020738,0.106767,0.061461,0.026805,0.008944,0.072441,0.050079,0.043601,-0.072865,-0.083096,0.057594,0.069039,0.015521,-0.092705,0.026724,-0.004847,0.093593,-0.027934,-0.014251,0.026372,0.054976,0.040308,-0.041365,0.002640,-0.064886,0.054849,-0.064294,-0.147253,0.002935,-0.158558,0.026778,0.001894,-0.016439,-0.038094,0.023349,-0.029397,-0.016194,0.042972,-0.029187,-0.017152,0.063169,-0.050497,-0.011384,-0.049370,-0.002491,-0.104706,-0.054560,-0.046140,0.018297,-0.048833,-0.000000,-0.038819,0.008961,0.061293,0.088126,0.056111,0.013087,0.081564,0.064029,0.075638,-0.023989,0.023555,0.101755,-0.024228,0.088898,0.033688,0.058518,0.020373,-0.051669,-0.018672,0.013985,-0.006710,0.100333,0.026027,-0.038360,-0.037116,0.028226,0.007065,0.017589,0.052082,-0.013536,-0.048794,0.019118,0.024352,0.003052,-0.009749,-0.019737,-0.040235,-0.006220,0.014687,0.003592,-0.027841,0.058860,-0.058239,0.020153,-0.096496,0.023958,-0.041983,0.052817,0.035884,-0.022807,0.019572,-0.060030,0.036872,-0.033839,0.076893,-0.059490,-0.036121,-0.048991,-0.029286,-0.011393,-0.009880,-0.113701,0.031413,0.098500
-0.056543,0.005191,0.052131,-0.053038,0.057433,0.011828,-0.153286,-0.082865,0.025878,-0.004277,-0.076154,0.042630,-0.087864,0.031084,0.059472,-0.007190,-0.057688,0.004422,0.015296,0.108497,0.004221,-0.054312,0.004937,0.007550,0.003665,0.034296,-0.009979,0.013767,-0.016540,0.014152,0.034251,0.039557,-0.012989,-0.008248,-0.018281,0.075726,-0.001792,0.018381,0.014279,-0.062700,0.027134,-0.059123,0.010797,0.007194,-0.027242,-0.016403,0.053673,-0.021552,-0.129940,0.038475,-0.041951,-0.080258,-0.042581,-0.052596,0.018182,0.064062,-0.017721,-0.042015,0.076820,0.002502,-0.039305,0.027657,0.001955,-0.000970,-0.017826,-0.040906,0.015841,0.087594,0.031567,-0.018354,0.012382,-0.041094,-0.025190,-0.084699,0.040786,-0.002862,-0.022592,0.029494,0.057297,-0.089291,0.032556,-0.057766,-0.001560,-0.013295,0.004607,0.057356,-0.010413,-0.049084,0.002160,0.002438,-0.012381,-0.025168,0.085287,0.002902,-0.061317,0.109721,-0.064788,-0.081199,0.095310,0.037257,-0.039283,0.111827,-0.066491,-0.020396,-0.044323,-0.003810,-0.040374,-0.045660,-0.077975,0.028264,0.014758,-0.025227,0.038682,0.065767,0.017825,0.011841,-0.080477,0.022088,-0.036154,-0.010499,0.062639,0.049702,-0.019597,0.048035,-0.010748,0.040169,-0.056146,-0.000000,0.043796,0.082530,-0.029932,0.058825,0.047974,-0.025355,-0.026895,-0.027551,0.074010,-0.092901,-0.010478,-0.003567,0.015969,0.033590,0.071994,-0.068348,-0.001797,0.068692,0.039984,-0.038971,-0.002006,-0.029051,0.002289,-0.028347,0.054804,0.052044,0.048213,0.028915,-0.015260,-0.034735,-0.012084,0.001553,-0.057715,0.027346,0.018667,0.032655,0.011018,-0.062155,0.072276,0.017708,-0.041531,-0.008008,-0.116834,0.020224,0.084773,0.017177,0.128097,0.018476,-0.009769,-0.020117,0.121999,0.034331,-0.000660,-0.100565,0.059183,-0.012223,0.034491,-0.055620,0.017810,0.007800,0.038280,-0.036932,0.013608,0.040161,-0.046206,0.061337,0.028571,0.061181,-0.017220,-0.057741,-0.015779,-0.050272,0.038303,-0.019169,0.012618,-0.001413,0.017550,-0.013530,0.063210,-0.002099,0.011357,-0.013213,0.047298,-0.031699,0.128356,-0.016471,0.056525,0.077322,-0.060790,-0.002756,-0.023053,-0.011151,-0.029348,0.072738,0.067797,-0.000000,-0.044393,-0.040151,-0.024819,0.015359,-0.020652,-0.050934,-0.035180,-0.010351,0.119977,0.010346,-0.044168,-0.036328,-0.045279,-0.003595,-0.078500,-0.060644,0.066650,-0.086888,-0.018326,0.047459,0.048357,0.042772,-0.118345,0.054952,0.035734,0.003016,0.020668,-0.088355,-0.009725,0.031218,-0.041379,-0.149705,-0.088958,-0.008890,0.059936,0.036355,-0.030472,-0.043845,-0.026400,0.050797,0.012852,-0.019181,-0.013160,0.062981,0.026142,0.083209,-0.012218,0.073252,-0.036194,0.013162,0.022081,0.098959,-0.116825,-0.113274,-0.031706,0.054834,0.064031,-0.091943,0.013726,-0.030200,-0.022514,0.021217,0.068793,-0.098419,-0.001390,0.045414,-0.041284,-0.077142,0.006712,0.013148,0.105524,-0.048376,-0.087280,0.026286,0.035135,-0.016149,0.031832,-0.027050,0.019313,0.013257,-0.075342,0.031938,0.035218,-0.040442,-0.031722,0.085594,-0.067599,-0.013621,0.023441,-0.056833,-0.065877,-0.052761,0.042938,-0.017061,0.005927,-0.000000,0.002428,0.054370,0.034644,-0.018889,0.039701,0.004319,0.018372,0.002699,0.084462,0.032894,0.032903,0.038512,0.020199,0.073459,-0.037536,0.093139,-0.028301,0.005626,-0.083122,0.013652,-0.011815,0.083368,-0.034280,0.067107,-0.017340,-0.066546,-0.096874,0.031321,-0.010549,-0.008490,0.006599,-0.041158,0.045403,0.040772,-0.011395,-0.014384,-0.101613,0.047050,0.058511,-0.007181,-0.029633,0.078486,-0.004297,0.106561,-0.040260,-0.072638,-0.072012,-0.080703,-0.039263,-0.105794,0.004937,-0.016838,-0.035241,0.032545,0.093295,0.128097,-0.040745,-0.009010,-0.063189,-0.024490,-0.015041,-0.077293,-0.042460,0.007196
0.007368,-0.038155,0.074354,0.053239,0.018935,-0.050048,-0.055389,-0.070170,-0.034932,-0.023458,-0.116073,0.007226,-0.081689,0.007041,0.075662,-0.008672,-0.054586,-0.079358,-0.003063,0.012044,0.021094,-0.027264,0.000427,-0.041925,0.002453,0.004694,0.001745,0.066838,0.009740,-0.090321,-0.010840,0.060236,-0.024494,-0.039079,0.057991,0.063096,-0.040845,0.027129,0.056922,0.091415,0.020201,-0.038711,0.061267,0.004228,-0.045189,-0.005276,-0.041751,-0.043877,0.036552,-0.040409,0.039871,0.027404,-0.035144,0.026120,-0.034165,-0.043304,-0.027860,-0.165853,-0.020134,0.020375,0.029235,-0.005508,-0.023701,0.000445,-0.089044,-0.034536,-0.083425,-0.011798,-0.016360,-0.041897,-0.007507,0.060385,-0.010526,-0.040752,0.044821,0.084388,-0.010052,-0.066269,0.008511,-0.056750,0.079584,0.012450,-0.002963,-0.013280,-0.042443,0.023145,-0.026414,0.006570,0.041356,-0.037994,0.013544,-0.041481,-0.027818,0.037977,0.024221,0.081051,-0.033172,-0.027757,-0.037622,0.039875,0.004748,0.035025,0.016123,-0.018386,-0.011332,0.026912,0.007612,0.005321,0.024505,-0.045750,0.033890,0.023496,0.099183,0.078614,-0.049830,-0.053092,-0.049859,-0.027102,-0.002005,0.021542,-0.026487,0.048511,0.043306,0.029419,0.007488,0.048992,-0.021053,-0.000000,0.039954,-0.020793,-0.036273,0.103515,0.062084,-0.025363,0.049579,-0.003842,-0.016952,-0.072239,0.008325,-0.029029,-0.005237,-0.026819,0.082167,-0.028788,0.094381,0.012789,-0.004552,-0.073404,0.050589,-0.117351,-0.066943,-0.017111,-0.025745,0.011312,-0.001994,0.050099,-0.040103,0.002180,-0.056868,0.044526,-0.039988,0.067305,0.042078,0.046750,0.019222,0.024028,0.010662,-0.022813,-0.067632,0.035328,0.012331,0.049459,0.070735,-0.042576,0.051310,0.061590,-0.016258,-0.004127,0.002917,0.036557,-0.058656,0.003116,-0.005359,0.012685,0.024677,-0.023690,0.072035,0.081227,-0.004290,0.061209,-0.080012,-0.012401,-0.018933,0.033217,0.017047,0.013362,-0.044828,0.048481,-0.022955,-0.027415,-0.072662,0.059994,0.007439,0.004778,0.055413,0.079095,0.113575,0.011066,0.039921,-0.032432,-0.048682,0.084071,0.020903,-0.027674,0.073011,-0.129728,-0.050409,-0.110800,-0.003776,0.008104,-0.059644,-0.084548,-0.053707,0.000000,-0.057155,0.011789,0.009227,0.096211,0.003902,-0.022135,0.147305,0.001722,0.003965,0.029928,-0.086226,0.078135,0.046007,-0.092349,-0.080787,-0.028514,0.017202,-0.103935,0.018062,-0.009208,0.028351,0.060090,-0.074268,-0.012472,-0.054782,0.062882,-0.078650,-0.115759,-0.102884,0.028837,-0.052336,-0.015703,-0.041285,-0.002057,-0.037390,0.013508,0.028556,0.055107,-0.055834,0.096371,0.052201,-0.075174,0.012874,0.027312,-0.036379,0.064455,0.078471,0.001004,0.013678,0.095890,-0.030332,0.053618,-0.151718,0.042585,-0.052595,0.024805,0.035064,-0.001295,-0.026472,0.042590,0.037490,0.064218,-0.049462,0.058776,0.006985,-0.005309,-0.012779,0.077023,-0.028826,-0.065878,-0.044252,-0.083664,0.028173,-0.055505,0.049689,0.035164,-0.004494,-0.022390,-0.019861,0.092153,-0.022784,-0.065935,-0.086234,0.033009,0.132230,0.006805,0.062007,-0.069106,0.041852,0.050975,-0.019717,-0.020163,0.040297,-0.058189,-0.012507,-0.000000,-0.003385,-0.002318,0.071813,0.041391,-0.040084,-0.106239,0.014504,0.093746,-0.006954,0.014418,0.063949,0.029464,-0.029480,0.060571,0.030748,-0.007445,-0.005087,0.013639,-0.078927,-0.017870,-0.033837,0.028052,0.066871,0.043527,0.052928,-0.038934,-0.023719,-0.032668,-0.011606,-0.010579,0.042043,-0.004870,0.015650,0.010815,0.086141,0.104760,-0.094091,0.005078,0.003936,0.050066,-0.139724,-0.021859,0.000084,0.080956,-0.003610,-0.010620,-0.106621,0.070714,0.037614,-0.108346,-0.009420,0.015005,-0.016966,0.010607,0.125993,0.003867,-0.014881,-0.045335,-0.039693,-0.035578,0.057504,-0.027803,-0.019401,-0.029887
-0.006219,0.052809,0.061764,0.056576,0.012642,-0.029791,-0.034287,-0.026748,-0.001315,0.023769,-0.039948,0.038930,-0.016184,-0.006785,-0.017032,0.034318,-0.019815,-0.090055,-0.010885,0.013019,0.001344,0.020454,-0.016055,-0.006025,0.034673,-0.005157,-0.027434,0.047244,-0.003939,0.049769,-0.048691,0.073515,-0.017848,0.011025,0.060675,0.043267,-0.033345,0.028505,0.058770,0.031705,-0.009785,-0.060339,0.045520,-0.076904,-0.044158,-0.017063,-0.010382,-0.066540,-0.023148,-0.051093,-0.021969,-0.027855,-0.061279,0.007813,0.025172,-0.040769,-0.031404,-0.048119,0.035355,0.081704,-0.015865,0.041058,-0.032660,0.047823,0.036987,-0.045231,0.017684,-0.048172,-0.037824,0.009378,0.001163,0.055877,-0.066842,-0.039448,0.094663,0.040961,0.038134,0.097167,0.032066,-0.079141,0.043554,0.008213,0.011041,-0.025291,-0.077770,0.074717,-0.004245,0.026433,0.043219,-0.071384,-0.071389,-0.103857,-0.034815,0.053321,0.073333,0.062556,-0.053829,0.085636,-0.071072,-0.020967,0.015600,0.036615,-0.104222,-0.082489,-0.064557,0.104029,-0.023395,0.027442,-0.021798,0.006082,0.016697,0.002412,0.008917,-0.006919,-0.043170,-0.013237,0.056704,0.004370,0.049438,-0.026326,-0.024301,-0.023621,-0.020247,0.003239,-0.024673,-0.030704,-0.006281,-0.000000,-0.008756,-0.061648,-0.020201,-0.023729,0.014604,0.033333,0.042659,0.059773,0.071531,0.028748,0.019243,0.004449,0.001881,0.013260,0.077018,-0.028626,0.042888,-0.021234,-0.029337,-0.018817,0.049183,-0.015207,-0.057825,0.070761,0.042050,-0.002829,0.023138,-0.045302,-0.094846,-0.004795,-0.158026,-0.004141,-0.032295,0.023136,0.040747,0.052378,0.033318,-0.000740,-0.084221,-0.032195,0.059208,0.080451,-0.073161,0.043222,0.065493,-0.049617,0.067590,-0.038779,-0.084098,-0.003610,0.013452,0.086138,0.035475,-0.000334,-0.012974,0.032842,0.036386,-0.063525,0.027688,0.096721,-0.089467,0.086166,0.028019,0.053279,0.012486,0.054145,0.004576,0.028531,-0.059497,0.020308,0.011523,-0.064272,-0.080586,-0.016746,-0.067584,0.041972,-0.011618,0.111664,0.168919,-0.040890,-0.018055,0.016392,0.008039,-0.050420,0.018495,-0.089824,0.043906,-0.036034,0.026890,-0.021812,-0.092113,-0.011423,-0.015771,-0.012454,0.014006,0.000000,-0.065380,-0.001460,0.027139,0.013269,-0.034923,-0.012949,0.096667,-0.056029,0.030774,0.084790,-0.042655,0.034654,0.046537,-0.059787,-0.017796,0.008358,-0.024094,-0.080074,-0.101252,0.026917,-0.058262,0.146086,-0.071478,0.044561,-0.059833,0.051102,-0.021769,-0.050555,-0.097472,0.006967,-0.121444,-0.038660,-0.053678,0.015261,-0.069010,0.055269,0.015012,0.023015,-0.025670,0.031927,0.051316,0.009890,-0.096832,0.036771,-0.109453,-0.007101,0.073955,0.056027,0.004516,0.101483,-0.034436,0.061922,0.013054,-0.011810,-0.046202,0.064346,0.019924,0.021114,-0.017417,0.034617,0.115913,0.050805,0.071612,-0.018791,0.056595,-0.030857,0.005652,0.069938,-0.016060,-0.024751,0.011778,-0.037792,0.085182,-0.027958,-0.007023,0.044001,0.027259,-0.029233,-0.047685,0.023327,0.094464,-0.025701,-0.049093,0.033601,0.098812,0.000443,-0.010249,-0.046731,0.029552,-0.011148,-0.080093,-0.024493,-0.040755,-0.036165,-0.054969,-0.000000,0.031636,0.062936,0.014725,0.019298,0.008004,-0.083846,-0.027992,0.105616,-0.005841,-0.035907,0.045400,-0.006527,-0.032245,0.039561,-0.080026,0.009710,0.034807,-0.030736,-0.049088,-0.064959,0.014054,0.025174,0.030161,0.044442,0.020836,0.025608,-0.026455,0.013928,-0.046376,-0.010330,0.018440,0.029801,-0.040553,0.095693,0.092788,0.009749,0.004990,0.076493,-0.081751,-0.054358,-0.164834,0.076740,0.039404,0.065473,-0.089573,0.019658,-0.099133,0.061540,-0.017762,-0.024765,-0.024465,-0.031225,-0.020499,0.036091,0.118885,0.028754,-0.019502,0.012068,-0.094799,0.005609,-0.038273,-0.098282,0.021813,0.021123
0.026442,0.003672,0.065798,0.031627,0.066099,-0.068771,-0.102465,-0.005129,0.009368,-0.030182,-0.092196,0.018275,-0.033856,0.069489,-0.080033,-0.077196,-0.004935,-0.039935,0.013966,-0.007924,-0.039022,-0.001033,-0.046057,-0.045241,0.009079,0.104991,-0.106123,-0.011339,0.036544,0.019514,-0.052103,0.076504,-0.020892,-0.039269,0.069077,0.021609,-0.001799,0.044100,0.008543,0.037398,-0.000716,-0.069589,0.041170,-0.000439,0.018550,0.017092,-0.063240,-0.078292,-0.060943,-0.025880,-0.055959,-0.049940,-0.002555,-0.012024,0.002921,0.009764,0.006645,0.018765,-0.031177,0.087753,-0.046039,-0.015635,-0.059267,0.052880,0.065777,0.040414,-0.049211,0.029958,0.081614,-0.028766,-0.052963,0.053534,0.030656,-0.012767,0.067119,0.030507,-0.027753,-0.005505,-0.011230,-0.091676,-0.039073,-0.039047,0.021384,-0.010709,0.065837,0.078785,0.066175,-0.062541,-0.047768,-0.016868,0.055379,-0.026566,-0.075140,0.029155,0.096583,-0.000942,0.005378,0.036274,0.012711,0.022651,-0.033765,0.039102,-0.001674,0.015028,0.024973,-0.060708,0.003785,0.022060,0.100103,-0.025802,-0.036827,-0.037133,0.069160,0.051092,-0.003664,-0.093930,-0.088382,0.001295,-0.028251,0.050426,-0.039245,-0.079320,-0.005665,-0.040156,0.053791,0.044056,-0.019148,-0.000000,0.003258,-0.122707,-0.010516,0.055383,-0.004427,0.029812,0.018331,0.032080,0.083905,0.026694,0.060349,0.054950,-0.071362,0.011800,0.002798,0.050488,-0.074551,0.094208,-0.079352,-0.021092,0.098203,0.043291,0.003214,-0.086635,0.020570,-0.053928,0.038053,0.044682,-0.028210,0.023447,-0.095350,-0.004210,-0.098217,0.075685,-0.010618,0.040561,0.091212,-0.014866,-0.013021,-0.046875,-0.009420,0.029351,0.013439,0.010013,-0.016065,-0.091189,0.008835,-0.029654,-0.011222,-0.026210,-0.028395,-0.000276,-0.022595,-0.030285,-0.041016,0.043035,-0.002299,-0.000927,0.002972,0.057556,-0.013444,0.105030,-0.042024,-0.001049,0.027088,0.114690,-0.084537,-0.018876,0.066886,0.043113,-0.031637,-0.038115,-0.088065,0.016334,0.000497,-0.074197,0.016016,0.061056,0.017340,-0.025929,0.104747,-0.080877,0.000390,0.067666,-0.029244,0.012843,0.069163,-0.115054,-0.020420,-0.066189,-0.030265,0.017556,0.017747,-0.044387,-0.013429,0.000000,-0.030229,0.032738,-0.097176,0.102266,0.035443,-0.008710,0.047461,-0.030808,0.015432,0.003992,0.043908,0.072653,-0.005198,0.025315,-0.103934,-0.002714,-0.019322,-0.145425,-0.033729,0.042856,-0.036689,0.058806,-0.055918,0.063990,-0.087843,0.075105,-0.073683,-0.078839,-0.051101,-0.036211,-0.033406,0.059169,-0.075677,-0.007676,-0.019379,-0.001781,0.067059,-0.025018,-0.065148,0.019996,0.074745,0.059466,0.031959,-0.048363,0.031566,0.106269,0.088652,-0.008146,-0.012446,0.030767,0.037923,-0.012171,-0.051239,-0.011147,-0.049083,-0.024164,0.061702,-0.013510,-0.110377,0.018696,0.048543,0.048098,-0.021516,0.006600,-0.030009,-0.017859,0.036053,0.057940,0.037531,-0.015869,0.062326,-0.014325,-0.002859,-0.022819,0.072112,-0.040282,-0.091485,-0.009042,-0.035782,-0.017759,0.000396,-0.024554,-0.026156,0.033215,0.117507,0.054243,-0.011297,-0.057421,0.032075,0.050607,0.023608,-0.036322,-0.095436,0.018725,-0.030003,-0.000000,0.011842,0.017181,0.027838,0.014753,-0.033051,-0.071805,-0.003583,0.105802,-0.023482,-0.010806,0.033894,-0.010781,-0.035667,0.017412,-0.004044,0.044462,0.077916,-0.001866,-0.042921,0.004666,0.017229,0.019349,0.027348,0.064360,-0.018264,0.056857,0.005140,0.003102,-0.015373,-0.073605,0.025857,0.015678,0.024903,-0.000073,0.131444,0.135451,0.004240,0.033249,-0.019269,0.066682,-0.153174,0.008806,-0.031352,0.069113,0.042803,-0.012936,-0.061062,0.069739,-0.067173,0.006955,0.023510,0.046177,-0.021611,0.035158,0.073389,0.011373,-0.026687,-0.026896,-0.130612,0.000823,0.090638,0.087620,0.028338,-0.014548
0.022001,-0.007632,0.057619,0.020802,-0.080210,-0.013888,-0.079915,0.017973,-0.066307,0.072425,-0.040830,-0.036521,-0.003958,0.012225,-0.057119,-0.052260,-0.011185,-0.051024,0.015129,0.067913,-0.023270,-0.029862,-0.030280,-0.041652,0.032912,0.018687,0.058767,0.018674,-0.006778,-0.073688,-0.058792,0.019232,0.040812,-0.028032,0.053878,0.052149,0.031499,-0.094479,0.028091,0.021194,0.021460,-0.037692,-0.034928,0.029056,-0.016713,-0.003565,0.001410,-0.009587,0.012312,-0.053686,0.087592,0.049518,-0.026840,-0.019012,-0.018853,0.001460,-0.005079,-0.116193,0.033792,0.040292,0.008746,-0.015865,-0.003165,-0.041419,0.074195,-0.074346,-0.085548,0.023518,-0.052959,-0.046299,0.005132,-0.087344,-0.033113,-0.036218,-0.029426,-0.037060,0.097497,0.034959,0.004259,0.011388,0.085633,0.033202,-0.009340,-0.046596,-0.011878,-0.026410,0.059364,-0.007060,0.090678,-0.003901,0.040759,-0.000680,0.023882,-0.006318,0.017490,0.096390,-0.066023,0.024968,0.040131,-0.041519,0.049557,0.009690,0.056958,-0.097840,-0.119839,-0.043137,-0.077368,0.046863,0.072613,0.005172,-0.058662,0.063742,-0.068611,0.090005,-0.004470,0.019128,0.065537,-0.147360,-0.001152,-0.067700,-0.010076,-0.082627,-0.066985,0.010755,-0.028104,0.007895,-0.083090,-0.000000,-0.072353,-0.011520,-0.039235,-0.020271,-0.109724,0.035737,-0.058120,-0.061747,-0.002647,-0.081685,-0.034911,0.048076,-0.026976,0.056098,0.017604,-0.068670,0.011131,0.055743,-0.014795,0.001390,-0.004177,0.004162,0.048113,-0.017647,0.029915,0.006316,0.029710,-0.028157,-0.036770,0.011739,-0.017846,0.045932,-0.024450,0.028448,-0.093656,0.054597,-0.014285,0.003223,-0.096680,0.075762,-0.050983,0.091197,0.035175,0.074975,0.085549,0.009899,0.137785,0.035243,0.020942,-0.019914,-0.074921,0.054865,-0.030833,-0.047855,0.032543,0.010655,0.002746,-0.052687,-0.030855,0.010520,-0.010040,0.041057,0.028670,-0.018380,-0.018664,0.109237,0.015374,0.095098,0.041575,0.015618,-0.026072,-0.067438,0.026007,0.037998,0.004748,0.090979,-0.036491,0.052587,0.037344,0.038638,-0.048219,0.001878,-0.055504,0.024794,0.093681,0.010038,0.058988,0.034793,-0.007187,-0.006013,0.047174,0.062277,0.005034,0.018325,0.035177,0.000000,0.082139,0.001939,-0.028778,-0.027294,-0.061102,-0.092797,-0.027152,0.058579,-0.017004,0.062807,-0.103016,-0.002756,0.065799,0.003755,-0.116965,0.013499,0.095522,0.006864,-0.019199,-0.093265,-0.034053,0.063696,-0.038142,-0.014937,-0.078474,0.041253,-0.030023,-0.077168,-0.046110,-0.080150,-0.081920,-0.020285,-0.077257,0.002034,-0.025381,0.019950,0.031197,-0.013167,0.045065,-0.033786,0.091473,0.000795,-0.010561,0.084734,0.005254,-0.052201,0.038088,0.034446,0.057113,0.034786,0.106929,0.021014,-0.009351,-0.061109,-0.073373,-0.051486,0.079272,0.035884,-0.108539,0.023594,0.002974,0.077899,0.020046,0.009223,0.020235,0.075289,0.049608,-0.020790,0.029090,-0.000929,0.021061,-0.053677,-0.069821,0.028288,0.014591,0.079061,-0.028500,-0.057191,0.083823,0.026866,-0.007795,-0.096088,0.007918,-0.048909,0.027119,-0.017183,-0.001862,-0.104427,0.023020,0.085195,-0.118680,-0.072251,-0.025895,-0.007397,0.036129,-0.000000,0.003864,-0.017231,-0.004488,0.077639,-0.026680,-0.032335,-0.031988,0.052760,0.016697,0.087176,-0.023058,0.044792,-0.004366,0.064062,0.029275,0.107393,0.060342,0.132008,-0.054572,-0.037050,-0.011539,0.062552,-0.006518,0.058796,-0.010697,0.011312,0.000494,0.038496,0.012554,-0.034742,0.027363,-0.037450,-0.064277,-0.009401,-0.001085,-0.012002,-0.084423,-0.025804,0.021139,-0.067189,-0.028673,0.004001,-0.016400,0.071387,0.014515,0.017169,-0.126680,0.020975,-0.058073,-0.038424,0.038871,-0.051389,0.081565,0.007040,0.079120,0.048567,0.024736,-0.053324,0.020771,0.097671,-0.021521,-0.007447,0.003129,0.030656
0.126630,0.021556,0.096425,-0.026042,0.037788,-0.016505,0.002877,-0.096600,-0.054341,0.058366,0.004223,0.087056,-0.023414,0.113044,0.010943,0.025681,0.070451,-0.076288,0.049880,0.011631,0.038590,0.018635,0.009633,-0.017232,0.048332,0.023981,-0.020276,0.028574,-0.043128,0.026703,0.028321,0.011178,0.007561,-0.063155,-0.010213,-0.009576,-0.056736,-0.065180,0.033307,0.008651,0.072547,-0.074593,-0.032202,0.044090,-0.018319,-0.032181,0.039944,0.030169,0.063904,-0.034901,-0.027709,0.027236,-0.028616,-0.090850,-0.031488,0.009495,-0.018677,0.024401,0.030048,-0.002682,0.022336,-0.110175,-0.043244,-0.021123,-0.009786,-0.005813,0.031954,-0.040619,-0.005589,-0.061331,0.051465,0.040023,0.020427,-0.016582,0.068397,-0.004198,0.023127,0.078239,0.084640,-0.045154,0.024182,-0.005516,-0.007347,-0.007510,0.005956,-0.004385,-0.026088,-0.001522,0.009048,-0.017403,0.002100,-0.106676,-0.005667,0.037279,-0.080717,0.005647,-0.073422,-0.016827,0.001469,0.014757,-0.073159,0.053679,-0.015472,-0.019832,-0.031392,-0.052661,-0.017634,-0.036055,-0.036255,0.064035,0.002405,-0.045818,-0.018164,0.049652,-0.065440,0.033872,-0.009646,0.036635,0.011403,0.012490,-0.006563,-0.045382,-0.018683,0.051845,0.020241,-0.071572,-0.026409,-0.000000,-0.013872,-0.018553,0.017836,0.054299,-0.030943,-0.016916,-0.108994,-0.040782,0.010372,0.019796,-0.017395,-0.045854,0.038508,-0.006631,0.117745,-0.024587,-0.001293,0.104988,-0.049414,-0.003111,0.033868,-0.077897,-0.033974,0.016882,0.025975,0.022275,0.000204,0.034179,-0.023776,0.005571,-0.030890,0.019339,0.049680,0.055434,0.016892,0.128636,-0.061241,0.007293,-0.016080,0.013940,-0.026905,0.013425,-0.100806,0.063369,0.077368,0.031527,0.014850,-0.028214,-0.025267,0.041254,-0.010023,0.046026,-0.065186,-0.035139,-0.034089,0.069556,0.032473,-0.053195,0.070497,-0.044657,-0.047283,0.072983,-0.026012,-0.019981,0.022089,-0.041624,0.047991,0.021235,-0.004695,0.074212,0.077196,0.024792,0.040303,0.067048,-0.013456,0.029086,-0.000130,-0.050200,0.068556,-0.013855,-0.034043,0.011197,-0.017377,0.006655,0.146799,-0.001838,0.055468,-0.068943,-0.000470,-0.006989,-0.057043,0.063100,0.001364,0.051554,0.015247,0.000000,-0.023206,-0.078434,0.070679,0.011988,-0.074210,-0.034262,0.021789,-0.017406,0.084442,-0.006529,-0.065500,-0.032547,0.049552,0.106211,0.008444,0.047052,0.066407,-0.067503,-0.094504,-0.001226,-0.047513,0.002136,-0.107703,0.160803,-0.054108,0.034441,-0.033528,-0.043846,-0.080573,-0.014877,-0.156013,-0.072193,-0.016944,-0.028224,-0.025891,-0.012999,0.016089,0.032107,-0.036361,0.014190,0.007510,-0.013519,0.018307,0.047799,0.007831,0.014468,0.079028,0.052126,-0.013177,-0.029139,0.019593,0.100312,-0.145701,0.082735,-0.027418,0.039042,0.039424,0.014909,0.005719,-0.006958,-0.001627,0.037542,0.020327,0.009188,0.023761,-0.056710,-0.026185,-0.052111,0.070845,0.032855,0.082982,-0.077922,-0.071568,0.007532,-0.007648,-0.036346,0.119400,0.059919,-0.037105,0.017994,0.050655,0.006689,-0.080871,0.001800,0.032095,0.035528,-0.025985,-0.051119,-0.043833,0.035869,-0.115310,0.052399,-0.074348,-0.042383,-0.131404,-0.000000,-0.029318,0.054324,-0.048802,0.063024,-0.013743,0.028894,-0.002899,0.043528,0.024853,0.080657,0.085887,0.059603,-0.001840,0.052822,-0.038846,0.100130,0.046171,-0.004774,-0.064948,0.065744,-0.029160,0.045000,0.007606,0.126517,-0.017629,-0.049606,-0.083658,0.095316,-0.010369,0.038102,0.003261,-0.007897,0.025816,0.024690,-0.040885,-0.086798,-0.093983,0.053375,0.051312,-0.015678,-0.030007,-0.003868,-0.015507,0.081364,-0.056569,-0.093664,-0.010900,-0.003918,-0.002346,0.015842,-0.022441,-0.031065,-0.027020,0.051645,0.178874,0.023444,-0.020181,-0.086450,-0.019488,0.028461,-0.062817,-0.051058,-0.061941,0.052290
-0.029290,0.010433,0.144989,-0.100613,-0.035525,0.051459,-0.000049,0.006564,-0.013693,-0.021766,-0.013270,-0.039802,-0.049999,-0.077381,-0.054614,0.005277,0.026767,-0.038954,-0.055440,0.010941,0.003250,0.003279,0.100856,0.017534,-0.090054,-0.029207,-0.029685,0.036243,0.057233,-0.007729,-0.073505,0.037163,-0.023438,0.060621,0.013196,0.009310,-0.025313,-0.064358,-0.063819,-0.000548,-0.010242,-0.004726,-0.070083,-0.026445,-0.035691,0.033225,0.035105,-0.042879,-0.017039,-0.111716,0.042731,-0.015066,0.004595,-0.058915,0.038261,0.089102,-0.006319,-0.052960,0.034373,-0.088360,0.031979,0.058528,0.003356,0.058486,-0.008306,-0.065530,-0.022879,0.078781,-0.015142,0.014232,-0.042182,0.024010,0.059817,0.040797,0.039655,0.055016,-0.013926,0.007521,0.058483,-0.020838,0.000359,-0.031503,0.082194,-0.034767,0.012361,-0.059967,-0.037354,-0.000550,0.008968,-0.049908,-0.117121,0.138899,0.095022,0.019054,-0.118833,0.072028,0.013344,-0.009992,0.008795,0.012455,0.031091,0.046733,-0.023093,-0.046313,0.022893,0.020543,-0.005645,0.009176,0.031676,-0.024410,0.008032,-0.007088,-0.020009,0.060599,-0.011743,0.042707,-0.090410,0.033417,0.096354,-0.036678,0.008749,0.029487,-0.017196,-0.018838,0.034691,-0.090652,0.109013,-0.000000,0.040349,0.036432,0.069029,0.132327,0.053610,0.047302,-0.020675,0.020301,-0.123158,-0.035420,-0.036396,0.010290,-0.051441,0.017395,-0.081432,-0.036196,-0.071096,0.000453,-0.010928,-0.005801,0.054778,0.001050,-0.084950,0.101016,-0.020084,-0.055927,0.044670,-0.032308,0.042216,0.029374,0.003864,-0.023475,0.042271,-0.036713,0.011886,-0.041556,0.062502,-0.019460,-0.043183,0.047490,0.026696,-0.031371,0.017625,0.024727,-0.100967,0.013628,0.114003,-0.017610,0.102291,0.054960,-0.065697,-0.025337,0.041139,-0.024749,0.016448,0.035314,-0.059672,-0.007797,0.006003,-0.022029,-0.038449,0.038572,-0.003049,-0.070449,-0.013227,0.024638,0.035814,0.000727,0.004849,-0.003823,-0.045760,-0.015924,0.063110,-0.055953,0.032554,0.049382,-0.032806,-0.105352,0.060912,-0.006814,0.020031,0.011235,-0.079368,-0.023691,0.082452,-0.139922,0.013889,-0.083663,-0.034132,0.029792,0.044728,0.004939,0.109777,-0.013252,-0.091750,0.000000,0.037830,0.152012,0.097278,-0.040697,0.072017,0.005651,-0.006062,-0.039913,0.009099,-0.005581,0.046625,-0.025286,0.012890,-0.060558,-0.104189,0.057599,-0.055125,-0.002164,-0.035917,-0.049429,-0.093469,0.018502,-0.052019,0.006558,0.024825,0.032555,0.130502,0.029471,0.065974,-0.022139,0.033444,0.004913,-0.094371,0.048374,-0.051471,0.007317,0.032946,-0.050633,-0.059034,-0.112397,0.063184,-0.086432,-0.057664,0.038017,-0.032496,0.003106,0.010482,-0.021896,-0.011979,0.067928,-0.035090,-0.053966,0.009697,0.011460,0.076569,-0.002578,0.035686,0.025768,-0.011508,0.001768,-0.107121,0.050030,-0.016064,0.066872,0.151512,-0.075646,-0.014042,0.006879,-0.050838,-0.042903,0.042460,0.067326,-0.055432,-0.044527,0.040312,0.000527,0.035159,0.003343,-0.076292,0.037846,-0.051236,0.024806,0.007503,-0.032603,0.019559,-0.007341,-0.052178,0.045624,-0.028463,0.076599,-0.014453,0.005992,0.026062,-0.037117,0.032124,-0.000000,0.039116,0.051702,-0.130329,-0.042675,0.011274,0.016556,0.033570,-0.001748,-0.050485,0.077817,0.113103,0.017236,0.024156,0.035093,0.060046,-0.066218,-0.029447,0.032461,-0.024910,-0.095672,-0.006069,-0.009999,-0.028164,0.017962,-0.003949,0.047726,-0.030993,0.012181,0.002090,-0.039816,-0.032132,0.007721,-0.050762,0.029006,-0.038199,-0.078864,-0.013569,-0.024480,-0.021425,-0.056152,-0.015751,0.015840,0.048846,-0.034104,0.031659,-0.022853,0.138403,0.070674,0.080046,0.004806,-0.008707,-0.062869,-0.026566,0.006060,0.021205,0.025242,-0.068408,0.037442,-0.005795,-0.004401,-0.000631,-0.017218,-0.007436,0.045530
