e0,e1,e2,e3,e4,e5,e6,e7,e8,e9,e10,e11,e12,e13,e14,e15,e16,e17,e18,e19,e20,e21,e22,e23,e24,e25,e26,e27,e28,e29,e30,e31,e32,e33,e34,e35,e36,e37,e38,e39,e40,e41,e42,e43,e44,e45,e46,e47,e48,e49,e50,e51,e52,e53,e54,e55,e56,e57,e58,e59,e60,e61,e62,e63,e64,e65,e66,e67,e68,e69,e70,e71,e72,e73,e74,e75,e76,e77,e78,e79,e80,e81,e82,e83,e84,e85,e86,e87,e88,e89,e90,e91,e92,e93,e94,e95,e96,e97,e98,e99,e100,e101,e102,e103,e104,e105,e106,e107,e108,e109,e110,e111,e112,e113,e114,e115,e116,e117,e118,e119,e120,e121,e122,e123,e124,e125,e126,e127,e128,e129,e130,e131,e132,e133,e134,e135,e136,e137,e138,e139,e140,e141,e142,e143,e144,e145,e146,e147,e148,e149,e150,e151,e152,e153,e154,e155,e156,e157,e158,e159,e160,e161,e162,e163,e164,e165,e166,e167,e168,e169,e170,e171,e172,e173,e174,e175,e176,e177,e178,e179,e180,e181,e182,e183,e184,e185,e186,e187,e188,e189,e190,e191,e192,e193,e194,e195,e196,e197,e198,e199,e200,e201,e202,e203,e204,e205,e206,e207,e208,e209,e210,e211,e212,e213,e214,e215,e216,e217,e218,e219,e220,e221,e222,e223,e224,e225,e226,e227,e228,e229,e230,e231,e232,e233,e234,e235,e236,e237,e238,e239,e240,e241,e242,e243,e244,e245,e246,e247,e248,e249,e250,e251,e252,e253,e254,e255,e256,e257,e258,e259,e260,e261,e262,e263,e264,e265,e266,e267,e268,e269,e270,e271,e272,e273,e274,e275,e276,e277,e278,e279,e280,e281,e282,e283,e284,e285,e286,e287,e288,e289,e290,e291,e292,e293,e294,e295,e296,e297,e298,e299,e300,e301,e302,e303,e304,e305,e306,e307,e308,e309,e310,e311,e312,e313,e314,e315,e316,e317,e318,e319,e320,e321,e322,e323,e324,e325,e326,e327,e328,e329,e330,e331,e332,e333,e334,e335,e336,e337,e338,e339,e340,e341,e342,e343,e344,e345,e346,e347,e348,e349,e350,e351,e352,e353,e354,e355,e356,e357,e358,e359,e360,e361,e362,e363,e364,e365,e366,e367,e368,e369,e370,e371,e372,e373,e374,e375,e376,e377,e378,e379,e380,e381,e382,e383
-0.072695,0.014510,0.006780,0.010326,0.059622,0.036661,0.095850,-0.065491,-0.079163,-0.072403,0.006404,0.047388,-0.034716,0.031708,0.087033,0.044400,-0.050793,-0.061938,-0.064381,0.057771,-0.009373,-0.005241,-0.044491,0.024277,-0.014323,0.013436,-0.029639,0.042539,-0.083661,-0.027561,-0.012179,-0.001806,0.039817,0.030877,-0.016077,0.007045,-0.010073,-0.002768,0.050403,0.001492,0.000384,-0.033179,-0.042265,0.026363,0.011523,0.003880,-0.059539,0.006855,-0.005807,-0.020347,0.014595,-0.019797,0.041191,0.028770,0.105695,-0.094019,0.020384,0.002084,0.027174,0.071836,-0.033641,-0.010137,-0.115010,0.114011,0.024889,0.070132,-0.001684,-0.118154,0.027491,0.007135,0.100693,-0.033693,0.023320,-0.036765,-0.001654,0.009458,0.068862,-0.013828,0.109140,0.075647,-0.043088,-0.034957,-0.044106,0.056860,0.035804,-0.002302,0.132878,0.001040,-0.067176,0.088667,0.019890,-0.042479,0.097622,-0.043532,-0.079843,-0.066421,-0.012140,-0.081296,-0.008669,0.104982,0.024159,0.011141,-0.058556,0.030181,0.005344,-0.038717,0.011449,0.048371,0.088912,-0.042505,-0.059451,-0.035069,-0.007842,-0.041225,-0.001505,0.006796,0.017515,-0.039559,0.021785,-0.014242,0.040960,0.021730,-0.091931,0.100330,-0.007748,-0.099433,-0.067783,-0.000000,0.013515,0.016704,0.047011,0.018346,-0.056282,-0.025798,-0.048536,-0.023859,-0.009173,-0.044553,0.007285,-0.012646,0.016542,-0.005395,0.033258,-0.027607,-0.039030,0.011679,-0.063382,-0.044828,0.039369,0.058536,-0.014227,-0.034609,-0.038332,-0.009494,-0.042445,-0.047263,0.069419,0.036698,-0.063211,0.021168,0.037678,-0.022989,-0.017838,0.013406,0.065293,-0.008293,0.000287,-0.002675,-0.051113,0.001030,-0.098041,-0.013126,0.019085,-0.004949,0.017596,-0.081041,-0.099830,0.038049,-0.001922,0.027208,-0.092337,0.011534,-0.002569,0.006510,-0.020933,0.004515,0.059804,0.043819,-0.007195,-0.007026,0.017444,0.038532,-0.066976,-0.022221,0.006284,0.083788,0.035311,-0.011753,-0.020992,0.020459,0.027620,-0.016640,-0.006342,0.006337,-0.071523,-0.014574,0.054180,-0.086667,0.065172,0.009511,-0.036274,0.018989,0.030211,0.026838,-0.026884,-0.006732,0.068689,-0.041575,-0.054443,-0.018568,-0.025901,0.027459,-0.091073,-0.000000,-0.133064,0.016069,-0.007961,0.067354,0.022055,-0.018929,0.046209,-0.012468,-0.074110,0.027189,0.060506,-0.091968,0.067948,0.003447,0.065515,0.008298,0.034734,0.012601,-0.036383,-0.036252,-0.028440,-0.030899,0.011594,0.003751,-0.012620,0.055846,0.034910,0.084727,-0.040279,0.013853,0.081951,-0.065359,-0.010022,-0.013271,0.009694,0.106311,0.023581,-0.001627,0.056468,-0.012600,-0.006582,-0.044351,-0.076719,0.154823,0.009995,-0.019336,-0.026060,0.023962,0.037730,0.084522,-0.082931,0.025135,-0.013309,-0.007167,0.017172,0.072851,-0.000224,0.062627,-0.003675,0.009824,0.093490,0.072833,-0.053724,-0.011640,0.059679,0.073483,-0.078652,-0.041259,0.025754,-0.030524,0.034527,-0.055188,-0.157358,-0.039201,-0.001061,-0.012526,-0.000558,-0.032861,0.018197,-0.113376,-0.036672,-0.005225,-0.029696,-0.073617,0.038467,-0.022522,0.043954,-0.052396,-0.024670,0.068937,0.016312,0.066552,0.062862,0.017538,0.026392,-0.000000,-0.035680,0.111300,0.045317,-0.014239,-0.089858,-0.022252,-0.040304,0.026620,0.016092,0.044445,0.075523,-0.018096,0.015815,0.044349,-0.039158,0.057346,0.032888,-0.003549,-0.068358,-0.062654,0.093781,0.093206,0.019650,-0.071575,-0.016135,0.073238,0.019340,0.013989,-0.005738,-0.043383,0.065093,0.000137,-0.035584,0.044742,0.106742,-0.211060,-0.068695,0.039933,-0.029268,-0.006248,-0.012530,0.077120,-0.009604,0.042184,-0.105651,-0.026716,-0.007666,-0.100175,-0.006691,-0.067003,-0.046736,0.000087,0.013045,-0.006704,0.096256,-0.045824,-0.001928,-0.041896,0.053600,-0.001341,0.129106,-0.019276,0.027671,0.016337
-0.108353,0.028437,-0.063040,-0.016680,-0.015438,0.017831,-0.015268,0.058624,-0.000868,0.030106,-0.011678,0.084110,0.039309,0.002335,0.020822,-0.019478,0.011107,-0.072650,-0.017846,-0.019312,-0.060910,-0.027135,0.026442,-0.001616,0.120109,-0.051407,-0.010372,0.057011,0.052483,-0.080998,-0.028284,0.059625,0.083547,0.021391,0.041138,0.056486,0.029688,-0.024469,-0.091799,0.008821,0.008559,-0.078116,-0.093584,-0.035375,0.003843,-0.031895,-0.025512,0.055597,-0.049332,-0.023850,0.010017,0.019285,0.009660,0.041507,0.000158,0.021795,-0.064643,-0.027354,0.018415,-0.000096,-0.047339,0.013999,-0.009981,0.009834,0.087334,-0.031566,-0.032993,0.049052,-0.058530,0.065519,-0.034564,-0.085623,-0.014587,-0.064781,-0.013448,0.009728,-0.008417,0.106304,-0.001365,-0.054826,0.111163,-0.030659,-0.107858,0.006578,-0.064557,0.019004,-0.035218,-0.078250,0.007649,0.008669,0.037216,0.031013,0.098980,0.018689,0.018731,-0.006591,-0.043290,-0.003082,0.061448,0.035165,0.027773,0.109042,-0.014203,-0.069866,0.000768,-0.054771,0.055265,0.024943,0.026523,-0.023965,-0.083718,0.056894,-0.021065,-0.061450,-0.029562,0.028157,0.014287,0.040130,0.015550,0.044512,0.030115,-0.013578,-0.087445,0.032882,-0.070513,0.057996,-0.035629,-0.000000,-0.045648,-0.018342,0.033817,-0.077385,-0.019551,0.014104,-0.024765,-0.049202,-0.043576,-0.075520,0.042197,0.077459,-0.041531,-0.020648,0.039774,-0.089637,-0.058073,-0.015476,0.013400,0.008096,0.049746,-0.063347,-0.006297,-0.003851,0.011149,0.049000,-0.036001,0.001685,0.000922,0.014704,-0.037961,0.029111,-0.038632,-0.043800,-0.099707,0.065841,-0.016141,0.001983,0.036953,0.017969,-0.085790,0.018080,-0.009634,-0.088114,-0.007846,0.063961,0.009101,0.027786,-0.011026,-0.055813,-0.004315,0.010396,-0.030651,-0.033919,0.053836,-0.011259,0.058278,-0.040609,-0.095297,-0.014083,-0.008415,0.063720,0.012871,-0.017252,-0.133007,0.105007,0.033627,0.049306,-0.050976,0.126425,-0.000544,0.077582,-0.068191,-0.006057,0.015408,0.024588,-0.074795,-0.011439,0.089737,0.130361,0.021366,-0.015557,0.048630,-0.089851,0.005946,-0.031747,0.074853,-0.025224,-0.013715,0.005013,0.005339,0.030543,0.037889,0.054447,0.012673,-0.000000,0.010484,0.065777,-0.007325,0.048559,-0.020807,0.076482,0.046784,0.024317,0.012632,0.095922,0.039512,0.057058,-0.027294,0.015492,0.016307,-0.023673,0.058186,0.014104,0.040043,-0.051410,0.045993,0.077820,-0.083115,0.019082,-0.034041,0.046892,-0.066890,0.082955,-0.070841,-0.002537,0.031417,-0.054566,-0.041039,-0.022840,0.007327,-0.026613,-0.022167,-0.069224,-0.002787,-0.007803,0.046116,0.034303,-0.015387,-0.000416,-0.015329,0.008978,0.003358,0.023194,0.075477,-0.032387,-0.001109,0.072662,-0.080388,0.085162,-0.124362,0.106013,-0.033112,0.088078,-0.052343,0.011198,0.005077,0.029047,-0.022803,0.037889,-0.007848,-0.076234,0.085037,-0.031326,0.010162,-0.112163,0.019514,-0.006888,-0.057158,-0.012787,-0.116358,0.102319,-0.070765,-0.000267,0.016886,-0.094881,-0.025386,0.025109,-0.046082,-0.002319,-0.016503,0.023140,0.013255,-0.042414,-0.017988,0.056177,-0.053054,-0.071713,-0.099799,0.090076,0.048845,-0.000000,0.021544,-0.038409,-0.000248,0.025159,0.071640,-0.071414,0.009168,0.103472,-0.014733,0.049635,-0.014256,0.002856,-0.032397,0.023502,0.028379,0.057222,0.026719,0.029971,0.002670,-0.049338,0.099112,0.064364,0.067333,-0.055753,-0.095601,-0.007972,-0.075372,0.038019,0.066877,-0.069167,0.047021,-0.018420,0.015229,-0.015427,0.022576,0.064816,-0.050747,-0.026254,0.017464,-0.019730,0.004407,-0.008376,0.008853,0.041437,-0.085616,-0.014186,-0.062004,-0.029031,-0.018518,-0.106209,0.020256,0.014578,0.009465,-0.073406,0.100098,-0.037249,-0.069793,0.035677,-0.074926,-0.014338,0.094862,-0.148202,0.007740,0.088401
-0.044940,-0.020183,0.026331,-0.026312,-0.038648,0.012084,-0.045807,0.001902,-0.013256,0.014922,-0.007524,0.129311,0.049571,0.066139,0.030383,-0.004669,0.068451,-0.066225,0.043786,-0.010038,-0.035370,-0.036151,0.058856,0.014630,0.040510,0.000419,-0.017428,0.080964,0.038114,0.014573,-0.076158,0.036201,0.010967,-0.008592,-0.027202,0.014645,-0.015851,-0.059365,-0.096231,-0.038391,0.031826,-0.033807,-0.068380,0.023614,0.034760,-0.045026,0.092026,0.053622,0.027320,-0.063821,-0.034685,-0.073698,-0.023020,-0.059042,-0.049268,0.045520,-0.029084,0.019208,0.016232,-0.009700,0.055938,-0.011102,-0.061872,-0.003557,0.081497,-0.041801,-0.041382,0.021087,-0.068633,0.028367,-0.005435,-0.015504,0.015387,-0.088149,0.052967,0.010989,-0.054215,0.035973,0.000007,-0.042607,0.130146,-0.112554,-0.008594,0.012504,-0.029682,-0.055227,0.006614,-0.109025,0.041022,-0.061066,0.019088,0.020754,0.046281,-0.044632,0.015002,0.074720,-0.058884,0.002792,0.055352,-0.006659,0.041502,0.062828,-0.033806,-0.044745,-0.004346,0.000532,0.018113,0.035619,0.008087,0.038648,0.015269,0.085721,0.004299,-0.028762,-0.106433,0.140383,-0.054654,0.127273,0.020065,0.080733,-0.023870,-0.012499,-0.013090,0.005905,-0.026535,0.063981,-0.038341,-0.000000,-0.060713,0.067559,0.044326,-0.014008,-0.043869,0.017008,-0.070818,-0.054380,0.000662,-0.029891,-0.017438,0.036420,-0.009369,0.015591,0.127470,-0.085073,-0.037438,-0.016804,-0.006635,-0.041500,0.042047,-0.056215,-0.036129,-0.017954,0.143713,0.092242,0.039468,0.038547,-0.001423,0.023469,-0.048433,-0.023471,-0.098279,-0.045445,-0.020624,0.072114,-0.038553,0.006761,0.001592,0.006635,-0.043101,0.011542,-0.059418,-0.039536,-0.034456,-0.064928,0.062996,-0.052891,-0.038540,0.016424,-0.019407,-0.007919,-0.109419,-0.028801,0.012939,0.001368,0.081778,-0.002922,-0.036953,0.040364,0.019764,0.013593,0.008234,-0.031121,-0.090205,0.090296,0.054836,0.014609,-0.050522,0.153205,0.040302,0.011933,0.021054,-0.004092,0.056822,0.027120,-0.040124,-0.048152,0.071427,0.009793,-0.037119,-0.095792,0.029581,0.035993,0.006449,-0.086547,0.018581,-0.044918,-0.020420,0.081954,-0.075402,0.069673,-0.008609,0.121332,0.001412,0.000000,-0.057026,0.028219,0.056055,0.019189,-0.094812,-0.070499,0.032279,-0.008271,0.001417,0.064626,-0.039791,0.065014,0.040413,0.090795,-0.043947,-0.015763,0.080216,-0.089973,0.018768,-0.032740,0.023183,0.036561,-0.028655,0.037854,0.034520,0.053751,-0.004360,-0.018393,-0.018571,-0.025937,-0.024081,-0.158109,-0.024792,-0.036235,-0.004341,0.029903,0.092571,-0.062415,-0.065806,0.020971,0.097362,-0.002080,-0.002454,-0.009671,-0.007177,-0.008169,0.123031,0.051671,-0.034213,0.002732,0.007162,-0.004098,-0.064924,0.120749,-0.115275,0.046147,-0.008229,0.055968,-0.048920,-0.017367,0.048426,-0.001871,-0.061360,0.044062,0.022134,-0.052914,0.070511,-0.005034,0.009993,-0.023024,0.006574,-0.025284,-0.042525,-0.031366,-0.072640,0.101021,0.001192,-0.003091,0.004285,-0.111689,0.050985,-0.051613,-0.004083,-0.038648,0.031725,0.006913,-0.018134,-0.040464,-0.011955,0.035701,-0.069252,0.023426,-0.082198,0.055890,-0.062484,-0.000000,-0.016866,-0.000057,0.063276,0.035783,0.013237,-0.084148,0.009603,0.096890,-0.027900,0.061389,-0.033339,-0.027055,-0.061148,0.004034,0.000248,0.101314,0.008319,0.024937,-0.030017,-0.003669,0.037891,0.109913,0.013009,0.005400,-0.059679,0.004147,-0.042952,-0.012718,0.080506,-0.025898,0.021956,0.004272,0.042818,0.020822,-0.077206,-0.072959,-0.033821,0.029321,0.067592,0.017441,0.013378,0.008607,-0.057481,0.080702,-0.031173,-0.019739,-0.005523,-0.060978,0.015887,-0.102706,-0.005004,-0.043312,-0.013787,0.005129,0.060861,0.015342,0.013477,0.002842,-0.052214,-0.032267,-0.021076,-0.107365,-0.026689,0.055276
0.079118,0.093453,-0.010344,-0.004158,0.049226,-0.022965,-0.041379,-0.019033,-0.026717,-0.025066,0.005520,0.037922,-0.027684,-0.039210,0.053049,0.000107,0.062065,-0.073535,0.017406,0.094322,-0.016646,0.086138,0.013582,-0.022279,0.058489,0.005072,0.025285,0.021295,0.042435,0.055822,-0.011426,0.095361,0.034996,-0.024261,-0.037628,-0.013702,0.099479,0.077278,0.013709,-0.042308,0.045166,-0.078196,0.054496,0.061372,-0.039529,0.031278,0.043871,-0.077249,-0.022297,-0.033280,0.074479,-0.028700,-0.006921,-0.031969,-0.014958,-0.005642,-0.003730,0.055606,0.030595,-0.017827,-0.054964,-0.028153,0.019522,0.061679,0.031213,-0.113723,-0.073602,-0.113381,-0.028489,0.003345,0.042634,0.014814,0.059649,-0.001568,-0.075665,-0.111044,-0.017732,0.007654,0.009024,0.005134,0.002398,-0.030611,-0.019429,0.028926,-0.070814,-0.031581,0.023235,-0.088844,0.027650,0.062102,0.038237,0.062681,0.054102,0.014027,0.106180,-0.044932,-0.045316,0.071135,-0.028968,0.046736,-0.029838,0.073995,-0.085200,0.036981,-0.004562,0.014860,-0.078230,0.018423,-0.009813,0.005798,0.020701,0.044654,0.040609,0.003168,0.016262,0.032805,0.067595,0.016871,-0.044686,0.069443,0.032086,-0.009414,-0.044730,-0.008421,-0.027157,-0.083932,0.003917,-0.000000,0.045050,0.083006,-0.071294,-0.011023,0.058741,0.035244,-0.035423,0.006962,0.001144,0.015962,0.010974,0.006377,-0.004616,-0.048732,0.062772,0.010763,-0.130635,0.008377,0.051419,0.014525,-0.011885,0.078766,-0.022412,0.046476,0.028957,-0.003289,0.037274,0.050424,0.017035,0.017677,-0.075399,0.046640,0.007985,-0.061262,0.055980,0.012185,-0.009450,-0.112531,-0.064798,-0.044152,-0.039329,0.021587,0.008924,-0.028362,-0.094379,-0.051869,-0.061464,0.008772,-0.074906,0.040238,-0.044661,0.000715,0.156603,0.007206,0.026908,0.052770,0.023480,-0.016489,0.028760,-0.032514,0.025817,0.069139,0.090757,-0.127291,-0.018135,0.020440,0.026098,0.055015,-0.021309,0.017658,-0.081219,0.027002,0.070883,-0.036060,-0.068955,-0.000378,0.007737,-0.043078,-0.015341,-0.012179,0.015473,-0.003665,0.000620,-0.051327,-0.078425,-0.029874,0.023062,0.012937,-0.004638,0.047295,-0.089696,0.031560,-0.000176,-0.146854,-0.052408,0.000000,-0.146054,-0.048191,0.029654,0.044771,0.014759,0.003450,0.033759,-0.009632,0.059575,0.042854,-0.014074,0.000795,-0.032118,0.001212,0.040348,0.000464,0.031059,0.083774,0.040067,0.057369,0.039288,0.048018,0.062417,-0.015541,0.026491,0.087965,-0.007446,-0.026485,-0.130333,-0.018764,0.041530,0.048402,-0.074375,-0.037606,0.007532,0.042227,0.066863,0.007360,0.026735,-0.055297,-0.068284,-0.074284,-0.063334,0.118010,0.036561,-0.071796,0.079210,0.061030,0.060504,-0.014314,-0.055635,0.006287,-0.062242,0.050996,-0.068512,-0.022843,-0.010310,-0.007212,0.017794,-0.049530,-0.077920,0.002083,-0.043797,-0.177978,-0.001810,0.009362,-0.002502,-0.047362,-0.005458,-0.018228,0.013860,0.004963,0.011780,0.043645,0.040265,-0.004378,0.046495,-0.043337,-0.002174,0.048109,-0.013521,-0.044417,-0.028554,-0.016130,-0.003885,0.054189,-0.069690,-0.073780,-0.015303,0.022277,0.044105,0.025248,0.053850,-0.053632,-0.004192,-0.000000,0.055993,0.004160,-0.017838,-0.072677,-0.016917,0.054306,-0.032427,0.037057,-0.078526,0.095129,0.024239,0.136431,-0.052101,-0.016545,-0.021433,0.050700,0.009443,-0.104700,-0.030524,0.099302,0.068231,0.035721,-0.065272,-0.056783,-0.003732,-0.044442,0.000228,0.014394,-0.033438,-0.032509,0.013228,0.025996,-0.103809,0.045584,-0.010180,0.035834,0.015538,-0.014264,0.025011,-0.087217,0.039369,-0.040829,0.091053,0.107919,0.066258,0.008629,0.002765,-0.052725,0.042614,-0.090772,0.029484,0.013664,-0.060043,-0.003142,0.105731,-0.029246,-0.042949,-0.069564,-0.083409,0.050921,-0.024704,0.023949,-0.013784,-0.005636
-0.004553,-0.030043,0.046953,-0.006980,-0.027851,0.023497,-0.104317,-0.056651,-0.064080,-0.018565,0.024588,0.092675,-0.017664,0.036894,-0.014173,0.020616,-0.013732,-0.086471,-0.050088,-0.025628,-0.081155,-0.041140,-0.044028,0.033918,0.119429,-0.005232,-0.060174,0.049019,0.092382,-0.055965,-0.012136,0.111754,-0.003108,0.014289,0.057548,0.020835,0.023049,-0.053703,0.026812,0.023707,0.059450,-0.018084,-0.062019,0.016687,0.079568,-0.026310,0.004399,0.031115,0.025000,-0.086019,-0.002736,-0.032132,-0.045943,-0.024392,-0.039698,-0.006867,-0.002041,0.017373,0.011133,0.046410,0.034183,-0.014592,-0.006093,0.012130,0.006981,0.029350,0.029420,-0.010101,-0.016654,0.061547,-0.053920,-0.015411,-0.053795,-0.020718,-0.034329,0.033785,0.020690,0.016114,-0.000647,-0.053637,-0.008710,-0.034028,-0.028660,-0.056470,-0.070701,0.025075,0.015971,-0.065273,-0.016988,-0.036555,0.041072,-0.010474,0.029103,0.036421,-0.054775,-0.000525,-0.020531,0.017620,0.143665,-0.035323,0.054684,0.073560,-0.059985,-0.017486,-0.000487,-0.022120,-0.002327,0.038038,-0.058600,-0.037349,-0.080181,0.024071,0.025133,-0.050440,-0.087725,0.102532,0.048528,0.090350,0.021267,0.048264,0.065529,0.058540,-0.007911,-0.003224,-0.042347,-0.005608,-0.005351,0.000000,-0.024493,-0.052076,0.019874,0.032707,0.031336,-0.023654,0.018507,0.032880,-0.078664,-0.071712,0.037883,-0.006017,-0.079527,-0.040869,-0.005930,-0.144706,-0.038553,0.006782,0.009447,0.016700,-0.016421,-0.076803,-0.059158,0.022299,0.024652,0.120481,0.070648,0.021468,0.047081,0.015150,-0.064812,0.069916,-0.086071,-0.098788,-0.048477,0.077912,0.005498,-0.041747,0.028127,-0.003796,-0.016929,0.027945,-0.054889,-0.114446,0.041254,-0.003551,0.020443,-0.019726,0.037109,-0.038254,-0.013871,0.047082,0.039094,-0.061463,0.050764,-0.068314,0.023556,-0.063748,-0.090998,0.025514,0.008006,0.052591,-0.052367,0.029468,-0.128650,0.061815,0.001428,0.041854,-0.127601,0.148970,0.014395,-0.018672,0.059991,-0.073448,0.112597,-0.011150,-0.094532,0.002775,0.048645,-0.019507,0.011647,0.029107,0.034250,0.013101,-0.035789,-0.073795,0.094459,0.010658,0.095754,-0.012143,-0.040253,0.006136,0.048060,0.068172,0.013576,-0.000000,0.004500,0.053229,0.001592,0.010947,-0.067504,-0.008880,-0.031254,0.025693,0.009621,0.080955,0.083187,0.012679,-0.014779,0.023867,-0.105201,0.021891,0.048230,-0.042339,0.038689,0.013465,0.010297,-0.021261,-0.084799,0.010898,0.037766,0.050853,0.110259,0.015951,0.004831,-0.057631,-0.041800,-0.170863,-0.026512,-0.075725,-0.026455,0.012077,0.003584,-0.003533,-0.002748,0.010816,-0.014763,-0.022651,0.041267,0.065113,-0.009925,-0.051128,0.092219,0.004271,0.105325,0.028144,0.031435,0.091486,-0.008978,-0.005160,-0.080913,0.068791,0.016875,0.074075,-0.111323,0.014234,-0.035842,0.003823,0.048042,-0.086461,0.070395,-0.040926,0.009875,0.006455,0.005061,-0.069927,0.041991,0.000291,-0.007134,0.005656,0.020812,0.008992,-0.104517,-0.034760,0.027268,-0.002346,-0.009712,0.021048,-0.014693,0.021573,0.019055,-0.025557,0.008130,0.043098,0.016498,0.062468,0.013394,0.022183,0.007375,0.091488,-0.016458,-0.000000,0.068664,0.004589,0.044974,0.019227,0.055294,-0.006191,0.038553,0.063555,0.003060,0.036628,-0.075498,0.050604,-0.031398,0.018299,0.059100,0.055154,-0.054493,-0.070150,0.002570,-0.089967,0.014350,0.049662,0.005428,-0.034062,-0.046304,0.005201,-0.022909,0.066431,0.117039,-0.041540,0.055477,-0.020558,0.032109,-0.114472,-0.075639,-0.014153,-0.032742,0.006487,0.061165,-0.014823,-0.015498,-0.022359,-0.019933,0.085633,-0.003922,0.018678,-0.148532,-0.062432,-0.008168,-0.079824,-0.001003,-0.024353,0.006033,0.043570,0.052428,-0.003819,-0.038075,-0.004313,0.000166,-0.038988,-0.002825,-0.114166,-0.014047,0.110555
-0.089967,-0.036970,0.048206,-0.027269,-0.059922,0.058742,-0.016850,-0.063743,0.001828,-0.021650,0.074752,0.148781,0.010351,-0.012492,0.068165,-0.034331,0.008879,-0.128479,-0.048020,0.004551,-0.039778,0.005879,-0.020707,-0.012382,0.066956,-0.021737,-0.081340,0.029300,0.092454,-0.080275,-0.000925,0.128599,0.051345,0.025472,-0.002362,-0.010878,-0.011682,-0.069541,-0.029308,-0.018314,0.047160,-0.025466,-0.062028,-0.009741,0.017182,-0.025923,0.001298,0.048089,-0.026874,-0.035764,-0.063563,-0.083456,-0.043108,0.043062,0.047623,0.085424,-0.013246,-0.002693,0.011895,0.027889,-0.028341,-0.024862,-0.045173,0.061253,0.027106,-0.001330,-0.063584,-0.032206,-0.046614,0.026510,-0.055778,-0.047587,-0.032168,0.076130,-0.013238,0.067609,-0.016368,-0.016239,-0.073644,-0.090888,-0.013935,-0.089565,-0.040315,0.041753,0.001582,-0.008620,-0.021678,-0.095124,-0.002457,-0.028138,0.036420,-0.018230,0.099809,-0.031025,-0.010253,-0.003212,0.018705,0.032489,0.052397,-0.024305,0.005817,0.091672,-0.013273,-0.009481,-0.012508,-0.102142,-0.049735,-0.012954,0.009530,-0.019586,-0.063670,0.007973,0.071800,-0.072737,-0.076788,0.050737,-0.002189,0.113598,0.065892,-0.035102,0.017320,0.041629,-0.025897,-0.047460,-0.054769,0.042929,0.021317,-0.000000,-0.030968,0.020058,0.011658,-0.028073,0.088608,0.004514,-0.035777,0.030243,-0.011387,0.003018,0.030062,0.060461,-0.006385,-0.005818,-0.043997,-0.015787,-0.043921,0.070961,-0.053702,0.002927,0.047491,0.017803,-0.002809,0.026176,0.041665,0.012951,0.081326,0.082906,0.081546,0.023723,-0.024890,-0.009101,-0.050080,0.000964,-0.053214,0.096519,0.014105,-0.099275,-0.013979,-0.061778,-0.053664,0.069132,-0.039525,-0.042577,-0.043343,-0.042488,-0.046819,0.031652,0.070484,-0.015544,-0.039322,0.040050,0.061360,0.036571,0.026874,-0.063331,0.042385,-0.049787,-0.034156,0.075103,0.049693,0.035631,-0.002638,0.025420,-0.002780,0.019571,-0.001247,-0.057611,-0.030694,0.046540,0.083821,0.067818,-0.037126,-0.024679,0.019321,-0.013585,-0.075172,0.046624,0.019233,-0.089930,-0.013539,-0.001215,0.060247,0.074214,-0.040877,0.048408,0.134309,-0.005852,-0.037057,0.023697,-0.041787,0.043214,0.057136,0.075800,0.085425,0.000000,-0.057527,0.024582,-0.008065,0.032984,0.002061,-0.029561,-0.059063,-0.088392,0.049567,0.047351,0.036745,0.017642,-0.016486,-0.023576,-0.009856,-0.037622,0.078315,-0.126773,-0.009467,0.026852,0.056519,-0.011696,-0.071158,0.054334,-0.045410,0.050480,0.027735,0.014014,-0.062288,-0.058372,-0.044517,-0.108177,-0.003180,-0.023430,0.018741,-0.004452,-0.073841,0.041266,0.001874,0.063626,0.027463,-0.028227,-0.037193,0.017341,-0.019278,-0.057543,0.047918,-0.078193,-0.008890,0.006258,-0.083898,0.051565,-0.042078,0.012400,-0.087674,0.107922,0.059880,0.078539,-0.042304,0.020349,0.066018,0.067897,0.042756,-0.083239,0.070977,0.022404,0.057688,-0.044988,0.026111,-0.107300,-0.016075,-0.009059,0.027732,0.000723,-0.026647,0.001648,-0.064601,-0.069732,-0.029961,-0.002771,0.027232,-0.032180,-0.008343,0.117003,-0.004806,0.005304,0.044829,0.014809,0.025931,0.055223,-0.003419,0.013124,-0.018805,0.055048,-0.013353,-0.000000,-0.030520,-0.096160,0.055727,0.045700,0.090947,-0.066285,0.018778,0.083166,-0.061665,0.041882,-0.081744,0.068811,-0.051827,0.008437,0.052501,0.032062,0.018873,-0.072109,-0.090905,-0.016284,-0.032078,0.066359,0.059062,-0.034428,-0.052005,0.042905,-0.022258,0.004977,0.119339,-0.008284,0.037177,0.004621,0.029362,-0.032771,-0.078197,0.008663,-0.044710,0.011892,0.045609,-0.092804,-0.011905,-0.070091,-0.026263,0.111440,0.058710,0.013801,-0.117920,-0.099439,-0.001754,-0.072297,-0.065942,-0.029077,0.058000,0.028538,0.036583,-0.042171,-0.001391,-0.038335,0.030492,0.023868,0.071095,-0.063036,0.037386,0.075788
0.007338,-0.010056,0.000952,-0.035866,0.036720,-0.008995,-0.034294,-0.044893,0.077689,-0.024421,0.015553,0.014905,-0.021221,0.042995,0.070040,-0.070792,0.032628,-0.060574,0.005077,0.040135,-0.098590,-0.023707,0.018387,-0.012834,0.010135,-0.011340,-0.021041,0.058197,0.038196,-0.071886,-0.049100,0.083824,0.031188,-0.030367,0.038428,0.049906,0.017519,-0.054945,-0.060176,-0.027368,0.048490,-0.046700,-0.058838,0.016580,0.027175,-0.022591,-0.024681,-0.020428,0.023522,-0.031196,-0.038211,-0.102518,0.020471,0.019527,-0.023071,0.083271,0.017292,0.034718,0.004947,-0.002326,0.022978,0.003399,-0.029150,0.059776,0.097862,0.005689,-0.063897,-0.008947,-0.016292,0.059427,-0.081386,-0.048038,-0.028891,-0.130438,0.006750,0.063815,0.038436,0.017246,-0.038560,-0.050705,0.035140,-0.102858,-0.084900,0.012525,-0.043243,0.010882,-0.042262,-0.059958,-0.027866,-0.051796,-0.021637,-0.023202,0.039020,-0.004480,0.021024,0.034240,-0.023493,0.015811,0.021144,0.029369,0.029360,0.063500,0.005286,-0.027769,0.067436,-0.030030,-0.013863,-0.027385,0.001990,-0.046637,-0.043954,-0.046204,0.003854,0.003904,-0.056248,0.069084,-0.023289,0.115506,-0.001712,-0.023526,0.027672,-0.006483,-0.009197,-0.061131,-0.071945,0.061626,-0.097149,-0.000000,0.016011,0.004475,0.041358,-0.009098,0.087183,0.019768,-0.045221,-0.073380,-0.005595,0.031766,0.005381,0.049687,0.001360,0.013426,0.045047,-0.101700,-0.101929,0.004327,-0.044746,0.012837,0.040001,-0.095999,-0.082225,-0.058824,0.115005,0.038412,0.064074,0.038350,-0.001187,-0.005554,-0.039573,0.050752,-0.044852,-0.052255,-0.057555,0.094767,-0.077042,-0.039985,0.029273,0.005428,-0.041815,-0.029972,-0.069656,-0.055085,0.072260,-0.018036,0.090091,-0.056587,-0.037155,0.056917,0.015703,-0.010066,-0.045508,0.053830,0.007349,-0.032497,0.053347,0.022595,-0.081783,0.033385,-0.057027,-0.017572,0.011504,-0.034939,-0.081213,0.143925,-0.033355,0.066674,-0.025218,0.147471,0.005694,0.054427,0.017479,0.053333,0.027301,-0.012971,-0.114992,0.022571,0.108439,-0.031425,-0.036561,0.013499,0.042022,0.084492,0.040697,-0.080795,0.066196,-0.047750,-0.056019,0.079691,0.019636,0.096146,0.062700,0.094205,-0.047158,-0.000000,-0.059798,0.021743,-0.051430,0.021321,-0.110561,-0.048052,0.060351,0.016519,0.036818,0.023651,0.018069,0.081562,-0.024918,0.036311,-0.105126,-0.031757,0.070776,-0.092599,0.104261,-0.037097,0.029400,0.034874,-0.065481,0.056480,-0.024318,0.007862,0.127844,-0.087667,-0.106682,-0.098308,-0.036792,-0.069800,-0.050222,-0.001463,0.060361,0.001476,-0.019650,0.000627,-0.029360,0.061373,0.000193,-0.021664,0.006164,-0.003759,-0.089899,0.020278,0.080699,0.000420,-0.042813,0.054669,0.012108,-0.009048,0.027794,0.050905,-0.081465,0.047695,0.015691,0.041615,-0.019655,0.033169,0.079177,0.031271,0.032434,-0.027021,0.071833,-0.014029,0.025735,0.055571,0.062114,-0.021305,0.033479,-0.055637,-0.042516,0.004903,-0.010186,-0.055299,-0.060329,-0.054302,0.037177,-0.079065,-0.012043,0.005790,0.006262,-0.002786,-0.017254,-0.008930,-0.021768,0.025617,0.016818,0.008984,-0.027466,0.063656,-0.061838,0.034818,-0.008350,-0.000000,0.036501,-0.025603,0.038312,-0.002616,0.022701,0.013683,0.057477,0.080298,-0.045641,0.015922,-0.041129,0.008451,-0.076605,-0.000993,0.097446,0.138152,-0.049848,-0.014324,-0.052784,-0.072633,-0.017103,0.105100,0.017877,0.017271,-0.035798,0.029750,-0.024325,0.057322,0.018410,-0.048774,0.027079,-0.022529,0.013702,-0.023032,-0.016924,0.056233,-0.076714,-0.024106,0.133909,0.036386,-0.073750,-0.036952,-0.040225,0.034531,-0.107082,-0.015919,-0.061210,0.020961,-0.065279,-0.064400,0.019806,-0.014526,0.054335,0.042082,0.043154,0.028279,-0.011770,0.027930,0.033925,0.018665,0.040001,-0.035953,0.022299,0.082328
-0.103988,0.042473,0.029138,-0.112293,-0.007134,0.033549,-0.007592,-0.035570,-0.066682,-0.011839,0.041578,0.099188,-0.027618,-0.001033,0.057309,-0.018056,-0.073429,0.039807,-0.013096,0.029041,0.017346,0.068831,0.096920,0.046356,-0.023472,0.076349,0.019072,-0.031274,-0.066149,-0.016764,0.058749,0.022239,0.048701,0.006272,0.005962,0.019334,0.054820,-0.053432,0.036529,-0.063732,0.018011,-0.045659,0.041257,0.035966,-0.009407,0.074714,-0.001008,-0.089670,-0.019218,-0.039222,0.066481,0.006392,0.009119,-0.104106,-0.001464,0.100123,-0.014771,-0.059392,0.086444,-0.038112,-0.017207,0.012226,0.051040,-0.010510,-0.070356,-0.010674,-0.014435,0.028844,-0.017739,0.097727,-0.013158,0.046626,0.004442,-0.015104,-0.035875,0.031468,0.001883,0.012918,-0.015337,-0.034785,0.017794,-0.019036,0.032029,-0.039589,0.015346,-0.003630,-0.008073,-0.085451,0.038357,-0.024108,-0.075944,-0.007703,0.003397,0.054890,-0.020863,0.010559,0.005994,0.084120,0.004150,0.059894,0.017532,0.027154,-0.013557,-0.139588,0.117830,-0.040595,0.031670,-0.014226,-0.020665,0.003592,-0.012944,0.006291,-0.021884,0.055393,0.056063,-0.007449,-0.030495,-0.034623,0.034367,-0.082540,0.009811,0.082587,-0.042190,0.036051,0.006459,-0.104458,0.034562,-0.000000,-0.011150,0.044135,0.033911,0.006127,0.022495,0.064879,0.004931,-0.016911,-0.017731,0.019285,0.086582,-0.038059,0.027532,-0.025398,0.012687,0.075240,-0.026651,-0.019219,-0.023029,-0.021897,0.048325,0.009191,0.059977,0.043393,0.000950,-0.004981,-0.050943,-0.019615,-0.063251,-0.025845,-0.013768,0.031184,-0.086060,0.102761,-0.083444,-0.027963,0.018390,0.009708,-0.019560,0.030440,-0.043829,0.033324,-0.074682,0.059052,0.108066,-0.001436,-0.031606,0.044211,-0.035669,0.008197,0.045283,0.025043,0.066396,-0.010787,-0.090720,0.095301,0.033228,0.021554,-0.053829,-0.005309,-0.006907,-0.041072,-0.004254,-0.071481,-0.022449,-0.014638,-0.000642,0.011578,-0.055958,-0.079797,-0.081524,0.052001,-0.072586,0.024571,-0.063114,-0.011437,0.022610,0.007695,-0.000734,-0.024677,-0.024746,-0.012316,0.010700,-0.079663,0.070574,-0.071232,0.050399,0.023407,0.004376,0.003535,-0.045785,0.031270,-0.015866,0.021171,-0.061160,0.000000,-0.038111,0.078626,-0.035378,0.128251,0.040486,-0.046444,-0.000217,-0.049983,-0.041287,0.085971,0.073339,-0.018626,0.019584,0.024164,0.010745,-0.046587,0.025227,-0.091917,0.030664,-0.079070,0.022131,0.046334,-0.005685,-0.008678,-0.037027,0.045266,0.019148,0.005308,-0.097282,-0.021586,0.011978,-0.030118,-0.081613,-0.012581,0.076007,0.011510,0.061135,0.067879,0.043659,-0.022148,-0.023265,0.007980,-0.140282,0.036774,0.006091,0.041470,0.065380,-0.065753,-0.076498,-0.040482,0.013426,-0.048749,-0.161756,-0.059324,-0.030541,0.003329,0.075627,-0.002107,0.070799,-0.018021,-0.050826,-0.015818,0.003442,-0.104805,0.058558,0.014058,0.059652,-0.092562,-0.091905,0.026343,0.017518,-0.027227,-0.083439,0.172816,0.036305,0.006052,0.032382,0.011445,-0.070763,0.037221,0.069410,-0.106669,0.005391,-0.033133,0.070609,0.034459,0.021631,-0.045741,0.017566,0.021262,-0.096244,-0.043831,0.071662,-0.070979,0.017472,-0.000000,0.024185,0.042089,-0.038780,0.116071,0.043534,-0.016605,-0.020629,0.055137,-0.018846,-0.028634,0.038441,0.020956,-0.011965,0.042596,0.030348,-0.081584,0.015374,-0.013486,-0.039783,0.118135,0.021448,0.093339,-0.091214,0.006300,0.011051,0.059600,-0.087720,0.046096,-0.021592,0.034270,0.027604,-0.021014,-0.041710,0.052098,-0.052140,-0.092862,0.020632,0.000611,0.052873,-0.013876,-0.002865,0.055155,0.048337,0.110296,0.002429,-0.002154,-0.138174,0.067060,0.037954,-0.029080,0.016537,-0.004372,0.026221,0.042940,0.107394,-0.051040,-0.031354,-0.026388,-0.088153,0.035548,0.070923,0.024395,-0.024376,-0.014219
-0.026845,-0.041926,0.041793,-0.075440,-0.040426,0.027733,0.012097,0.026221,0.034788,-0.007695,-0.054245,0.137042,-0.046762,-0.015289,-0.004009,0.012688,0.008301,-0.015586,-0.008229,0.058056,0.030187,0.051346,-0.045962,-0.008422,0.066940,0.021012,-0.023554,0.030979,-0.004821,-0.054416,-0.041803,0.066424,0.001623,0.064383,0.037587,-0.011061,0.073376,0.079748,0.008153,0.036900,0.048396,-0.067638,-0.070836,0.007442,-0.006077,-0.054387,0.049010,0.028044,0.085899,0.073027,-0.004102,0.046982,0.029273,-0.014685,-0.024566,-0.000934,0.064603,-0.012276,-0.021328,0.073050,-0.091549,-0.024177,0.018868,-0.011298,-0.022833,-0.041358,-0.067307,0.057856,-0.089464,-0.009346,0.057583,-0.027792,-0.017667,-0.056624,0.014898,0.014906,0.021213,0.103046,0.035478,-0.050933,0.030215,-0.008965,-0.029389,0.018628,-0.004086,0.012774,0.026926,-0.123027,0.097424,0.018250,-0.049958,-0.036337,0.042639,0.035207,-0.059187,0.014330,-0.057828,-0.095684,0.088997,0.036825,-0.034580,0.068731,0.013980,-0.039224,-0.001609,-0.037556,0.100818,0.103709,-0.033648,0.003315,0.034571,0.000013,-0.039173,-0.021934,-0.020338,0.075842,-0.083380,0.037258,0.077600,0.016524,0.012863,0.006263,0.004140,0.036491,-0.021279,-0.015801,0.029152,-0.000000,-0.052047,0.030116,0.062288,-0.062733,0.011342,0.048246,-0.046241,0.068790,-0.071702,0.028955,-0.007357,-0.063826,0.013127,0.009807,0.008950,-0.040838,-0.127680,-0.016945,0.026145,0.051051,-0.018940,-0.031048,0.036240,0.025037,0.011286,0.058079,0.005583,0.027354,0.021647,0.020904,-0.039843,-0.008480,0.062392,0.062124,-0.107299,0.046059,0.041117,-0.082830,0.025092,0.087282,-0.060484,-0.000376,0.010785,0.014652,-0.136101,0.086703,0.037492,0.016691,-0.051113,0.067921,-0.009420,0.027607,0.028329,-0.038727,-0.037939,-0.023310,-0.040191,-0.052355,0.021628,-0.008523,0.037018,-0.041995,-0.041472,0.036268,0.004943,0.050283,0.052321,-0.017501,0.016033,0.029557,-0.003114,-0.000939,-0.101137,0.003678,-0.085872,-0.029685,-0.037229,-0.017995,0.096070,0.046755,0.018949,-0.035172,0.080689,-0.085148,0.082240,-0.023921,0.054181,0.038920,-0.003489,0.013887,-0.069035,0.012699,-0.067910,0.076290,-0.012627,0.000000,-0.035323,0.019688,-0.004050,0.043741,-0.047467,0.008042,0.078975,-0.012481,-0.029211,0.068967,0.008557,0.069760,-0.069371,0.038259,0.026616,-0.058953,0.079827,-0.061815,0.087329,-0.043856,-0.002264,0.013272,-0.036866,0.073490,-0.056864,0.033377,-0.098051,0.030672,-0.058039,0.095965,-0.036169,-0.024273,-0.125744,-0.052938,-0.058175,0.017163,-0.014271,0.008129,0.036491,-0.035549,0.025659,-0.025164,-0.079763,-0.036041,0.038869,-0.003514,0.049552,0.042311,-0.036343,0.064641,-0.097019,0.021339,-0.076674,0.054911,-0.132886,0.061830,0.034204,0.063701,-0.051529,0.000047,0.030987,-0.016041,-0.030357,0.005193,0.010213,-0.048135,0.105871,-0.117024,0.019285,0.011873,0.039674,-0.034474,-0.077094,0.001133,-0.081716,0.105054,0.031636,0.012511,-0.045096,0.004505,0.029996,-0.069410,0.078093,-0.039912,0.001746,0.006670,0.013381,-0.060273,-0.011536,0.034934,-0.074559,-0.019319,-0.060046,0.022596,-0.030568,-0.000000,0.033945,-0.028154,0.021783,0.058962,0.071831,-0.035838,0.069178,0.077264,-0.010018,-0.024669,0.130676,0.073513,-0.016547,0.033956,-0.016778,-0.005553,0.005773,-0.052737,-0.031319,-0.006569,-0.021562,0.036295,-0.009217,0.031277,-0.036722,-0.011097,-0.048630,0.098227,0.042059,-0.057357,0.003292,-0.034160,-0.053394,0.071379,0.029505,-0.053191,-0.105551,0.009783,0.009459,-0.002154,0.001259,-0.011136,-0.009151,0.036877,0.010232,0.021052,-0.137063,-0.005190,0.030390,-0.065291,0.039117,0.039205,0.006046,-0.082685,0.067117,-0.122352,0.008224,0.030837,-0.127890,0.048777,0.036175,-0.093986,0.103707,0.006057
-0.069421,0.066653,0.001701,0.023268,-0.001334,0.029416,-0.007969,0.016729,-0.006691,-0.035327,0.068530,-0.003574,0.053673,0.026394,0.021106,0.036041,0.014453,-0.043120,-0.010763,0.020860,0.084741,-0.028376,0.053700,-0.038242,0.026580,-0.083167,-0.013380,0.098305,0.063447,-0.060479,-0.014272,0.043462,0.004590,0.009856,-0.006005,0.046369,-0.019430,-0.031954,-0.054521,-0.017290,0.058485,0.006922,-0.016019,0.018066,0.040297,-0.053474,0.035394,-0.002663,-0.058226,-0.099581,-0.030409,-0.005759,-0.012688,0.057899,-0.026517,0.066508,-0.033711,-0.057141,-0.027641,0.009990,0.067272,0.013733,-0.029605,0.055660,0.104492,-0.031364,0.000302,0.035920,-0.086932,0.072781,-0.056029,-0.025843,-0.037204,-0.092629,0.005238,0.036018,-0.093450,-0.005053,-0.055463,0.001669,0.076716,-0.032740,-0.069764,-0.009448,-0.041309,-0.006803,0.007306,-0.094384,-0.009627,0.033146,-0.063339,-0.064481,0.108963,0.073938,-0.024894,0.038984,0.018545,0.045799,0.107349,0.023531,-0.007514,0.014422,-0.075312,-0.044100,0.041614,0.006490,-0.041040,-0.042322,-0.015134,-0.025830,0.015163,-0.038610,0.095141,0.044631,-0.025347,0.149600,0.053473,0.193631,-0.022877,0.026499,0.067713,-0.022934,-0.022949,0.029672,-0.017440,0.001579,-0.014166,-0.000000,0.006257,-0.034270,0.035433,0.027622,0.050014,-0.011065,-0.038039,-0.013833,0.003104,-0.041043,-0.022973,-0.054156,0.045700,0.041477,-0.003735,-0.034073,-0.070142,0.040100,-0.033931,0.029996,0.031850,-0.051398,-0.035579,-0.051369,0.123462,0.039187,0.092422,-0.051830,-0.043388,0.016453,-0.117094,0.064866,-0.049740,-0.000804,-0.030556,0.100310,-0.021249,0.037832,-0.056717,-0.032973,-0.074318,0.035916,-0.026854,-0.034444,0.031272,-0.110886,0.097061,-0.015847,-0.037188,-0.029208,0.037933,0.000177,-0.031933,0.033753,0.044520,-0.010811,0.020264,0.058790,-0.039580,0.082372,-0.029773,0.009018,-0.017602,-0.008002,-0.094043,0.082249,-0.000876,-0.052027,-0.016309,0.115566,0.048660,0.070076,0.047359,0.063918,0.008165,0.009182,-0.065019,-0.004238,0.083522,-0.018363,0.057035,-0.041145,-0.022930,0.003964,-0.014013,-0.046504,0.079766,-0.089210,-0.049909,-0.016150,-0.010555,0.084347,0.080006,0.030200,-0.047885,0.000000,-0.039565,-0.009199,-0.029592,-0.001239,-0.043477,-0.016079,-0.008437,-0.003357,0.035293,0.029963,0.080026,0.047872,-0.033531,0.058092,-0.058129,-0.067884,-0.011627,-0.054834,0.016333,0.047948,0.016332,0.131229,0.010072,0.007606,0.029009,0.052270,0.073761,-0.038981,-0.022622,-0.066975,0.057825,-0.117114,-0.127715,-0.051373,0.072117,-0.023920,0.081232,-0.098358,-0.025901,0.041549,0.053965,-0.004845,-0.050151,0.046862,-0.051396,-0.047070,0.168412,0.047102,0.008810,-0.002516,-0.000694,-0.015817,-0.049669,0.102091,-0.077722,-0.003676,0.051049,-0.015033,0.005260,0.018883,-0.042130,0.000647,-0.011534,0.018380,0.033622,-0.045184,-0.038324,0.073935,0.054727,0.014833,0.031948,0.018171,-0.043477,-0.029919,0.025471,0.038066,0.003130,0.006750,0.058022,-0.063088,-0.007428,-0.050980,0.022232,-0.022426,-0.002947,-0.053499,-0.032003,-0.011749,0.088766,0.030670,-0.064608,0.019308,0.037532,-0.023164,0.027176,-0.000000,0.031250,-0.029733,0.060504,0.037261,-0.040034,0.004832,-0.045054,0.073557,-0.072851,-0.018225,-0.038916,0.047741,-0.019852,-0.024557,0.014633,0.125122,0.003018,-0.007028,-0.039463,-0.065864,0.026046,0.048947,-0.024711,0.041536,-0.111366,0.009800,-0.089107,-0.011829,-0.048713,0.000090,0.041152,-0.060305,-0.014850,0.021820,-0.058671,0.021447,-0.078670,-0.014998,0.080241,0.032477,-0.011248,0.014876,-0.063249,0.077461,-0.022491,-0.059346,0.006925,-0.091472,-0.042908,-0.110743,0.001514,-0.016876,-0.028273,0.011971,0.066296,0.031226,0.025986,0.047953,0.003495,-0.028770,0.095920,-0.082669,0.028291,0.016281
0.009043,0.056435,-0.015718,0.015724,0.001270,-0.007009,0.043236,-0.008035,0.010992,0.067621,-0.018157,-0.009220,0.015042,0.026055,-0.019442,-0.048002,0.011246,-0.089817,-0.059632,0.020682,-0.024070,-0.005310,0.022880,0.033368,0.139754,-0.099843,-0.040840,0.038542,0.096846,-0.031955,-0.046797,0.049273,0.032278,-0.027567,0.039499,0.044387,0.015643,-0.040023,-0.094872,0.049890,0.051624,0.024174,-0.077968,0.004931,0.005668,0.022895,-0.027182,0.054015,-0.000984,-0.015969,0.030514,0.034982,-0.052186,-0.007614,-0.000715,0.015922,0.027031,-0.076381,0.021368,0.062117,-0.060515,-0.014446,-0.009932,0.017575,0.044056,-0.071276,0.024589,-0.041411,-0.068541,0.040507,-0.121244,0.000599,0.012535,-0.056845,0.046503,0.041001,0.026375,0.063455,0.021671,-0.014382,0.100505,-0.088298,-0.042386,-0.003202,0.013198,0.011945,-0.007050,-0.075584,0.028126,-0.030072,0.047294,-0.092357,0.084908,0.017539,0.006983,0.048450,-0.036127,0.109380,0.079699,-0.009597,0.014750,0.041492,0.018751,-0.010601,-0.033961,-0.011361,0.044657,-0.021448,-0.001512,0.014904,-0.019102,-0.069020,0.000053,0.012732,-0.026381,0.058761,0.047606,0.078646,0.033714,0.017777,0.010685,0.008840,-0.057218,-0.000347,-0.077477,-0.052652,-0.062732,-0.000000,0.004576,0.038624,0.006150,-0.032689,-0.071392,-0.024836,-0.012810,0.057165,-0.004792,-0.073365,0.027821,-0.017824,-0.005117,-0.021105,0.129224,-0.036693,-0.073197,0.018343,0.053252,-0.041401,0.041693,-0.082593,0.032129,-0.012750,-0.003458,0.059067,0.054960,-0.002301,0.024182,-0.025530,-0.077346,0.034398,-0.039213,0.042999,-0.028080,0.062997,0.069184,0.003489,-0.005465,0.002201,-0.073928,0.052967,-0.012325,-0.051023,-0.006436,-0.032541,0.034821,-0.035413,-0.029111,-0.024129,-0.019666,0.029329,-0.009919,0.000778,-0.009191,-0.067089,0.066839,0.008797,-0.054101,0.097083,-0.037532,-0.011876,0.045531,0.057916,-0.067662,0.080500,-0.010031,0.035850,-0.068658,0.094659,-0.025210,0.006532,0.028810,0.027651,0.050346,0.021657,0.019310,0.017035,0.046527,-0.009599,-0.127828,0.012636,0.001360,0.008800,-0.003534,-0.125787,0.125289,-0.004041,-0.021085,-0.031149,-0.022386,0.048779,-0.001032,-0.018838,-0.012397,0.000000,-0.080416,0.041708,0.050007,0.031136,-0.036471,0.021437,-0.057537,-0.069815,0.036722,0.076235,-0.012233,0.029649,-0.033951,0.014567,-0.060169,-0.060817,0.031678,-0.108874,0.005093,0.013252,0.006913,0.092083,0.017689,0.005899,-0.053039,0.062699,-0.049064,-0.032016,0.037870,0.008964,-0.063937,-0.111943,-0.077515,-0.032734,-0.073737,0.021874,0.038470,0.056869,0.001978,0.033640,0.033737,-0.044920,-0.084418,0.049544,0.003233,-0.019980,0.036562,-0.088156,0.029786,-0.014434,0.000195,0.039126,-0.059419,0.072261,-0.123452,0.033076,0.022939,0.058198,-0.000614,-0.024554,0.053313,0.045729,-0.051921,0.004515,0.034302,0.013078,0.048467,0.002432,-0.010008,-0.033570,-0.026508,0.043066,0.016920,-0.026157,0.009322,0.106591,-0.066580,-0.005745,0.103527,-0.037580,0.084464,-0.069242,-0.019674,-0.037110,0.044827,-0.081820,0.082308,0.005024,-0.019115,0.093498,-0.045302,0.028034,0.098281,0.104021,-0.074116,-0.000000,0.049595,0.007063,0.025649,0.048035,-0.013306,-0.084691,-0.012844,0.155133,-0.039860,0.101703,-0.053570,0.025158,0.054358,0.046990,-0.038906,0.074103,-0.108965,0.003322,-0.030768,-0.049037,0.010475,0.084524,-0.066167,-0.006655,-0.045336,0.026964,-0.066588,0.053018,0.065429,0.004261,0.008876,-0.043742,0.023618,-0.023947,-0.002830,-0.042268,-0.084647,-0.006833,0.010545,0.019920,-0.057078,-0.025375,-0.061953,0.069806,0.031764,0.017500,-0.225279,-0.007954,-0.050690,-0.131556,0.020781,0.038574,-0.025378,-0.003155,0.076543,-0.038232,0.035446,-0.012622,-0.009005,-0.024583,-0.000546,-0.074809,0.022467,0.074079
-0.093330,0.007237,-0.061381,0.001944,-0.052584,0.039448,-0.076889,0.021799,0.001113,0.009329,0.038637,0.089825,0.014718,-0.018836,0.010666,-0.046133,0.009628,-0.054006,0.037347,0.010847,0.006435,0.090036,-0.047846,-0.014484,0.051731,0.012985,0.033867,-0.000769,-0.009073,-0.033836,-0.048024,0.060871,0.010244,0.035568,-0.035363,0.007185,0.016189,0.074811,0.019501,0.012452,-0.003493,-0.073794,-0.044817,0.012226,0.063320,0.012972,-0.032963,-0.032941,0.029260,0.027822,0.029898,-0.013451,-0.039161,0.026482,-0.045238,-0.002390,0.010628,0.028798,0.101666,0.062418,-0.026275,-0.014023,-0.061034,0.039273,0.064980,-0.024558,0.057933,-0.011568,-0.011713,0.014212,-0.016471,-0.027577,-0.030023,0.032255,-0.000201,0.086582,0.043333,0.058345,0.082211,-0.029372,0.048828,0.043767,-0.089433,0.064518,0.003644,0.065552,-0.036271,-0.140430,0.090381,-0.000039,0.015375,-0.015833,0.031322,-0.038430,-0.012916,0.012712,-0.093716,-0.030592,-0.001547,-0.001145,-0.006248,0.053371,-0.073518,0.054062,-0.057284,0.043388,0.041546,0.028749,-0.041937,-0.002616,-0.003437,0.072057,-0.004977,-0.097072,-0.036462,-0.054672,-0.001348,0.040127,0.085145,0.065867,-0.049237,-0.013007,-0.095674,-0.011061,-0.038266,0.047751,0.045165,-0.000000,0.012592,0.053155,0.073608,-0.047838,-0.024619,-0.015533,-0.113654,-0.021876,-0.026791,0.008565,0.023304,-0.085210,0.006292,-0.083029,0.034988,0.015362,0.016547,-0.041192,-0.001279,-0.074950,-0.045989,0.050699,0.109448,-0.051465,0.081026,-0.019450,0.096881,0.025792,-0.038671,0.011731,-0.029063,0.014176,0.060464,0.015696,-0.013151,0.060339,-0.000542,-0.105188,0.030779,-0.027137,0.044343,0.057082,0.039597,0.051680,-0.065159,0.044110,-0.107206,-0.020552,0.037717,0.032784,-0.030206,0.027985,-0.005212,-0.000425,0.038923,-0.003065,0.026070,-0.003899,-0.001352,-0.012788,-0.012940,0.071107,-0.003405,0.012548,-0.020961,0.051111,-0.097036,0.033814,0.011279,-0.031315,-0.044538,0.010438,-0.032132,0.055523,-0.039875,-0.061145,0.001629,0.050594,0.117223,-0.019695,-0.129504,0.031884,-0.019969,-0.009344,0.043151,-0.050026,0.001306,-0.148507,-0.023373,-0.054840,-0.021079,-0.009693,0.011759,0.086301,-0.033671,0.000000,-0.049111,0.004116,-0.009963,0.080454,-0.006389,-0.065912,0.011094,0.002437,0.008464,0.143904,-0.009979,0.036233,-0.042330,-0.022780,0.114480,0.008740,0.071190,0.004358,0.026502,0.006227,0.097322,-0.022147,0.048555,0.047495,0.062220,-0.053811,-0.019818,0.045553,-0.070043,-0.015733,0.024758,-0.017029,-0.130764,0.037866,-0.097244,-0.035503,0.016152,0.047367,0.001507,0.009680,0.037706,0.015456,-0.008388,0.048293,-0.022725,0.044723,0.105044,0.046166,-0.005793,-0.009157,-0.030084,-0.010352,-0.034522,0.097833,-0.041544,0.005628,0.017176,0.013432,-0.045425,-0.075026,0.157124,0.019814,-0.051291,-0.089439,0.061200,-0.022600,0.097746,-0.030560,0.001399,-0.055677,0.071324,-0.025385,-0.148371,0.011951,-0.089575,0.013938,0.033491,-0.092630,-0.050237,-0.000970,-0.005135,-0.007805,-0.063810,0.075143,0.096172,0.097825,-0.030970,0.039950,0.090233,0.086903,-0.101674,-0.021386,-0.052780,0.023386,-0.026489,-0.000000,-0.005744,0.052531,-0.008116,-0.019424,0.069952,-0.056505,0.038729,-0.032474,0.017818,0.014942,-0.004663,0.005283,-0.085561,-0.083986,0.036175,0.053384,-0.011076,0.001962,-0.050810,0.021908,-0.002364,0.023756,-0.004318,-0.013426,-0.090595,0.013462,-0.000053,0.097812,0.005773,-0.041734,0.007102,0.006988,0.082064,-0.080023,-0.036537,0.045747,0.078125,0.036867,0.076921,0.017995,-0.050790,0.007438,0.061773,0.098643,-0.046182,0.052748,-0.043927,0.046695,-0.043676,-0.100821,0.021789,-0.064333,-0.051080,0.000876,-0.025353,-0.059221,-0.023668,-0.007400,-0.011364,0.005598,0.076205,-0.064519,0.003643,0.040853
0.048736,0.127103,0.082600,0.000756,0.040651,-0.045667,-0.010265,-0.003321,-0.073879,-0.028978,0.037876,0.081790,-0.017668,0.002707,0.029943,0.015495,0.020178,-0.040447,-0.057656,0.029945,-0.087565,0.045536,0.011908,0.008271,0.027398,0.089194,-0.007651,0.028209,0.026130,-0.063440,-0.023336,0.085521,0.105876,-0.056900,0.038209,0.038333,0.093257,0.042035,-0.014536,0.020161,0.030505,0.026481,0.050363,0.053441,0.017184,0.003179,0.041809,-0.107191,0.022492,-0.041031,0.094399,-0.009920,0.032688,-0.098926,0.013368,-0.012708,0.036278,0.029225,0.054371,-0.041590,-0.024558,0.026243,0.016875,0.098712,0.043619,-0.100616,-0.103961,-0.106488,0.036484,0.008643,-0.027212,0.015293,0.103603,-0.030671,-0.082183,-0.011579,-0.014236,0.005414,-0.002993,-0.002032,0.010348,-0.015775,-0.043969,0.034685,-0.040665,-0.031549,0.063000,-0.055089,-0.029114,0.049258,0.051497,-0.045728,0.059844,0.031204,0.050437,-0.006061,-0.076004,-0.052466,0.025066,0.040340,-0.006497,0.046997,0.010512,-0.046910,-0.035640,-0.001227,-0.054425,0.032852,-0.026208,0.026360,-0.056285,0.016549,0.009921,-0.038600,0.047900,-0.010407,0.071500,-0.035432,-0.071925,0.081888,0.043846,0.008595,-0.049857,0.063013,-0.028487,-0.033394,0.039035,-0.000000,0.064477,0.021947,-0.086267,0.038532,0.026893,0.053986,-0.009756,0.004300,0.001187,0.035009,0.051488,0.068014,-0.033409,-0.018928,0.042219,0.031454,-0.106718,0.047321,0.080266,-0.001219,-0.018884,0.015578,-0.038941,0.020734,0.041972,0.074594,0.021118,0.026933,-0.017970,-0.018786,-0.080295,0.046347,0.010780,-0.049538,0.074732,0.064759,0.005363,-0.073917,-0.026491,0.027490,-0.006448,-0.014106,-0.014869,-0.004399,-0.148095,0.032459,-0.024526,0.008780,-0.037197,0.054317,-0.046665,0.002461,0.080508,-0.020475,-0.063897,0.050220,-0.019088,-0.018180,0.040525,-0.000609,-0.014027,0.017770,0.045389,-0.082213,-0.011309,-0.008875,0.004944,0.038575,0.008324,0.004635,-0.146101,0.021707,0.013711,-0.043467,-0.060433,0.070112,-0.000573,-0.077015,-0.058298,-0.047981,0.042044,0.008726,0.091190,-0.031424,-0.046702,-0.036702,0.101025,-0.009603,0.015191,-0.007543,-0.040934,0.014158,0.002547,-0.108093,-0.052141,0.000000,-0.118392,-0.025381,0.015072,0.008095,0.015802,0.067944,0.006878,0.020065,0.000294,0.067737,0.030386,-0.008250,0.000799,-0.047394,-0.063275,0.040966,0.031851,0.022107,0.107150,0.016697,0.010062,0.048096,0.062675,-0.051241,-0.002399,0.093558,-0.011432,-0.037847,-0.028328,-0.007192,0.113593,-0.003193,-0.025917,-0.013155,-0.052628,0.003717,0.125638,0.031345,0.037013,-0.087288,-0.056222,-0.101946,-0.071346,0.128879,0.012870,-0.074628,0.006623,-0.020997,0.046433,-0.004239,-0.018635,-0.003373,-0.019519,0.021210,-0.041389,0.024861,0.018855,0.007238,0.063504,-0.053313,-0.077777,0.014246,-0.084968,-0.181901,0.045876,0.007995,0.002358,-0.104634,-0.016796,-0.039584,-0.021353,-0.056657,0.011331,0.059458,0.089056,-0.001321,0.015013,-0.065729,0.006541,0.051866,0.027454,-0.070288,0.002270,-0.054327,0.079011,0.041333,-0.103408,-0.072173,-0.007975,0.079669,-0.018050,0.028991,0.039339,0.009695,0.002824,-0.000000,0.002431,0.014543,-0.049827,0.017474,-0.031647,-0.010127,0.036270,0.109620,-0.072994,0.097131,-0.015954,0.074406,-0.035709,-0.009802,0.018942,0.038256,0.057811,-0.059307,-0.034597,-0.016574,0.072454,0.058712,-0.073517,-0.044686,0.033579,-0.036295,0.029259,0.008285,-0.015143,-0.036956,0.008447,-0.057790,-0.046758,0.008201,-0.017918,-0.000476,-0.026988,-0.054640,0.045107,-0.048453,-0.037242,-0.059803,0.078353,0.096042,0.006105,0.006732,-0.051218,-0.077247,0.031928,-0.111534,0.040044,0.031191,-0.100207,0.004296,0.098287,-0.035362,0.016147,-0.034892,-0.034587,-0.027639,-0.044788,-0.013760,-0.065141,0.019121
0.027338,-0.013391,0.108681,0.068311,0.031854,-0.060722,0.014005,-0.024816,-0.009185,-0.031169,0.063505,0.042620,-0.052166,-0.045104,0.038861,0.008114,-0.019847,-0.076084,-0.100454,0.043872,-0.105161,-0.014100,-0.119895,0.056876,0.065644,0.101838,-0.090096,0.071840,0.017013,-0.059612,0.003378,0.051584,-0.016593,0.019826,-0.019952,0.004856,-0.008119,-0.033137,0.037336,-0.041841,0.058596,0.046976,0.005191,-0.012284,0.009404,-0.009707,-0.025579,0.029222,0.048231,-0.010933,0.029349,0.010655,-0.072129,-0.033048,-0.050313,0.090470,0.023449,-0.009007,0.015268,0.025320,-0.006461,-0.033885,-0.052103,0.047787,0.010990,0.012663,-0.032810,0.056844,0.044839,0.044619,0.046871,-0.018171,-0.071659,-0.015609,-0.026953,-0.042326,0.058907,-0.086650,0.032504,0.022928,-0.050536,0.044670,-0.037210,-0.060074,-0.007823,-0.000331,0.050123,-0.019433,0.047166,0.022242,-0.021186,-0.049869,0.010722,0.062026,0.054096,0.014144,-0.021759,0.076080,0.028314,0.030156,0.095868,0.073915,0.037470,0.001335,-0.094285,-0.008812,-0.076885,0.025183,-0.119328,-0.010121,-0.093443,0.035867,0.021209,-0.028779,-0.096605,0.088521,-0.084577,-0.017777,-0.012104,-0.054769,0.025590,0.038680,-0.025428,-0.009731,-0.101761,-0.068043,0.036973,-0.000000,-0.092703,-0.070513,-0.014630,0.077782,0.077002,0.042678,-0.064456,0.045704,-0.019683,0.006099,-0.022768,0.068172,-0.091163,0.001478,-0.040799,-0.096302,-0.010535,0.081439,0.052885,-0.042877,0.013522,-0.061025,-0.087373,-0.026899,-0.011048,0.027247,0.020584,0.004432,0.002949,0.020253,0.052579,0.070666,0.031016,-0.054306,-0.017187,0.089298,-0.011252,-0.080822,0.071500,0.000592,-0.032461,0.037091,-0.090604,0.010879,-0.058461,0.062741,-0.004340,0.006118,-0.031383,0.024274,-0.060844,0.001093,0.003261,-0.026569,-0.013509,-0.005799,0.062935,-0.012974,-0.031368,0.022696,-0.004645,0.066795,-0.006426,-0.015968,-0.037807,0.009975,0.013262,0.086040,-0.133457,0.045327,-0.007767,0.013469,0.074506,0.017671,0.099302,-0.012705,-0.079027,0.061707,0.033921,-0.026420,0.020017,0.000090,-0.034818,0.033174,0.038819,-0.015434,-0.010419,-0.031395,0.052807,0.002468,0.006215,0.067084,0.024493,-0.003976,0.020688,0.000000,-0.051859,0.020673,-0.043943,-0.001310,-0.040233,0.084042,0.043863,-0.020618,-0.035780,0.058487,0.073336,0.021736,-0.013799,0.034694,-0.020310,-0.038820,0.057170,0.025514,0.064550,-0.046240,0.013338,0.051722,-0.017260,0.003816,0.002750,0.032615,-0.012051,-0.010265,0.003893,-0.003843,0.030123,0.023007,-0.008861,0.025518,0.001969,0.051691,-0.005557,-0.050839,-0.028810,-0.092126,-0.088824,-0.018361,0.145882,0.050814,0.020024,-0.048020,-0.039154,-0.039954,0.150032,0.026816,0.038641,0.048288,-0.058239,-0.019263,-0.087685,0.092704,0.058066,-0.048301,-0.000456,-0.026597,-0.025702,-0.035783,-0.058056,-0.102273,-0.006711,-0.030115,0.025810,-0.059320,0.037820,-0.048703,0.045866,-0.010784,-0.044413,-0.052254,0.021053,0.016887,-0.045427,-0.035184,-0.009173,0.026590,-0.014149,0.026738,0.101605,0.031398,-0.017747,-0.044222,-0.124744,-0.056846,-0.015239,0.045495,0.002858,-0.023542,-0.013417,0.104876,-0.006470,-0.000000,-0.023866,-0.006561,0.107201,0.041973,0.004117,-0.081781,0.067437,0.067925,-0.029286,-0.028792,-0.072337,0.010017,-0.062260,0.064028,0.063250,-0.034456,-0.025882,-0.023175,-0.013501,-0.121726,0.043744,0.082253,0.097882,0.011961,-0.030434,0.018117,0.083025,0.071695,0.081360,0.002461,-0.015218,0.019946,-0.015636,-0.124264,-0.057898,-0.010483,-0.060766,0.012256,-0.014199,-0.100534,-0.042922,-0.021647,-0.001579,0.080868,0.032858,0.046709,-0.044823,0.007441,0.003399,-0.103892,0.080055,0.021776,0.057157,0.043349,-0.027116,-0.016902,-0.082184,0.008080,0.011239,-0.081956,-0.028046,-0.099201,-0.101969,0.054495
0.007099,-0.020998,0.020342,0.039984,0.006894,-0.028584,-0.009428,0.096108,-0.001684,-0.039818,-0.012272,-0.028336,-0.066843,-0.009743,0.031351,-0.013060,0.081182,-0.019092,-0.020883,-0.002485,0.035468,0.025791,0.030137,0.054401,0.003013,0.013330,-0.020731,0.022789,0.005583,-0.033929,-0.009405,0.104139,-0.029345,-0.047776,-0.043907,0.041342,-0.059739,-0.017694,0.020869,0.013341,0.002278,-0.021109,0.029511,-0.080619,0.068997,-0.024534,-0.025537,-0.081066,0.053485,-0.069306,-0.007640,0.032287,-0.015980,0.033367,0.061111,-0.030991,0.014765,-0.020715,-0.004509,0.113063,-0.066346,0.095429,-0.008428,-0.043652,0.006445,-0.062373,-0.038352,-0.016459,-0.040273,-0.012684,-0.015702,0.026325,0.005960,0.008841,-0.056402,0.038599,0.020452,-0.012109,-0.023763,-0.010960,-0.007829,0.013460,0.034661,-0.113352,0.011010,0.009967,0.044960,-0.059922,0.011032,0.067737,0.070174,0.019657,-0.007394,0.032435,-0.008542,-0.030666,0.022100,0.072708,0.006804,-0.037686,-0.021645,0.069184,-0.043331,-0.074325,-0.046894,0.007104,0.035004,0.089217,-0.007225,-0.018121,0.029582,0.026793,0.070048,-0.085556,-0.130419,0.072810,-0.003460,-0.054980,-0.049850,0.016023,-0.019437,-0.001717,0.015462,0.080362,-0.048061,-0.051623,0.110613,-0.000000,-0.035337,-0.021551,-0.031258,-0.005417,-0.070888,-0.025318,-0.107431,-0.026823,-0.037162,0.026554,0.020773,0.067530,-0.095665,0.040159,-0.009235,-0.048886,-0.007765,-0.045980,0.112379,-0.056611,-0.003919,-0.021786,-0.070335,0.029499,-0.093910,0.118666,0.076154,-0.021321,-0.088092,0.013181,0.041973,-0.022273,-0.030941,-0.062487,0.012373,0.034293,0.090277,0.036523,-0.105396,0.004874,0.034505,-0.026952,-0.029834,0.019964,-0.010755,0.011925,0.004238,-0.001435,-0.011552,0.018200,-0.009183,0.090402,0.054267,0.076516,-0.024149,-0.064962,0.083292,-0.077801,0.014838,0.050810,-0.076259,0.083079,-0.114538,0.034497,-0.104040,-0.036678,-0.036715,0.060984,0.000790,-0.002687,-0.041461,0.035944,0.107468,-0.006381,0.005952,-0.029007,-0.029385,0.058808,0.030958,-0.009711,0.010354,-0.021662,-0.020440,0.044511,-0.023967,0.046692,-0.039028,0.028284,0.104580,-0.007115,-0.060928,-0.049599,0.031153,0.007608,0.049225,0.000000,0.011520,-0.004969,-0.018079,0.080154,0.059057,-0.004583,0.113247,-0.033156,-0.036847,-0.063742,0.017620,-0.022356,-0.001099,-0.046883,0.052787,-0.036852,-0.112759,0.070195,-0.046089,-0.040430,-0.040159,0.025920,-0.000117,0.045675,-0.022707,0.098182,-0.027020,0.014427,-0.055171,0.085337,0.045205,-0.040693,-0.051772,-0.044334,-0.119829,-0.020609,-0.067309,0.055305,-0.042247,0.018283,-0.066346,0.052435,-0.069424,0.056365,-0.021706,0.013155,0.100221,-0.053384,0.156717,0.071450,0.069418,0.041942,-0.051924,-0.133511,-0.025679,-0.009498,-0.005998,-0.031582,-0.023218,0.039010,0.045714,0.058033,0.026404,-0.030440,0.039735,0.057192,0.033369,-0.045012,0.103584,-0.033283,0.004957,-0.023029,0.045961,0.014646,0.067961,0.048394,0.019320,0.036360,-0.034746,0.014844,0.006646,-0.018822,0.014148,-0.020904,0.063356,0.045548,-0.114375,-0.067477,0.013158,-0.001932,-0.049623,0.017857,-0.028547,-0.029622,-0.000151,-0.000000,-0.042716,0.017894,0.022354,0.097778,0.027146,0.043581,0.072932,-0.008603,-0.020911,-0.069590,-0.028835,0.074254,-0.067516,0.081563,0.078338,-0.044037,0.043460,0.021778,-0.019484,-0.003231,-0.064557,-0.012146,0.056549,-0.050186,-0.070917,-0.027544,-0.046617,0.052076,0.051377,0.072442,0.062292,0.027614,-0.066742,0.045569,0.067491,-0.021976,-0.037599,0.035706,-0.083556,-0.006030,-0.105612,-0.052993,-0.014342,0.051211,-0.041501,-0.014452,-0.089511,0.014297,0.054511,0.026994,0.080396,-0.060836,-0.028999,0.009012,0.038672,-0.009942,-0.000761,-0.034208,-0.078007,-0.121631,0.032602,-0.111698,0.051925,-0.014048
-0.008496,0.040706,0.018253,0.032185,0.085348,-0.040500,-0.013141,0.106221,0.023825,-0.028753,-0.004514,-0.055939,-0.023456,-0.007500,-0.033861,-0.069329,0.030922,-0.023152,-0.063657,-0.071830,0.092201,0.024601,0.045470,0.074745,-0.054796,0.019064,-0.052038,-0.006881,0.052939,-0.017313,-0.016743,0.047972,-0.043455,-0.046540,-0.047973,0.042036,-0.042830,0.036779,0.012796,0.000360,-0.017194,-0.086303,0.030395,0.001251,0.025319,-0.032566,0.005834,-0.126249,0.010298,-0.052460,0.027921,-0.012280,-0.070129,-0.023713,0.059972,-0.047221,0.005042,-0.030462,-0.031065,-0.032670,-0.012096,0.026327,-0.029986,-0.013888,0.074436,-0.054337,0.018992,-0.019821,0.019841,0.013355,-0.008440,-0.020774,0.030806,-0.032789,-0.071400,0.016236,0.019433,0.012510,0.007058,-0.025588,0.013863,0.017445,-0.005823,-0.089525,0.023102,0.067659,0.065588,-0.104547,0.006651,0.081959,0.028900,0.009647,-0.051051,0.038439,0.015550,-0.023589,0.034540,0.065651,0.009517,-0.070195,0.001160,0.091973,-0.132195,-0.033224,-0.046285,0.015426,0.095437,0.049950,-0.011920,-0.002297,0.039737,-0.030450,0.035877,-0.018892,-0.117769,0.122764,-0.014757,-0.046914,-0.039768,0.034355,-0.042184,-0.021378,-0.012444,0.074417,-0.058950,-0.053419,0.109932,-0.000000,-0.058577,0.012706,-0.009059,-0.030241,-0.003219,0.003288,-0.111533,0.011178,0.013355,-0.081802,0.021538,0.013603,-0.095116,0.042398,-0.059542,-0.103619,0.024931,0.002650,0.005538,-0.126846,-0.020290,-0.042464,-0.040436,-0.058871,0.004705,0.053068,0.016110,0.029147,-0.094392,0.018876,-0.060094,0.052688,-0.020064,0.015762,-0.019341,0.060759,-0.009358,-0.002757,-0.059377,0.028317,0.004992,0.082756,0.020765,0.007005,-0.053177,-0.038146,-0.015466,0.002099,-0.017042,0.020718,0.064478,0.047208,0.041188,0.010024,0.020534,0.035546,0.083846,-0.145707,-0.039549,0.021477,-0.086825,0.076695,-0.019249,0.031125,-0.023806,0.113275,-0.099698,0.061259,-0.040030,-0.018790,-0.110025,-0.022782,0.078063,0.046586,0.005304,0.038405,-0.029120,0.019443,0.004117,-0.051921,0.040261,-0.051063,-0.011853,-0.065328,-0.018976,0.000057,-0.033277,0.043967,0.032508,-0.008995,0.049244,-0.054095,0.072603,-0.007991,-0.031963,0.000000,0.001878,0.004852,-0.024576,0.020877,0.050616,0.067134,0.063485,-0.106872,0.008496,0.002881,-0.004578,-0.019809,0.001642,-0.020816,-0.013550,0.017269,-0.013873,0.034000,-0.025436,-0.042334,0.052222,-0.008014,-0.036746,0.023379,-0.035462,0.064194,-0.062793,-0.018139,-0.036334,0.015563,0.026483,-0.048917,-0.060205,-0.030393,-0.061679,-0.011220,0.064860,0.078235,-0.031698,-0.031766,-0.045754,0.033649,-0.031008,0.065064,-0.045251,0.021921,0.118973,-0.041767,0.044575,0.086773,0.139366,0.002089,-0.079138,-0.003437,-0.041412,0.035876,0.057627,0.036485,-0.040046,0.004264,0.072144,-0.015031,-0.046875,-0.113753,0.012508,-0.069637,-0.040284,0.117398,0.128415,-0.012661,0.127993,0.007392,-0.001868,-0.025280,-0.068599,0.035105,0.046026,-0.081946,-0.023657,0.034971,-0.030962,-0.032166,0.046114,-0.051025,0.089278,-0.053655,-0.072986,-0.069140,0.015885,0.022813,-0.044493,0.045468,0.037273,0.027557,0.045712,-0.000000,-0.025197,-0.018488,0.042102,0.089425,0.016211,-0.004268,0.079612,0.068533,-0.017814,-0.125369,-0.016012,0.034023,0.051726,0.038200,0.036779,0.020502,-0.013203,0.004301,0.011200,0.007855,-0.029209,-0.038723,-0.075449,-0.018332,-0.051091,0.012961,0.043879,0.146289,-0.002344,-0.033068,0.025892,-0.034422,-0.027840,0.011973,0.040297,0.061266,0.008156,0.018885,-0.048335,0.063152,-0.013955,-0.038010,0.031615,0.100913,-0.015790,0.048527,-0.075456,0.028336,-0.050245,0.040587,0.130568,-0.052229,-0.003734,0.007057,0.074495,-0.030902,-0.035582,0.079782,-0.028858,-0.071129,0.045170,-0.002195,0.094430,0.007513
-0.001848,-0.003212,0.052680,0.123334,0.007128,-0.046618,-0.051088,-0.003348,-0.038133,-0.027475,-0.069743,0.029028,-0.083609,-0.031023,-0.002834,-0.046545,0.018389,-0.118241,0.024622,0.007922,-0.000760,-0.020237,-0.047364,-0.000820,0.036966,0.036177,-0.105313,0.061917,0.026334,-0.054478,-0.005056,0.079998,0.044464,-0.011059,-0.057183,0.020103,-0.016662,0.028460,0.061780,0.021473,0.050800,-0.025489,-0.009354,-0.032856,-0.048155,-0.093577,0.027156,-0.031866,0.020885,-0.039493,0.036859,-0.035012,-0.092768,-0.003405,-0.020155,0.063366,-0.005584,-0.088959,0.017515,0.032163,-0.026371,0.071610,-0.082143,0.016072,0.057024,-0.065437,-0.020452,-0.010155,0.031568,-0.025566,0.014183,0.005317,-0.091995,-0.067975,-0.016997,0.022021,0.034958,-0.066093,0.019588,0.031267,0.021997,-0.030361,0.027443,-0.085408,-0.018408,-0.067605,0.075649,-0.091956,0.080005,-0.026563,0.002392,-0.034661,-0.004675,0.062922,0.082058,0.102062,0.044228,-0.002763,0.003032,0.005925,0.034189,0.020960,-0.043238,0.000014,-0.080530,0.052673,0.016005,0.018276,-0.046476,-0.045522,-0.031021,0.032452,0.011630,-0.045695,-0.117734,0.046857,-0.069114,-0.024151,-0.064481,0.061162,-0.055288,0.070924,0.028401,0.104593,0.036753,0.024007,0.007068,-0.000000,-0.048833,-0.016627,-0.058267,-0.037723,0.025416,0.040155,-0.074386,-0.043855,-0.000751,-0.001323,-0.022879,0.086202,-0.057346,0.015588,-0.010233,-0.112490,-0.049441,0.113913,-0.016559,-0.007248,-0.074069,-0.042569,-0.052386,0.023198,0.007183,-0.019146,0.107309,0.020656,-0.006087,0.020903,0.034818,0.090699,-0.019585,0.014683,-0.012597,0.072784,0.003432,0.052127,0.008774,0.005723,0.010054,0.054237,0.002427,-0.001242,-0.011225,0.076974,0.032506,0.012054,-0.013074,-0.025991,0.006981,0.015324,0.040668,0.063198,0.059407,-0.001167,0.096934,-0.011635,0.034550,-0.054330,-0.063712,0.009035,-0.006018,-0.040848,-0.019149,0.080040,0.001873,0.063398,-0.105082,0.092944,0.014003,0.069215,0.034722,-0.018872,-0.003646,0.027908,0.017431,0.024206,0.030066,0.005057,-0.032232,0.049528,0.124246,-0.051793,-0.032999,-0.090549,-0.026660,0.065143,-0.012338,0.026462,0.039271,0.012773,0.022436,0.069158,0.037416,0.000000,0.027304,-0.017649,0.066136,0.064177,-0.052458,0.059452,0.111590,0.035147,-0.003970,0.072628,-0.008089,0.011681,0.010571,-0.055418,0.025685,-0.025647,0.068481,0.023980,0.053500,-0.067063,-0.060922,0.002352,-0.119719,0.014233,-0.067515,0.038622,-0.071780,-0.057986,-0.091602,0.021642,-0.006398,-0.020289,-0.048703,-0.030272,-0.055056,0.150816,0.015722,0.027348,-0.049945,0.014954,-0.014186,-0.021495,0.054161,0.006055,0.072704,-0.034821,0.030942,-0.028312,0.059785,-0.003193,0.071741,0.009372,-0.111331,0.056353,-0.044704,0.024503,-0.004213,0.043793,-0.131868,-0.069351,0.046915,-0.011268,0.003819,-0.096568,-0.088283,-0.029362,-0.018501,-0.083515,0.087666,0.044419,0.052252,-0.007414,-0.082667,0.025159,0.071145,0.076484,0.085813,-0.082283,-0.017855,0.053374,-0.014830,0.006509,0.021586,0.037748,0.017647,-0.029332,-0.037981,-0.059135,0.001598,0.082965,-0.044426,-0.031581,-0.052255,-0.012991,-0.016422,-0.000000,0.006810,0.002318,0.059706,0.086062,0.019033,-0.054210,0.036997,0.042646,0.010350,0.025335,0.050550,0.025689,-0.016086,0.032216,0.032720,-0.038460,-0.063102,0.033861,-0.032515,-0.106155,-0.050164,0.093527,0.000619,-0.047077,0.027405,-0.070819,0.001938,0.072836,0.058123,-0.008893,-0.063027,0.009559,0.009976,-0.047033,-0.027282,-0.004828,0.032416,0.042043,-0.003264,-0.038912,0.025609,-0.058210,-0.018977,0.005912,-0.051773,-0.004544,-0.102026,-0.018007,0.034507,-0.050737,0.070477,0.011818,0.004655,0.120192,0.056658,-0.041107,-0.148976,-0.052082,-0.031574,0.001909,-0.031396,-0.103781,-0.050961,0.049497
-0.052763,0.034347,0.013230,0.027369,-0.049781,0.054873,-0.065170,-0.040062,0.014642,0.024168,0.032721,0.094473,-0.032126,0.023026,0.011364,0.006457,-0.028649,-0.094981,-0.059187,0.002317,0.016136,0.010448,-0.029859,-0.092127,-0.010167,-0.038959,-0.035900,0.099163,0.134437,-0.119004,-0.034565,0.064412,0.053622,0.038848,-0.057872,-0.060450,-0.060091,-0.037327,-0.008677,-0.031483,0.056300,-0.007999,-0.129725,0.008740,0.048371,-0.050380,0.029018,-0.017056,-0.027350,-0.035878,-0.040257,-0.044152,-0.039439,0.089129,-0.018055,0.092280,-0.033439,-0.054567,0.003521,0.032431,0.028467,0.081205,-0.124421,-0.017600,0.050884,-0.041242,-0.002680,0.048514,0.007351,0.084161,0.021008,-0.023633,-0.030642,0.004674,0.044539,0.105710,-0.030979,-0.030708,-0.084335,-0.025800,-0.009840,-0.106145,0.005294,-0.009778,0.005127,-0.080459,-0.030690,-0.076751,-0.019358,-0.018111,-0.007693,-0.025863,0.069716,0.051968,0.056654,0.040629,0.053686,0.002821,0.032064,0.025634,0.002720,0.021803,-0.038665,0.044410,0.071329,0.014591,0.029515,-0.031212,-0.007408,-0.047052,-0.071754,0.023601,0.016584,-0.029620,-0.101893,0.108653,-0.037977,0.139388,-0.017060,-0.013318,0.032488,0.041536,0.027628,-0.004387,0.016400,0.038625,-0.012753,-0.000000,0.016117,0.003130,-0.051427,-0.013808,0.042531,0.014012,-0.005977,-0.006964,0.005202,-0.017409,-0.004289,-0.032844,0.021978,0.052530,-0.040163,-0.070685,-0.010224,0.031371,-0.016934,0.022265,-0.002876,0.008182,-0.027296,-0.012511,0.082143,0.046434,0.105460,-0.008233,0.014651,0.019580,-0.041414,0.088200,-0.067184,-0.030198,-0.076529,0.128110,-0.025070,0.011828,0.034631,-0.064788,0.035669,0.032920,-0.054500,-0.087508,-0.022762,-0.059767,0.052912,0.016051,0.013051,-0.047108,-0.005943,-0.003159,0.011679,0.071374,0.075298,-0.026354,0.093932,0.055497,-0.004289,0.057763,0.045581,-0.029674,0.018889,0.056258,-0.062929,0.090734,-0.023549,-0.067747,-0.101452,0.084055,0.014344,0.059368,-0.037802,0.003635,0.003454,0.016405,-0.051941,-0.080224,0.012574,-0.067046,-0.027121,0.063387,0.093035,-0.000561,-0.005467,-0.073688,0.067215,-0.054527,-0.030877,-0.021376,0.077698,0.020944,0.010094,0.059209,0.039420,-0.000000,-0.029696,0.019098,-0.005667,0.069005,-0.015132,-0.052218,0.031555,0.042931,0.032382,0.083344,0.060610,0.050956,0.036273,-0.012663,0.040444,-0.024423,0.062951,-0.065830,0.054917,0.010140,0.025788,0.005093,-0.009614,-0.031000,0.011783,0.016486,0.059158,0.035704,-0.089143,-0.064047,-0.037407,-0.158394,-0.014233,-0.011351,0.034964,0.064802,-0.000345,0.023799,-0.051193,0.049715,-0.027566,0.022452,-0.046082,0.000594,-0.002956,-0.002325,0.083652,0.003921,-0.011635,-0.041732,0.055310,0.044159,-0.025719,0.090631,-0.089875,0.048581,-0.001034,0.063775,-0.030358,0.004178,0.075526,0.012816,-0.005683,-0.112043,0.026126,0.001392,0.042119,0.029578,-0.004938,-0.033518,-0.006451,0.002800,-0.054906,0.068569,0.015189,0.037283,-0.004104,-0.041379,0.039410,-0.052939,-0.020045,0.000779,-0.008766,0.049289,-0.000430,-0.072393,0.032287,0.026109,0.003324,0.032475,0.007104,0.011523,0.023986,0.064229,-0.010083,-0.000000,-0.024796,-0.116418,0.052120,0.096735,0.078668,-0.076311,-0.064726,0.038597,0.019831,0.016688,-0.045922,0.013407,0.016885,-0.056576,0.025674,0.047229,-0.033761,-0.091068,-0.055491,-0.078967,-0.071341,0.091130,0.017838,0.022083,0.017072,-0.005391,-0.081589,-0.008747,0.037671,-0.009442,0.026895,0.018203,0.086188,-0.043217,-0.116725,0.011807,-0.021764,-0.032446,0.090207,-0.063572,0.039090,-0.062527,-0.055065,0.062626,-0.042216,-0.066357,-0.062782,-0.126110,0.006258,-0.171240,0.007713,-0.000431,0.005669,0.029907,0.053224,0.005505,-0.086140,0.004431,0.050091,-0.036831,0.016358,-0.074746,-0.036712,0.037892
-0.039217,-0.046990,-0.021761,-0.019156,0.019003,0.058853,-0.108971,0.020492,-0.032911,-0.022355,0.024116,0.066526,-0.008273,0.070531,0.102500,0.002621,0.024864,-0.064729,0.000867,-0.026478,-0.040329,-0.025420,0.043302,-0.044902,-0.003734,-0.004364,-0.029952,0.033290,0.042474,-0.038521,-0.063338,0.106880,-0.025520,0.010375,-0.017701,-0.001678,0.029548,0.023239,-0.061167,-0.011170,-0.027584,-0.027043,-0.060094,-0.021639,0.067863,-0.078220,0.032401,-0.002142,-0.074607,-0.055436,-0.039871,-0.079352,0.046682,0.005496,-0.009323,0.047644,-0.006784,0.025246,0.024638,0.001594,0.033061,0.000337,-0.030008,0.010787,0.054588,-0.006011,0.004810,0.082570,-0.043386,0.040130,-0.099931,-0.003162,-0.005614,-0.087851,0.057949,0.008140,-0.007541,0.030247,-0.001523,-0.063499,0.109574,-0.092188,-0.060135,-0.004615,-0.042591,0.006215,-0.029235,-0.076961,-0.117531,-0.033109,-0.015154,0.003680,0.059347,0.039423,-0.016413,0.056162,-0.033740,0.010547,0.098251,0.013547,0.019132,0.035764,-0.032886,-0.014917,0.065292,-0.013986,0.032363,-0.020649,0.028798,-0.012194,-0.026676,0.064291,-0.010531,-0.079212,-0.014913,0.022888,0.049696,0.152055,0.017431,0.064161,0.033131,-0.003103,-0.076829,0.008791,-0.009848,0.059012,-0.072331,-0.000000,0.005234,-0.021794,0.036631,0.048344,0.024060,-0.006126,-0.029848,-0.047267,-0.021523,-0.085361,0.015986,0.055848,-0.026000,0.022765,0.078698,-0.127979,-0.054541,-0.018150,0.017565,0.017699,0.012225,-0.102022,-0.042194,-0.028260,0.108749,0.081055,0.083009,-0.034498,0.001304,0.003329,-0.064135,0.052044,-0.111550,-0.072947,-0.047713,0.103812,-0.058866,-0.003758,0.043798,-0.030472,-0.050653,0.031665,-0.066842,-0.061067,0.045074,-0.012036,0.122041,-0.038518,-0.036293,-0.025078,-0.009786,0.014492,-0.072470,0.026613,0.083162,-0.010549,0.033206,0.001658,-0.029525,0.042642,-0.001838,-0.000999,-0.044803,-0.047245,-0.083232,0.186039,0.003243,0.032281,-0.050718,0.173331,0.024460,0.029859,-0.026834,0.040499,0.058303,0.044496,-0.083062,-0.040848,0.113156,-0.028807,-0.002869,-0.037092,0.027453,0.004024,0.025615,-0.059972,0.065025,-0.054139,0.008086,0.031896,-0.044178,0.002560,0.055424,0.108627,-0.015920,-0.000000,-0.038379,0.046288,-0.051782,0.053828,-0.011825,-0.037080,-0.011557,0.021943,0.049115,0.069482,0.058352,0.066709,-0.024886,0.074507,-0.070149,-0.073867,0.031381,-0.060221,0.044112,0.001202,-0.032740,0.063247,-0.046828,0.017788,0.035382,0.054369,0.046599,0.022373,-0.063859,-0.070084,-0.028661,-0.130977,-0.053105,-0.045632,0.026523,-0.013866,-0.022131,-0.132833,-0.001127,0.043915,0.038278,0.017886,-0.008331,0.005032,-0.062534,0.016937,0.060901,0.066335,-0.030839,-0.006879,0.025224,0.067242,-0.035283,0.000885,-0.058229,0.028020,-0.033321,0.024396,-0.098104,0.030592,-0.000522,0.041598,-0.006241,-0.034448,0.046473,-0.058293,0.043110,0.014808,-0.015483,-0.016278,0.042818,-0.022954,-0.078699,0.051986,-0.071298,-0.044546,0.001079,-0.019722,0.065663,-0.047667,-0.024521,-0.009520,0.014943,-0.031720,-0.001690,-0.000245,-0.074756,0.020430,0.050480,0.000808,-0.055450,-0.011950,-0.019174,0.029373,0.030982,-0.000000,0.010280,-0.026495,0.095698,0.044711,0.018474,0.043312,-0.027831,0.086031,-0.016494,0.039736,-0.029718,0.028583,0.009916,-0.004785,0.073905,0.146870,0.038017,-0.061283,-0.013174,-0.046863,0.032539,0.083254,-0.000257,0.041623,-0.078242,-0.013163,-0.075768,-0.000161,0.021274,-0.030010,0.005338,-0.011383,0.029351,-0.039412,-0.004130,0.007870,-0.035806,-0.008682,0.093036,-0.013207,-0.003557,-0.018226,-0.019232,0.090422,-0.085973,-0.082399,-0.020780,-0.047595,-0.047718,-0.099556,0.017708,0.007851,0.018449,-0.001205,0.032613,0.047622,-0.021918,0.022837,-0.003260,-0.000070,0.101992,-0.129253,0.010455,0.074049
-0.029446,0.012142,0.025476,-0.080778,-0.026982,-0.019260,-0.033936,-0.056085,-0.028426,-0.033039,0.027335,0.010351,-0.001189,-0.011897,-0.040420,0.084702,0.092111,-0.082640,0.071614,0.078720,0.042824,0.035433,0.027231,0.019374,0.006714,0.009523,-0.020221,-0.008073,0.079225,-0.009290,0.030039,0.025799,-0.035541,0.029841,-0.043944,0.051429,0.002842,-0.012095,0.026241,-0.028169,-0.050415,-0.033073,0.044751,0.016914,-0.060057,-0.006784,-0.051215,0.025363,-0.037144,-0.071147,0.059475,0.012225,-0.060266,-0.029118,0.059323,0.043260,-0.079708,-0.032288,0.043217,0.105860,-0.023470,0.036664,-0.069565,0.029830,0.017972,-0.007306,-0.000943,0.013505,0.023424,0.034252,0.002859,-0.009985,0.092309,-0.001385,0.116713,-0.038618,0.028697,0.015582,0.094796,0.046431,0.015633,0.001438,0.003029,-0.027308,0.020291,0.017536,0.024215,-0.060715,0.073853,0.093649,-0.110341,-0.050638,0.065441,0.089211,-0.045828,0.013830,0.053614,0.031916,-0.139460,0.049894,0.008748,0.031951,0.032562,0.099438,-0.030706,-0.031291,0.073043,-0.042049,-0.028446,-0.002660,-0.087441,-0.050675,0.079932,0.130283,0.019824,0.069898,-0.045039,0.037958,-0.004488,-0.002801,0.032776,0.007091,0.013380,0.031747,-0.092892,-0.018653,0.036346,-0.000000,0.047839,-0.038101,0.119994,-0.032235,0.017037,-0.020469,-0.067677,-0.027226,0.030909,0.043009,-0.120812,-0.061762,-0.036068,0.029252,0.098846,0.063756,-0.051171,0.039797,-0.039177,0.001226,-0.008872,0.017328,-0.002865,-0.019931,-0.009090,0.064599,0.055339,0.000830,0.064166,0.021625,-0.100714,0.069716,-0.002044,-0.013921,0.053125,0.014969,0.072467,-0.043471,0.074621,-0.009776,-0.003114,-0.011759,-0.069794,0.042725,-0.081723,0.024603,0.024403,0.034319,0.013113,0.049706,0.047203,-0.002472,0.114539,0.023105,-0.042127,-0.056734,-0.021682,0.011636,0.032518,0.003181,-0.003524,0.009168,-0.031631,0.018945,-0.054534,0.036811,0.011586,0.040293,-0.048500,0.069807,-0.019805,0.029131,-0.046133,0.013153,-0.008575,-0.027707,-0.036429,0.022368,0.070836,-0.005922,-0.018194,0.000758,0.086975,-0.046530,-0.018224,-0.030310,0.151501,0.084782,-0.063950,-0.080216,-0.035811,-0.028978,-0.012745,-0.010805,-0.106948,0.000000,-0.057928,0.006962,-0.005862,0.016127,-0.006187,-0.000303,-0.011335,-0.034969,-0.057373,0.090468,0.148781,-0.012559,-0.095183,-0.009287,0.038660,0.097894,0.012707,-0.132844,0.028981,-0.027209,-0.032692,0.072080,-0.092904,0.084503,-0.032179,0.014622,0.022033,-0.000833,-0.026489,0.041328,-0.034452,-0.113039,-0.060786,-0.045443,-0.052554,0.008462,-0.018454,0.027116,-0.081358,-0.026288,0.098168,-0.057922,-0.065426,0.058080,-0.029867,-0.055459,0.062723,-0.001041,-0.004078,0.004770,-0.023094,-0.035357,-0.007854,0.065372,0.015594,0.000590,-0.016061,-0.118626,-0.018403,-0.044548,0.081968,0.020026,-0.016813,-0.045942,-0.003194,0.064821,0.000530,-0.053940,-0.006912,0.030650,0.083879,-0.040351,-0.033776,-0.062369,0.001249,0.012473,-0.003036,0.016776,0.004975,-0.069310,-0.064207,-0.067348,0.039630,0.102994,0.093371,0.029525,-0.019956,-0.061770,0.077828,0.021159,-0.013105,0.044142,-0.059593,0.018448,-0.030799,-0.000000,0.044363,0.024523,-0.016764,-0.013399,0.056558,0.021739,0.074143,-0.047630,-0.016593,0.041648,0.056869,-0.034913,0.022877,-0.064276,-0.074162,0.042613,-0.083856,-0.072952,-0.004838,0.136963,0.005302,0.067914,-0.050103,-0.068607,-0.052916,0.013791,-0.014716,-0.016799,0.083062,0.045734,0.049795,-0.049743,0.003144,-0.094923,0.065717,-0.040361,-0.024968,0.006590,-0.031329,0.032966,-0.073283,-0.053096,0.005430,0.062816,0.019390,0.019858,-0.003771,-0.036685,-0.010223,-0.121175,0.061651,0.031674,-0.001735,0.013950,0.037490,-0.041114,0.048348,0.030653,-0.028010,-0.009220,0.039984,0.017599,0.066981,0.011096
-0.102940,-0.041012,0.011430,0.046188,0.066813,-0.073137,-0.113407,0.000425,-0.104258,0.043457,0.000135,0.025327,-0.000124,-0.003144,-0.043966,-0.008463,0.030749,-0.083801,-0.078025,0.142272,0.019074,0.004704,-0.007148,-0.030326,0.010482,0.070466,-0.016926,-0.007108,0.088660,-0.110602,-0.003882,0.025280,-0.042503,-0.021473,0.116445,0.135232,-0.012733,-0.100334,-0.009464,-0.050417,0.016174,-0.030971,0.000496,-0.018945,-0.005749,-0.014305,0.053396,-0.060296,-0.042589,-0.071190,0.001518,0.035132,0.005562,0.071601,0.007894,-0.000965,0.009873,-0.057243,-0.002520,0.014318,0.082612,-0.013382,-0.042218,0.015409,0.085050,0.072602,0.044015,0.056105,0.014054,0.033140,-0.062406,0.000511,-0.017117,-0.008115,-0.012817,0.043862,0.020730,-0.070122,-0.027837,-0.012036,0.008025,0.003775,-0.037699,-0.072016,-0.033965,0.070460,-0.020998,-0.014021,0.025612,0.033264,0.039069,0.149646,0.088416,0.037269,-0.051073,0.074295,0.006805,0.072630,0.020468,0.010911,-0.036019,0.063478,-0.003531,-0.047251,-0.067054,-0.104278,-0.019283,0.052662,-0.040442,0.051193,-0.018825,0.032327,-0.020574,0.030165,-0.065615,0.000685,-0.003442,-0.047452,-0.045910,0.031473,0.024069,-0.005206,0.028676,0.051923,-0.022639,-0.035819,0.013278,-0.000000,-0.019860,-0.067762,-0.002208,-0.008727,-0.073195,-0.012872,-0.061438,-0.050092,-0.041357,-0.012620,0.067771,-0.001434,-0.111329,0.019036,-0.046380,-0.101259,-0.011629,0.001731,0.003725,0.022912,-0.009354,-0.023986,-0.010356,-0.015900,0.032525,0.038425,0.017231,-0.022769,-0.066253,0.002277,-0.016076,0.019282,-0.039505,0.029903,-0.023350,0.096007,-0.111059,0.045755,-0.028186,-0.012921,0.009315,0.051760,0.057099,0.050653,0.061512,-0.011592,-0.008383,-0.006626,-0.040152,-0.062681,0.001295,0.108664,0.019315,-0.029186,0.023159,0.012125,0.119952,-0.048789,-0.013262,0.018359,-0.012960,0.087996,-0.018863,-0.057069,-0.025313,0.099639,-0.076491,0.070550,-0.064649,0.011374,-0.029141,0.024124,0.043736,-0.002107,-0.074310,0.023494,-0.062199,-0.019119,0.029337,0.035538,0.058912,0.013172,-0.116028,-0.016952,-0.114050,-0.043036,-0.009542,-0.011185,0.070983,0.054208,0.035508,-0.025269,0.067171,-0.085959,-0.012138,0.000000,0.082545,-0.050959,-0.068159,0.157000,0.000435,0.004335,-0.025725,0.132488,-0.001329,-0.030805,0.030358,0.030387,-0.034775,-0.034776,0.071881,0.060566,0.026771,0.093968,0.078283,-0.082517,-0.030709,0.054606,-0.060724,0.076789,-0.027476,0.053153,-0.068264,0.025899,-0.060556,0.014486,0.028104,-0.125425,-0.101390,-0.010359,-0.018964,-0.066512,-0.043146,-0.074211,-0.047132,-0.017410,0.069048,0.077019,-0.089835,0.071750,-0.022363,0.011779,0.001991,-0.000305,0.044126,-0.008619,0.121375,-0.009522,-0.023371,-0.083954,0.021226,0.051935,0.021784,0.081000,-0.023513,-0.003303,-0.046595,0.017513,0.026362,0.021160,0.008719,-0.007498,0.012894,-0.017627,-0.055291,0.015567,0.120615,0.008478,-0.032112,-0.044273,0.093995,-0.026330,-0.015772,-0.017078,0.015369,-0.058695,-0.047213,0.041173,-0.023747,0.037177,0.091706,0.034955,-0.082505,-0.078949,-0.005764,0.030248,-0.055744,-0.049741,-0.025652,0.103255,0.043240,-0.000000,0.047390,0.013608,0.017108,0.034578,0.015515,0.006939,0.026839,-0.010006,0.040748,0.058105,0.057134,-0.016687,-0.001353,-0.026316,-0.047521,0.033191,-0.013261,0.036433,-0.053780,-0.077659,0.020786,0.045452,0.101115,0.049229,-0.021505,0.020831,0.024231,0.030565,-0.002167,0.014704,0.003153,-0.056840,0.007285,0.029105,0.017536,0.035406,-0.032518,0.021647,0.021290,-0.041473,-0.082201,-0.050749,-0.047387,0.048790,-0.050911,-0.018302,-0.064668,0.003252,-0.021227,0.002544,0.021898,-0.071029,-0.050594,0.002497,0.058687,-0.039507,0.010563,0.059390,-0.005107,-0.006777,0.078254,-0.098565,-0.001910,0.034831
0.012763,0.002039,0.094413,-0.020176,0.095320,-0.003508,-0.059959,-0.052116,0.006800,0.013719,-0.023969,0.099415,0.006935,0.008283,-0.024838,-0.023044,0.030337,-0.081229,-0.001890,0.014877,-0.009690,0.015948,0.001179,0.003164,0.040671,0.005945,0.006779,-0.054145,0.042239,-0.017314,-0.069476,0.017298,-0.040923,0.012024,0.002491,0.053687,0.042851,-0.014199,-0.024069,-0.055111,0.026799,-0.064346,-0.052448,0.030697,-0.049339,0.032019,0.042978,-0.029204,0.031232,-0.021789,0.055940,0.047251,-0.010645,0.008008,0.069108,0.010946,0.021847,-0.036966,0.020490,0.042649,0.025431,-0.023309,-0.046532,0.018630,0.042559,-0.009563,0.038462,0.040723,-0.076330,-0.000948,-0.001760,-0.019048,0.048760,0.032403,0.064418,0.014164,0.050598,0.004379,0.078528,0.000922,0.124530,-0.044930,0.005394,-0.006793,0.106677,-0.053176,0.000898,-0.069559,0.088148,-0.031291,-0.031145,-0.019506,0.025203,-0.006231,-0.030346,0.026949,-0.044332,0.015852,-0.063844,-0.019670,0.000663,0.015006,0.055822,-0.024078,-0.036373,0.003560,-0.027610,0.036704,0.015065,-0.065876,-0.024425,-0.013701,-0.097929,0.032564,-0.017560,0.028536,0.050215,-0.032019,0.044533,-0.002545,-0.043440,-0.016646,-0.067976,-0.009434,0.004015,-0.125103,-0.029591,-0.000000,-0.078255,0.042289,0.043982,-0.045285,-0.086189,-0.006456,-0.045410,0.041710,-0.035541,-0.006834,0.027404,0.074083,0.021596,0.080668,0.050701,-0.078350,-0.024169,0.077442,0.108262,0.037648,0.052621,-0.038828,0.055244,-0.005957,0.097284,-0.082636,0.047023,0.025338,0.015834,-0.019655,0.001251,0.063641,0.003128,0.087916,-0.093088,0.031023,0.012611,0.007342,-0.041514,0.020865,-0.033804,0.037373,-0.037151,0.047730,0.088527,-0.044317,0.073831,0.021855,-0.128210,-0.031991,0.000236,0.068937,-0.035750,-0.029831,-0.014538,0.022883,0.014979,-0.068115,0.016001,-0.020231,-0.077584,-0.105118,-0.023535,0.053017,0.046287,0.032581,0.017792,0.057846,-0.020928,0.040086,-0.021482,-0.010872,0.026737,0.013207,-0.072658,0.049487,0.007616,-0.007447,0.032678,0.045613,-0.115927,-0.029770,0.076198,-0.023182,0.101026,-0.008620,0.050518,-0.040374,0.010094,0.017684,-0.047379,0.031617,-0.047267,0.047445,0.026988,0.000000,-0.051027,0.034708,-0.003943,0.074201,-0.078490,-0.060092,0.038479,-0.081458,-0.029873,0.056313,-0.099119,0.009937,-0.050519,0.065156,-0.032394,-0.056996,0.010948,-0.091215,-0.063971,-0.089656,0.000607,0.078845,-0.043798,0.047667,-0.023086,0.039959,-0.180577,-0.036141,0.033637,0.068399,-0.098255,-0.001083,-0.117990,-0.036492,-0.090187,0.095509,0.038090,0.030493,0.052242,0.024618,0.026880,-0.014190,-0.039483,0.021135,0.034405,-0.044497,0.013801,-0.010958,-0.112356,-0.021043,0.033669,0.000288,-0.058942,-0.067498,-0.068720,0.073558,0.038002,0.059817,-0.013514,-0.034611,0.019541,0.033640,-0.023046,0.059389,0.026078,0.005996,0.096837,-0.085178,-0.000519,-0.001907,0.052958,-0.010634,-0.119344,0.021171,-0.071899,0.020123,0.070358,0.017288,0.010971,0.094358,0.034094,-0.055648,0.015671,-0.060377,-0.029452,-0.056935,0.027205,-0.006734,-0.014258,0.081536,-0.169651,-0.035000,-0.110511,-0.003377,-0.035102,-0.000000,0.000295,0.001276,-0.049911,-0.041443,0.017247,-0.027930,0.126814,0.106969,0.029796,0.044556,0.062997,0.034629,0.003815,0.045431,0.015095,0.040297,0.031176,-0.002519,-0.078222,0.016802,0.007106,0.078539,-0.027137,0.059168,0.004886,0.050087,-0.004964,0.095457,0.040445,0.002078,-0.011417,-0.056952,-0.035753,0.063566,0.019113,0.011911,0.009019,-0.027785,0.066727,-0.021382,-0.057832,0.028153,0.010793,0.045253,0.021029,-0.020737,-0.164077,0.047119,-0.023875,0.005813,-0.025479,0.010250,0.007924,0.024734,0.094636,-0.047603,0.033708,-0.013923,-0.003274,-0.005511,0.010723,-0.065826,0.132525,-0.016349
-0.058534,0.017236,-0.051929,0.029180,0.039556,0.012570,-0.035411,0.040888,-0.018985,-0.070288,-0.047296,0.051948,-0.009509,-0.002380,0.018240,-0.052798,0.062508,-0.021901,-0.018078,0.019483,0.025933,-0.002715,0.070847,0.007422,0.077829,0.008954,-0.087033,0.136330,0.066245,-0.061796,0.002557,0.047641,0.048945,-0.029309,0.090443,-0.016066,-0.056316,0.026730,-0.010077,0.034229,-0.066682,-0.010089,0.006061,-0.034324,0.037698,-0.061844,0.001222,0.031630,0.025352,-0.133427,-0.000376,-0.030344,-0.018980,-0.022376,0.035189,0.010732,-0.033026,-0.035519,-0.038501,-0.006776,0.035605,0.034319,-0.004877,0.041754,0.073197,-0.000139,-0.041830,-0.015361,-0.046393,0.040938,-0.045291,-0.018023,-0.054861,-0.149233,0.044843,0.039494,-0.027466,0.078641,-0.007005,-0.064852,0.025162,-0.036025,-0.049360,-0.065842,-0.055208,-0.034783,0.023527,-0.086566,0.011958,-0.000646,0.028290,0.000726,0.030201,0.033122,-0.017805,0.019987,-0.021113,-0.006574,0.088674,-0.025199,0.003849,0.077246,-0.133552,-0.031230,-0.006467,0.044946,0.018719,0.095913,0.011221,-0.028005,0.077518,0.043662,0.020370,-0.033606,-0.108977,0.005094,0.120190,0.007045,0.050419,0.015147,-0.061262,-0.015011,-0.024041,0.061953,-0.003707,0.021947,-0.065093,-0.000000,-0.046217,-0.076428,-0.010873,-0.031977,0.018274,0.072090,-0.032034,-0.035094,-0.005137,-0.040186,0.005863,0.017269,-0.058397,0.001754,-0.021363,-0.058754,-0.058424,0.033826,-0.080850,-0.047992,-0.087303,-0.101875,-0.047952,-0.013617,0.032729,0.024185,0.041105,-0.036130,-0.104396,0.027919,-0.110977,0.008661,-0.113625,-0.026155,-0.042068,0.114984,-0.016658,0.066869,-0.034473,0.028469,-0.025098,0.086697,0.064269,-0.073323,-0.066517,0.023501,0.069202,0.030030,0.037742,-0.025357,-0.005867,0.044662,0.027512,0.018321,0.006913,0.010755,0.070411,-0.000384,-0.026385,-0.023653,-0.024768,0.080062,-0.034844,-0.022400,-0.039383,0.135556,-0.022988,0.002674,-0.017421,0.099278,-0.032316,-0.029154,0.029935,0.116636,0.066130,0.017930,-0.019065,0.029845,0.027434,0.002810,0.006334,0.016919,0.041526,-0.103288,-0.072705,-0.110152,0.068937,-0.008678,0.041563,0.034742,-0.042301,-0.034630,0.084044,0.017784,-0.049167,0.000000,-0.051218,0.046318,0.062154,-0.003077,-0.059673,0.010704,0.038075,-0.078899,-0.018721,0.008961,0.063981,0.060984,-0.014109,0.010622,-0.092259,0.054843,-0.040454,-0.078216,-0.042935,-0.032756,-0.005081,-0.039765,0.007919,0.103855,-0.043045,0.021415,0.009861,-0.000402,-0.039316,-0.052251,-0.010538,-0.093241,-0.072353,-0.090107,-0.040479,-0.038927,-0.012538,0.003317,0.005128,0.031409,-0.000712,-0.005882,-0.082303,0.030878,-0.018273,-0.030230,0.106019,-0.073768,0.087150,0.058420,0.048308,0.096506,-0.008148,0.106436,-0.061564,0.060981,0.038421,0.088887,-0.045679,0.003638,0.037793,0.070861,-0.013040,-0.079945,0.089973,-0.055704,-0.014774,-0.022265,0.065471,0.010778,0.013204,0.024870,0.051410,0.066931,0.032503,0.069313,0.063183,0.004916,0.068118,0.026039,-0.001494,0.008330,-0.028009,0.007191,0.077942,-0.024449,-0.046783,0.001123,0.030595,0.031798,0.002346,0.050132,0.038216,0.025924,-0.043576,-0.000000,0.013118,-0.110737,0.020338,0.094566,-0.105281,0.036135,0.012058,0.018051,-0.037976,-0.043918,0.011089,0.064841,-0.034581,0.001036,-0.083468,-0.026272,-0.032680,0.000162,-0.022793,-0.053886,0.078421,0.066450,-0.053589,-0.014602,0.020761,-0.032263,-0.005437,0.076129,0.059308,-0.047965,0.024170,0.005331,0.012407,0.013440,0.043556,-0.010077,-0.114463,0.065053,-0.022569,0.085815,-0.016874,-0.053159,0.030992,0.025901,-0.002699,0.036153,-0.105965,0.010697,-0.019483,-0.036803,0.073388,-0.021326,0.055745,0.061971,0.027025,-0.046252,-0.049799,0.092260,-0.008411,-0.041159,-0.029985,-0.050207,-0.028826,0.027238
-0.021820,0.053703,0.041077,-0.022472,0.047672,-0.043926,-0.104911,-0.027242,0.003804,-0.075324,-0.044211,0.084490,-0.068524,-0.021492,-0.045311,0.009628,0.033618,0.030962,-0.039681,0.039479,-0.038490,0.007222,-0.004889,0.016979,-0.063634,0.137642,-0.061810,0.100148,-0.012727,-0.011459,-0.000027,-0.015866,-0.011330,0.044235,0.073424,-0.026312,-0.073551,0.051087,0.065235,0.045930,-0.027241,-0.070787,0.008066,-0.010174,-0.004062,-0.039903,0.036430,-0.001060,0.118810,-0.030546,0.039176,-0.041842,-0.058142,-0.070873,-0.019137,-0.012990,-0.034781,-0.057901,0.017479,0.112734,0.080045,0.064870,-0.019929,0.049438,-0.023373,0.008851,0.017725,0.089743,0.009811,0.036683,0.012665,0.072076,-0.112362,-0.051712,0.011377,0.091668,-0.033197,-0.019284,0.001662,-0.097219,-0.070411,-0.017916,0.020207,-0.016551,-0.037634,-0.049851,0.038077,-0.043082,0.082941,-0.020764,-0.017676,-0.035591,-0.018559,0.062251,-0.036357,0.082304,-0.035593,-0.005319,-0.057010,0.042102,0.004908,-0.027822,-0.063347,-0.071327,-0.023266,0.052832,-0.067238,0.050396,0.009921,-0.041974,0.053378,0.042058,-0.066811,0.057874,-0.102686,-0.051758,-0.005652,-0.076125,0.041115,-0.040013,-0.051069,0.034226,0.021845,0.057626,0.017058,0.003664,-0.038527,-0.000000,-0.065871,0.021204,-0.073218,-0.010404,0.030040,0.077529,-0.061222,0.001869,0.030931,0.034867,-0.025454,0.016843,-0.021588,-0.056400,0.025570,-0.098676,-0.032283,0.053084,-0.064793,-0.059795,-0.110635,-0.029545,-0.012739,0.015846,0.011997,-0.024597,-0.039442,-0.057885,-0.092810,0.049071,-0.002365,-0.049791,0.019660,0.050277,-0.077717,0.145587,-0.002082,-0.011501,0.001111,-0.041850,-0.032058,0.061152,0.034712,0.032785,-0.005435,0.022406,0.115423,0.042040,0.006567,-0.099910,0.028911,0.068715,0.047331,-0.028185,0.010623,-0.059321,0.026506,-0.022781,0.006877,-0.077063,0.000888,0.057878,-0.037611,-0.043956,0.028023,0.069741,0.020628,0.089871,-0.017455,0.000674,0.001914,-0.065037,0.051063,0.081689,-0.080118,0.013655,-0.013521,0.058934,0.047025,-0.006508,0.009275,0.039317,0.006375,-0.034845,-0.045502,-0.024123,0.081347,0.068534,-0.036486,0.017822,-0.049355,0.018747,0.036377,0.005354,0.005419,0.000000,-0.027917,0.051180,-0.000153,0.008131,-0.002093,0.076277,0.046193,-0.003527,0.009810,-0.019026,-0.071148,0.068664,-0.078552,-0.036468,-0.043759,-0.064593,-0.023552,-0.030662,-0.041065,-0.052451,0.037718,0.021894,-0.036202,0.184242,-0.022479,0.015779,-0.049766,-0.076859,-0.106882,0.050392,-0.042986,-0.062252,-0.043868,-0.029401,-0.030603,-0.028169,-0.075544,0.007808,0.003922,0.079412,0.050037,-0.016716,0.015690,0.048006,-0.019483,-0.034242,0.040429,0.002602,0.004472,0.067821,-0.046310,0.073902,-0.030503,0.018272,-0.101400,0.063058,0.024397,-0.051596,-0.033518,0.007530,-0.004142,0.051780,0.009685,0.031200,0.033628,0.014127,-0.037645,0.004433,-0.033027,0.033518,0.012326,0.014946,-0.008012,0.058498,0.048061,0.006702,0.085804,-0.002740,0.022018,0.084765,0.013022,-0.047364,-0.011294,0.057407,0.105238,0.008695,-0.053482,-0.035252,0.071399,-0.014740,-0.006307,-0.015500,0.034125,-0.016386,-0.055732,-0.000000,-0.014945,0.070090,0.099762,0.093706,-0.088152,-0.005181,0.017603,0.054648,0.048007,-0.048880,0.055363,0.002332,-0.084897,0.062166,-0.063976,-0.016255,-0.033239,-0.021410,-0.056085,-0.004136,0.020781,0.010070,0.040336,0.044306,0.012354,-0.030371,0.022363,-0.001811,0.021057,0.090616,-0.009306,-0.033564,0.045204,0.056620,0.078808,0.020048,-0.134485,0.016761,-0.056682,0.047461,-0.108518,-0.048315,0.040393,0.035799,0.098131,0.014240,0.018008,0.099694,0.011696,-0.054861,0.024272,-0.023275,0.026675,0.086748,0.053458,-0.048518,0.003004,0.052512,-0.033220,-0.051212,-0.132012,-0.038006,-0.079773,0.043138
-0.032370,-0.006005,0.011894,-0.016835,-0.018733,0.029774,-0.070530,0.044792,0.034891,-0.086452,-0.023719,0.047132,-0.068772,0.007923,-0.003400,0.023448,0.053706,-0.002363,-0.010246,-0.003280,0.034827,-0.025887,0.019604,-0.039879,0.029444,0.092446,-0.096091,0.122116,0.012303,-0.029813,-0.035660,0.048489,0.005554,0.014932,0.046632,-0.016122,-0.050270,0.015063,0.046705,0.046796,0.016794,-0.085936,-0.087993,-0.076401,0.031880,-0.077533,0.068061,0.049317,0.063870,-0.053629,0.014739,-0.035355,-0.030487,-0.038512,-0.014639,0.001754,-0.045870,-0.012560,-0.016460,0.078523,0.006609,0.033824,0.002519,0.068287,0.033987,-0.049001,-0.009022,0.071465,-0.075385,0.000268,-0.043879,0.006400,-0.094913,-0.136013,-0.003442,0.027709,-0.045944,0.032349,0.011548,-0.095362,0.065281,-0.054915,-0.055157,-0.033494,-0.052029,-0.053164,0.064378,-0.060355,0.034247,-0.017742,-0.038948,-0.024069,0.039016,0.066115,-0.012815,0.106867,-0.011567,0.002827,0.016819,0.021349,0.052518,-0.008121,-0.100948,-0.111684,0.007486,0.012501,-0.051833,0.052572,0.035027,-0.045151,0.039626,0.047688,-0.045833,-0.009599,-0.042905,0.066358,0.013156,0.031052,0.065660,-0.020695,-0.012367,0.000912,-0.024613,0.041377,-0.003915,0.002237,-0.051072,-0.000000,-0.084234,-0.010442,-0.019656,-0.045713,0.009909,0.091690,-0.037736,-0.005223,-0.009041,-0.034118,0.003195,0.010617,-0.011907,-0.003898,0.043907,-0.118937,-0.059839,0.037407,0.014492,-0.052360,-0.007593,-0.054944,-0.040672,0.058110,0.043591,0.006721,0.047020,-0.081053,-0.010148,0.046143,-0.024626,-0.021799,-0.027293,-0.022363,-0.124562,0.117557,0.030950,0.025998,-0.014663,-0.031644,-0.087811,0.048374,0.012725,-0.030826,-0.067821,0.004591,0.158939,0.010875,0.004120,-0.102371,0.035125,0.029210,0.026875,0.001604,0.107379,-0.041158,0.022806,0.001848,-0.054436,-0.014092,-0.020560,0.069685,-0.053989,0.030395,-0.065626,0.153764,0.029542,0.038767,-0.000317,0.116815,0.021997,-0.044966,0.033973,0.064414,0.012607,0.008323,-0.029302,0.051263,0.060833,0.060459,0.010494,-0.001975,0.041908,-0.008496,-0.010295,-0.047624,0.108384,0.057082,0.008321,0.017149,-0.082365,0.035219,0.040169,0.052770,0.012870,0.000000,-0.029700,0.116360,0.009689,-0.004248,-0.041007,0.031510,0.048005,-0.028812,0.024683,0.014586,-0.041591,0.078274,-0.047652,0.000271,-0.075902,-0.100535,-0.023026,-0.074181,-0.018613,-0.000406,0.021259,0.036774,-0.013620,0.169297,-0.026741,0.033657,-0.028203,-0.021108,-0.079999,0.026517,0.012382,-0.107069,-0.090903,-0.093287,-0.042185,0.006929,-0.010446,-0.063141,-0.018131,0.102103,0.043318,-0.037025,0.017006,0.020060,-0.016835,-0.023203,0.076621,-0.022132,0.052639,0.040099,-0.036310,0.063735,-0.080878,0.082585,-0.133690,0.077562,0.034738,0.009124,-0.057907,-0.004740,0.035627,0.044301,-0.009428,0.028946,-0.005349,-0.037067,-0.032556,0.010459,0.028584,-0.041729,-0.005573,0.010500,-0.004563,0.067529,0.011481,0.087799,0.007748,0.020618,0.062833,0.022599,0.030152,0.001368,0.015858,-0.023333,0.066067,-0.037280,-0.016938,-0.048410,0.059189,-0.021543,-0.051939,-0.011083,0.024692,-0.007914,-0.034766,-0.000000,-0.016048,0.004008,0.131506,0.084795,-0.063343,-0.052273,-0.036190,0.121216,0.018745,-0.012830,0.011993,0.005016,-0.042997,0.037370,-0.041425,0.082226,-0.015721,-0.023350,-0.007341,-0.072937,0.079964,0.050364,-0.007828,0.012169,-0.016665,-0.016863,-0.029294,-0.022311,0.034217,0.017044,0.021408,-0.013267,0.020373,0.037665,0.023640,-0.049488,-0.151066,-0.014249,-0.041377,0.056798,-0.053155,-0.025413,-0.003452,0.043759,0.020352,-0.019525,-0.041284,-0.003640,0.033776,-0.107434,0.052336,-0.017107,0.037263,0.024087,0.078236,-0.020755,-0.056221,0.085588,-0.076556,-0.061941,-0.045453,-0.061694,-0.017670,0.035149
-0.086958,0.009140,0.042172,0.005617,-0.056811,-0.017065,-0.007309,-0.076553,-0.034586,-0.047054,0.031092,0.101072,-0.001838,-0.040090,0.020356,0.020421,-0.037436,-0.091106,-0.094816,0.088103,-0.123222,0.034054,0.028551,0.004281,-0.007364,0.011241,0.013495,-0.021580,0.029473,-0.018206,0.022718,0.017108,0.043782,0.003978,0.089272,0.082717,-0.000553,-0.017278,-0.059107,0.003144,0.044251,-0.108295,-0.062084,0.041857,-0.009299,0.058617,-0.037148,-0.060622,-0.044773,-0.033342,-0.045160,0.024503,0.045133,0.041494,0.038407,0.017700,-0.033680,-0.101422,-0.006646,-0.001611,-0.015050,0.043796,-0.027372,0.056051,0.029989,0.021741,-0.010771,0.013098,0.015629,-0.037095,-0.067957,-0.049950,0.034681,0.150624,0.018966,0.047277,0.007009,0.036722,0.046505,-0.070615,0.006528,0.031097,0.023054,0.015653,-0.165574,-0.004795,-0.023579,-0.059581,0.049099,-0.014677,0.028388,-0.013089,0.016628,-0.036551,-0.053433,-0.008941,-0.100934,-0.049671,-0.121333,0.010197,-0.013389,0.085931,0.040591,0.010528,-0.064597,-0.011787,-0.061980,0.002020,0.000993,0.033715,-0.072086,0.027991,-0.031679,-0.022186,0.045143,0.017834,-0.015153,-0.070553,0.084814,0.041548,0.026114,0.062477,-0.098809,-0.006335,-0.039968,-0.004749,0.031319,-0.000000,-0.026933,0.029887,0.073067,0.040371,-0.013233,0.051054,-0.054467,-0.006652,0.019015,-0.032392,0.067717,0.102908,-0.010826,-0.032567,-0.055348,-0.000156,-0.041034,0.058285,0.020824,0.032926,0.002863,0.028220,-0.055441,-0.004303,-0.000817,-0.032720,-0.017916,0.051448,0.045771,-0.002485,0.033903,0.009344,-0.009288,-0.058304,-0.045792,-0.000723,-0.068737,0.026670,0.012024,-0.043431,-0.082585,-0.020069,-0.009983,0.047655,-0.029217,-0.025788,0.049010,-0.044038,-0.051359,-0.095304,0.069568,0.016705,-0.048207,0.029334,-0.014381,-0.003451,0.076709,-0.022825,-0.034611,-0.078804,0.046491,-0.019703,-0.037465,0.044282,-0.017034,0.025887,0.033728,0.086852,-0.052589,0.026966,-0.002455,0.098610,-0.053832,-0.028360,-0.074365,0.029646,-0.047061,0.022731,0.115024,0.029529,0.108214,0.056032,0.010982,-0.001335,0.074102,-0.000543,0.053223,-0.035129,-0.006741,0.024227,-0.016745,0.080498,0.012386,0.077696,-0.020707,-0.000000,0.001069,-0.012383,-0.006481,0.036334,0.056347,-0.008747,0.045371,0.024614,0.059306,0.092578,0.025911,-0.002873,0.016711,0.015995,-0.001318,-0.016274,0.063919,0.007635,-0.003224,-0.074422,-0.044226,0.099526,-0.047493,0.110616,-0.058007,0.028053,-0.064400,0.083221,-0.045450,-0.060560,-0.014304,-0.049059,-0.079897,0.022548,0.005661,-0.128865,-0.064709,-0.014060,-0.003769,-0.007500,0.075839,-0.017593,-0.103347,0.108936,0.001439,-0.070562,0.054393,-0.044997,-0.014510,-0.029287,-0.055141,0.017725,-0.059745,-0.006000,-0.104562,0.126049,0.082551,-0.061476,-0.026081,-0.009912,-0.005271,0.026331,-0.011865,0.000139,0.001258,-0.067861,0.066770,0.010896,0.028776,-0.043525,0.060014,-0.025950,-0.161063,-0.065293,-0.075521,-0.010875,0.098961,-0.093826,-0.026992,0.012296,0.030556,-0.056713,0.036545,-0.013531,0.015420,-0.076182,0.011687,-0.069509,-0.037455,0.061093,-0.047673,0.000674,-0.107561,-0.003634,-0.034430,-0.000000,-0.017207,0.006662,0.044802,0.046609,0.070482,-0.119060,0.005103,0.040672,-0.033635,0.096598,0.011030,0.015359,-0.024112,0.058859,-0.005773,0.008306,0.117021,0.037869,-0.058308,0.026895,0.003742,0.062730,0.016201,-0.000905,-0.068633,0.041508,-0.065807,0.049936,-0.027653,-0.007002,0.081101,0.009493,0.020757,-0.012342,-0.029406,-0.043989,0.044819,-0.010070,0.025594,-0.024718,0.000158,0.033373,0.061347,0.105566,-0.103909,-0.023148,0.005819,-0.007511,-0.031229,-0.064963,0.044951,-0.063990,-0.007284,-0.048509,0.024820,-0.035188,-0.026768,0.045330,-0.055989,0.027702,0.022406,-0.102216,-0.017282,0.039021
-0.047084,-0.007370,0.112673,-0.027801,0.006363,0.013402,-0.134792,-0.116121,-0.041223,-0.027464,0.015398,0.030227,0.034608,0.026811,-0.001376,0.031197,-0.001697,-0.088670,0.063870,-0.031715,-0.017473,-0.014077,0.044749,0.016698,-0.026155,0.050238,-0.037454,-0.089382,-0.043295,-0.011406,-0.022322,-0.002935,0.001892,-0.067273,0.060998,0.100016,-0.077000,-0.094798,0.018609,-0.057231,0.010291,-0.045295,-0.058555,0.028352,0.003949,0.003886,0.062961,-0.032426,-0.012261,0.067649,-0.021264,0.077605,0.070108,-0.013735,0.043477,0.097198,-0.042354,0.002845,-0.010867,-0.038096,0.026369,0.024343,-0.034524,-0.020439,-0.060539,-0.076227,-0.003857,0.012017,-0.072756,0.044287,-0.013273,-0.008222,-0.053129,0.003505,0.055494,0.065626,-0.000779,0.045194,0.133238,-0.019182,0.058173,-0.015407,-0.010771,0.016513,0.027874,-0.009726,-0.082161,-0.009905,0.006361,-0.011051,-0.066481,0.041313,0.064344,0.021828,0.026312,-0.067107,0.019513,0.026467,-0.002623,0.058909,-0.071335,0.025859,-0.021333,-0.057752,-0.031554,0.020312,0.044573,-0.022223,-0.031910,-0.011652,0.042768,-0.001716,-0.011887,0.018923,0.063980,-0.021113,-0.110381,-0.009589,0.026313,0.023352,-0.027124,0.074964,-0.072034,0.040620,-0.005444,-0.025743,0.041370,-0.000000,0.114064,0.037177,0.012385,0.050802,-0.076623,0.022402,-0.014583,-0.026995,-0.033365,0.056555,0.039091,0.022689,0.040228,-0.095306,0.032616,-0.030609,-0.062979,0.013675,0.003937,0.003516,0.013234,-0.127657,0.007610,0.004826,0.081832,-0.036857,-0.030339,0.012056,-0.077507,-0.014188,0.044181,-0.018108,-0.159056,0.030361,-0.038038,-0.001571,0.012056,0.005197,0.034694,0.008064,-0.037149,0.026559,0.019619,0.036785,0.053205,0.043094,-0.025983,-0.043035,-0.004324,-0.007966,0.077726,0.025863,-0.051007,-0.017270,-0.077451,0.072840,0.035459,0.006527,-0.011420,-0.056119,-0.002349,0.028257,-0.021807,-0.107807,-0.018944,0.056270,0.050610,0.022000,-0.017962,0.031642,-0.027616,0.050123,-0.021255,-0.015299,0.100565,0.007198,-0.019056,0.006702,0.114621,0.117664,-0.021044,-0.009736,0.022296,-0.153789,0.122477,0.020454,0.088762,-0.026783,0.093394,0.041733,-0.010259,0.017313,0.078112,0.052762,0.003265,0.000000,-0.019615,0.051399,0.028787,0.057984,-0.018127,-0.088900,-0.065079,0.044445,-0.016273,0.038772,0.070503,0.028979,0.012292,0.070823,-0.011821,0.010851,0.010987,-0.054971,-0.020980,-0.109277,-0.036582,0.067464,-0.054955,0.055759,0.001019,0.013516,-0.069834,-0.015978,-0.080114,-0.063893,0.025254,-0.021862,-0.035428,-0.013178,0.039735,-0.021183,-0.000046,-0.101426,0.033190,-0.018874,0.036098,-0.061575,-0.056863,0.114002,-0.060457,0.047139,-0.002287,-0.042905,-0.010085,-0.015669,-0.022831,-0.003339,-0.167493,-0.052944,-0.021594,0.039089,0.009715,-0.016914,0.009315,-0.034485,-0.085479,0.047656,0.110016,-0.002315,0.041610,0.007444,0.029274,-0.074136,0.025105,0.071745,-0.000447,-0.014809,-0.054045,0.143925,0.008176,0.064506,-0.002810,-0.086538,-0.006627,0.027244,-0.004840,0.026111,-0.042303,0.031227,-0.034560,0.060015,0.008269,-0.062946,0.024537,0.082111,-0.045158,-0.070497,-0.022819,-0.032685,0.053063,-0.000000,0.041165,0.127889,-0.060420,0.010219,-0.023569,0.005867,0.016778,0.008512,0.098121,-0.072844,0.078255,0.021522,-0.043781,0.011337,0.023165,0.053158,0.024406,0.080560,-0.034109,-0.007700,0.000641,0.123371,0.018369,0.033681,-0.015495,-0.007404,-0.126542,0.001123,-0.055390,-0.009728,0.021368,0.068483,0.006100,-0.004840,-0.008887,-0.040673,-0.054882,-0.030921,0.032358,-0.010642,-0.014636,0.078604,-0.016968,0.036162,-0.051328,-0.058181,0.017148,-0.005664,-0.053646,-0.105393,-0.000846,-0.005272,0.027055,0.073053,0.064013,-0.065920,-0.060045,-0.024664,-0.030291,-0.059829,-0.013630,-0.063929,0.002206,0.014598
-0.007073,-0.036476,-0.009065,-0.038171,-0.042391,0.089525,0.015681,0.081393,-0.023630,-0.064462,0.014828,0.129283,-0.032675,-0.033247,0.010378,-0.045262,-0.032146,-0.057543,-0.008274,0.029251,-0.002647,0.070098,0.041167,0.028208,0.024431,-0.046111,-0.074445,-0.075181,-0.008714,0.027594,0.056737,0.074009,0.054557,0.022054,0.014723,-0.034091,0.014848,0.049530,-0.061085,0.037606,0.079398,-0.081126,-0.041377,-0.014134,-0.004517,-0.015915,-0.006006,0.077534,0.019212,0.057388,-0.055544,0.038941,0.012513,0.021401,0.057280,-0.026799,-0.049792,-0.093101,-0.087047,0.005992,-0.032219,-0.011780,0.008761,-0.027364,-0.009908,0.006033,0.002590,-0.005298,-0.096301,0.011390,0.000473,-0.071693,0.025296,0.123375,0.043849,-0.010176,-0.008378,-0.032753,0.074745,-0.013267,0.050423,-0.043718,-0.010130,-0.003311,-0.066061,0.017191,0.060341,-0.021508,-0.022771,-0.037779,0.002432,-0.002509,-0.031047,-0.016308,-0.145255,0.012104,-0.084149,-0.005168,-0.049491,0.037595,-0.008705,0.029105,0.075801,0.004476,-0.046719,-0.061642,-0.034709,0.089994,0.012690,0.000109,-0.065298,0.006038,-0.018758,-0.011558,0.000570,-0.029962,-0.001379,-0.024043,0.112250,0.069589,-0.003370,0.057278,-0.060342,-0.004750,-0.036589,0.046566,-0.061152,-0.000000,-0.043252,0.039871,0.069875,0.018996,-0.079140,0.032462,-0.045552,0.013529,0.036745,0.034055,-0.004744,0.062700,0.019750,0.004112,0.040174,-0.003295,-0.085545,0.103387,0.012719,-0.004471,-0.076869,0.016382,-0.054075,0.070150,-0.016737,0.006359,-0.023517,0.036810,0.076530,-0.006841,0.004780,0.079010,0.044431,-0.085700,-0.054587,0.000320,-0.015250,-0.014254,0.085993,-0.026406,-0.162793,0.018351,0.049692,0.025520,-0.017781,0.065738,0.014504,-0.013241,-0.048130,-0.033572,-0.014773,0.039449,-0.017457,-0.017168,-0.040738,-0.017637,0.038440,-0.047762,-0.017492,-0.048074,0.045531,-0.045909,-0.033088,-0.014963,-0.082136,0.029112,0.108103,0.000976,0.030359,0.055277,0.015867,0.021124,-0.024440,-0.113164,0.040746,0.011795,0.114500,0.006431,0.057288,-0.026814,0.010568,0.032736,0.061217,0.017875,0.112886,0.045726,-0.003253,0.008231,-0.040627,0.003904,-0.001708,0.039080,-0.013644,0.106154,-0.040901,0.000000,-0.080514,0.023489,-0.013124,0.051347,0.032262,-0.010338,-0.025200,-0.054297,0.054944,-0.002179,-0.003905,0.018683,0.045377,0.037110,-0.059317,0.004980,0.050209,-0.024163,-0.043588,-0.020855,0.004010,0.117061,-0.057242,0.135427,-0.052299,0.006119,-0.092381,0.054961,0.036169,-0.060617,-0.105253,-0.059181,0.010568,-0.011346,-0.051456,-0.044962,0.006782,-0.066160,0.012286,0.000712,0.091929,-0.049309,-0.081192,0.040977,-0.017400,-0.015344,0.028260,0.064703,0.009608,0.066296,-0.061900,0.024290,-0.089197,0.012658,-0.118629,0.082399,0.054549,-0.068649,-0.094743,0.025161,-0.031339,0.036002,-0.045469,-0.013014,-0.015563,-0.041172,0.097383,-0.042188,-0.036857,-0.042339,0.038254,0.004848,-0.035220,-0.041144,-0.116502,-0.054068,0.020631,-0.041746,-0.038830,0.016525,-0.015756,-0.073817,0.017591,0.021546,-0.022370,-0.006593,0.081393,-0.001381,-0.070487,0.046377,-0.088719,0.029146,-0.093924,-0.096950,-0.102015,-0.000000,0.035891,0.006938,0.036049,0.060136,0.057896,-0.046276,0.005266,0.116691,0.036126,0.066946,0.008673,0.047354,-0.062226,0.015788,0.073947,-0.017866,-0.013066,0.058238,-0.075151,0.022536,-0.030738,0.102996,0.053939,-0.008262,-0.020715,0.041303,-0.006753,0.103580,-0.015610,-0.009360,0.103312,0.008111,0.007345,0.003566,-0.027259,-0.060578,0.024110,0.064607,0.017618,-0.107823,0.001508,-0.003782,-0.035247,0.087154,-0.061418,-0.056259,-0.023749,0.000185,0.015674,0.000839,0.074008,0.016471,0.007490,-0.020486,0.022003,0.021496,0.002478,-0.019987,-0.082906,0.079368,0.075177,-0.094384,0.023623,0.053509
0.018891,0.004739,0.011912,0.013967,-0.022153,0.017639,-0.049480,0.064863,-0.056870,-0.009875,0.018545,0.084742,-0.013221,0.082813,0.004829,-0.074903,-0.000021,-0.046033,-0.029209,0.049587,-0.025015,0.013423,0.026481,0.019746,0.129925,-0.013873,-0.057073,-0.047124,0.052456,-0.066961,-0.038874,0.125049,0.033808,-0.026078,0.098865,0.023285,-0.011956,-0.054809,-0.054809,0.015468,0.041915,-0.030076,-0.026367,-0.058419,-0.023265,-0.014333,0.015760,0.048526,-0.061388,-0.069364,0.008546,-0.012543,0.016383,-0.029721,-0.002408,-0.007544,0.010359,0.030341,0.017770,0.018016,-0.006095,-0.000806,-0.018603,0.032359,0.053766,0.031794,-0.014492,0.019283,-0.152172,0.039214,-0.046613,-0.030693,-0.078546,0.002613,0.042736,-0.034261,0.017028,-0.023015,-0.052541,-0.021597,0.024441,0.016956,-0.087113,0.004309,-0.072132,0.002839,0.059299,-0.025402,-0.039859,-0.073120,0.074489,-0.011886,0.035560,0.065083,0.037501,-0.015447,0.014759,0.074819,0.151786,-0.015920,0.044068,0.057706,0.039464,-0.011683,-0.119459,-0.055213,-0.017382,-0.000288,0.004430,0.005225,-0.076708,-0.006883,-0.025555,-0.055177,-0.035547,-0.004792,0.076425,0.045695,0.005982,-0.029981,0.032752,-0.010634,-0.076072,-0.001746,-0.051342,0.037642,-0.006580,-0.000000,-0.034302,-0.088185,0.051132,0.035793,0.021351,-0.003609,-0.024833,0.011037,-0.016011,-0.076307,0.020754,0.087687,-0.040045,0.021520,0.066831,-0.089584,-0.003241,0.068497,0.056821,-0.029347,-0.046637,-0.044308,0.032274,0.033701,0.021305,0.022247,0.040121,0.016834,0.011996,0.011079,-0.043345,0.038098,-0.045402,-0.024171,-0.035894,0.135036,-0.084300,-0.059309,-0.056289,-0.024869,-0.018342,0.072954,0.056207,-0.044944,-0.003702,0.032337,0.037875,-0.020259,-0.011365,0.011060,-0.005014,0.090436,-0.027096,-0.026880,0.054948,-0.005042,0.005228,-0.038086,-0.079986,0.016397,-0.005360,0.149922,0.039805,0.016457,-0.037643,0.101443,-0.006226,0.051914,-0.043162,0.106671,0.006067,-0.038350,0.010525,0.055812,0.068704,0.078723,-0.068884,-0.034215,0.046691,-0.003952,-0.096925,-0.035818,-0.011074,-0.036779,-0.046562,-0.040030,0.126098,0.006083,0.071070,-0.016003,-0.090743,-0.066717,0.012633,0.000785,-0.002626,0.000000,-0.039850,0.010364,-0.002478,0.068261,-0.030518,-0.046020,0.002420,-0.032023,0.006031,0.037950,0.016364,-0.030448,-0.001060,0.015822,-0.073736,0.011861,0.063512,-0.067418,0.010141,0.003576,-0.000028,-0.014225,-0.027157,0.036306,-0.054904,0.079833,-0.083084,-0.065120,-0.031987,-0.061416,-0.070632,-0.054527,-0.042075,-0.042907,-0.049827,-0.015467,-0.034801,0.020764,-0.019720,-0.065679,-0.039219,-0.012474,0.010071,0.069907,-0.012190,-0.016779,0.054216,-0.048880,0.094094,-0.050725,0.018154,0.148394,0.085999,0.006071,-0.053473,0.062098,0.001280,0.054272,-0.091722,0.032730,0.000031,0.086013,0.010286,-0.040473,0.021554,0.012572,-0.004642,-0.024172,-0.025022,-0.103528,0.078328,0.020194,0.062722,0.060893,-0.030748,-0.001616,-0.042260,-0.023453,0.010697,-0.018744,0.066691,-0.042418,-0.027751,0.011848,0.009528,-0.023053,-0.005031,-0.095274,0.004716,0.071543,-0.062594,0.004983,-0.018959,0.106935,0.008573,-0.000000,0.012112,-0.003718,0.040006,0.014769,-0.027094,-0.061674,0.066309,0.157269,-0.052101,0.122379,-0.096618,0.041434,-0.010452,0.063309,0.007280,0.032601,-0.049110,-0.028491,-0.056382,-0.027499,0.085127,0.061178,-0.000201,-0.046838,-0.076370,0.022070,0.004546,0.026129,0.070418,-0.065021,0.036401,-0.017799,0.020435,0.007648,0.032594,-0.004704,-0.035474,0.010881,-0.039069,-0.033195,-0.072054,-0.062817,-0.003743,0.048488,0.054778,-0.000792,-0.185540,0.081816,-0.057537,-0.051088,0.029196,0.029476,0.024339,0.017991,0.046340,-0.070089,-0.017611,-0.038214,-0.074020,-0.010348,-0.020087,-0.114861,0.082629,0.066086
-0.047295,0.011399,0.051959,0.015927,-0.007598,-0.009294,-0.100028,0.000870,-0.036079,0.006480,0.027822,0.088085,-0.021484,0.040669,0.073378,-0.033541,0.061276,-0.103459,-0.058435,-0.033018,-0.023720,0.006499,0.079072,0.003673,0.002494,-0.000591,-0.100544,0.048499,0.085718,-0.063323,-0.053763,0.099528,0.018985,-0.036356,0.052157,0.013442,-0.001398,-0.022330,-0.037399,-0.061151,0.004694,-0.040451,-0.050867,0.020157,0.047091,0.007613,0.048643,-0.049553,-0.083356,-0.091786,-0.069933,-0.031812,0.042971,-0.052434,0.026076,0.043613,0.004427,-0.010610,0.041030,-0.021353,0.014531,-0.032717,-0.004275,0.047778,0.114590,-0.071552,-0.006688,-0.034746,-0.070528,0.030344,-0.023586,-0.013359,-0.041584,-0.043126,0.042957,0.028275,-0.030914,0.029610,-0.010736,-0.043438,0.090043,-0.054244,-0.060803,-0.000894,-0.040245,0.034469,-0.003578,-0.096437,-0.131162,-0.059265,0.042151,-0.008939,0.028266,0.055482,0.010619,-0.005451,0.024491,0.020782,0.077397,0.015922,0.014868,0.072782,-0.026825,-0.038416,-0.027800,0.004345,0.026684,0.025092,-0.046290,-0.008260,0.023654,0.026857,-0.009336,-0.012204,-0.025634,0.045461,0.080106,0.101999,0.013633,0.034208,0.024968,-0.018267,-0.096670,-0.031417,-0.027436,0.008132,-0.068901,-0.000000,0.053890,0.022819,0.011173,0.005473,0.040665,0.003300,-0.011908,-0.019871,0.030975,-0.072610,0.010394,-0.071215,-0.027983,-0.004263,0.115890,-0.134880,-0.101392,0.044316,-0.043728,0.023408,0.033048,-0.071134,-0.030917,-0.009243,0.078850,0.121128,0.100919,-0.003310,-0.017818,0.022497,-0.061047,0.069512,-0.044491,-0.023222,-0.049746,0.030604,-0.011647,0.011886,-0.024259,-0.033164,-0.005297,0.068830,0.012124,-0.041937,0.024645,-0.068045,0.074200,-0.019557,0.015651,-0.012812,-0.008680,0.060391,0.007769,-0.016093,0.074718,0.020748,0.104856,-0.036559,-0.021209,0.092623,-0.003624,0.056008,-0.041519,-0.002129,-0.040934,0.145148,0.037450,0.011352,-0.056414,0.091198,-0.012576,-0.025967,0.015505,0.050158,0.042532,-0.024237,-0.092153,-0.025703,0.065866,-0.077959,-0.045374,-0.013901,0.006246,-0.038670,-0.009739,-0.108382,0.069671,-0.008446,-0.004607,0.067039,-0.035660,-0.011326,-0.024797,0.099048,0.005117,0.000000,-0.044689,0.004990,-0.028727,0.056573,-0.052183,-0.034335,-0.035213,-0.020581,0.045524,0.022031,0.021912,0.012974,-0.026607,0.059273,-0.048186,-0.027174,0.033425,-0.082471,0.075123,0.007188,0.086146,0.077225,0.007948,0.053327,0.020016,0.072091,-0.029108,0.000910,-0.031627,-0.051970,-0.051415,-0.151155,-0.124320,0.016291,0.026072,-0.022759,0.049181,-0.049414,-0.011873,-0.006592,0.082124,0.023268,-0.057565,0.119088,-0.017653,-0.020113,0.092414,-0.079377,-0.005741,0.013316,0.053384,0.017422,-0.034774,0.057552,-0.104175,0.031478,-0.011272,0.000035,-0.012969,0.029531,0.035455,0.055691,-0.042881,-0.062938,0.090893,-0.015125,0.038171,0.084974,0.097448,-0.034031,0.041386,-0.028574,-0.029983,0.035577,-0.036080,0.050410,-0.064392,-0.046231,0.019815,-0.013204,0.026434,-0.025081,0.008549,0.023902,0.044903,-0.046548,0.010160,0.005692,-0.003319,0.026963,-0.027019,0.030506,-0.041944,0.079599,-0.038107,-0.000000,-0.013564,-0.037464,0.014257,0.010536,-0.001380,-0.057895,-0.016237,0.101746,-0.037580,0.030288,-0.109312,0.016856,0.006964,0.021907,0.055822,0.076059,-0.009095,0.053627,-0.067927,-0.124686,0.026468,0.065540,0.017668,-0.032959,-0.096159,0.024823,-0.064120,-0.027073,0.005011,-0.044410,0.004019,-0.026997,0.055400,-0.028560,-0.031651,-0.027209,-0.023441,-0.053145,0.049157,-0.079602,-0.057156,0.012321,-0.022667,0.079567,0.005842,-0.041700,-0.150832,-0.014874,-0.052363,-0.092547,0.059737,-0.003195,-0.033126,0.005944,0.061413,0.029435,0.010086,-0.032344,0.029123,-0.052985,0.062985,-0.057691,0.043444,0.098597
-0.007096,-0.030302,-0.012494,-0.054705,-0.026418,0.062477,0.052238,0.028340,-0.048609,-0.086145,-0.021059,0.060194,-0.033963,-0.051652,0.014513,-0.000655,0.079204,-0.098713,-0.044900,0.047304,0.026950,0.009492,0.023918,-0.030602,-0.073338,0.036128,-0.013954,-0.057270,-0.011779,0.007838,0.072529,0.045041,0.066254,0.038328,0.025493,0.058631,-0.027981,0.015276,0.003652,-0.063344,0.013692,-0.119957,-0.060830,-0.007836,0.066633,-0.016838,0.005084,-0.025223,0.022638,0.014421,-0.086233,-0.071624,-0.008451,-0.001249,0.006651,0.002930,-0.058973,-0.089020,-0.021463,0.019860,0.017993,-0.044347,0.006563,0.040569,0.049467,0.003497,0.017427,0.018538,-0.045712,-0.109465,0.004768,-0.095631,-0.015913,0.012337,0.038772,0.015900,0.010001,0.002075,0.063125,-0.080035,0.058992,0.079217,0.031544,0.049731,-0.101421,0.014957,-0.017959,-0.064682,-0.027817,-0.004850,0.026986,-0.112152,-0.012990,-0.041327,-0.049193,0.089488,-0.070462,-0.061733,-0.032211,-0.025683,-0.023378,0.004244,0.053520,0.000803,-0.094887,-0.016684,-0.034949,0.028677,0.007100,0.014999,-0.049469,0.010742,0.011870,0.023408,0.022597,0.089185,0.025523,-0.039866,0.149297,0.059868,0.008565,0.034710,-0.051441,-0.068807,-0.063906,0.017768,-0.057662,-0.000000,-0.006918,0.069721,0.031803,0.064092,-0.028776,0.046803,-0.007120,-0.042165,0.035607,0.012907,-0.020674,0.062678,0.003082,0.004934,-0.032554,-0.019064,-0.094854,0.076086,-0.007432,0.063855,-0.055857,0.043856,-0.075709,0.009621,0.032690,-0.017258,0.012524,-0.005849,0.034576,0.014369,-0.024218,0.067456,-0.029666,-0.029468,-0.005865,0.084456,-0.075396,-0.030469,-0.029899,-0.044100,-0.113484,0.052250,0.026889,0.043724,-0.037355,0.038011,0.010901,-0.017273,-0.044612,-0.036440,0.014834,-0.010137,-0.053974,0.004881,0.006785,0.030685,0.040318,-0.064203,-0.015283,-0.013550,0.097346,-0.093640,-0.028925,0.061623,-0.006083,0.053761,0.040912,0.011835,0.006224,0.040598,-0.009917,0.047914,0.058140,-0.033320,-0.045530,0.072457,-0.038009,-0.020611,0.027210,0.049832,0.050797,0.092790,0.069481,0.011013,0.070980,0.065485,0.048442,0.049374,-0.096716,-0.011243,-0.058117,0.087471,0.035780,0.126767,0.020902,0.000000,-0.053427,0.018283,0.009680,0.019388,0.057992,-0.075770,0.068421,-0.069346,0.042257,0.023870,-0.056734,0.002346,0.048819,0.066684,-0.043274,0.005416,0.026120,-0.069649,-0.029883,0.032800,-0.019502,0.082034,-0.020406,0.112376,-0.022475,0.034304,-0.106787,-0.005394,0.015883,-0.069012,-0.084320,-0.013903,-0.012719,0.054128,-0.052199,-0.046466,-0.023343,-0.035731,0.012159,-0.058872,0.142049,-0.051497,-0.072961,0.035979,0.020296,-0.032397,0.042492,-0.013511,0.020825,0.052414,-0.068487,-0.013715,-0.045102,0.010035,-0.062356,0.082291,0.097434,-0.156025,-0.060035,-0.009075,0.005955,0.026966,0.008834,0.022829,0.005339,-0.020648,0.068167,-0.006295,-0.007415,-0.016987,0.052447,-0.048681,-0.026663,-0.024389,-0.079235,-0.054453,0.098561,-0.062921,-0.033548,0.036252,0.016203,-0.105647,-0.013022,-0.025691,0.019472,-0.008635,-0.002074,-0.079117,-0.044325,-0.022656,-0.159273,0.006182,-0.070611,-0.057753,-0.096334,-0.000000,-0.018044,-0.032477,-0.000450,0.026265,0.037160,-0.118239,-0.028639,0.003654,0.043553,0.103437,-0.050623,0.055087,-0.021327,0.057487,0.010357,0.033148,0.029853,0.018948,-0.038519,0.077099,-0.009691,0.001447,-0.031388,0.032596,-0.047153,0.041350,-0.034705,0.075236,0.042730,0.083207,0.034759,0.054970,0.038211,-0.002088,-0.132806,-0.060893,0.024444,0.006954,0.038109,-0.029223,-0.004776,0.044057,-0.002580,0.080737,-0.016755,-0.074019,-0.038524,-0.018333,0.001174,0.001912,0.051991,-0.013401,0.060811,0.000803,0.050185,0.043558,0.019695,0.012337,-0.070971,0.075544,-0.043287,-0.102532,0.049457,0.052306
-0.035532,-0.037354,-0.003858,-0.004134,-0.076038,0.060358,-0.036888,0.037421,0.007892,-0.064474,0.028794,0.047534,-0.026409,0.001842,0.075391,-0.014352,0.036947,-0.108115,-0.031954,0.037622,-0.059117,-0.018793,0.006130,-0.045068,0.052664,-0.026647,-0.036323,0.035481,0.056512,-0.017997,0.095305,0.066184,0.031904,-0.048704,0.020411,0.046430,-0.006500,0.012694,-0.065856,-0.016889,0.008170,-0.069912,-0.083464,0.001460,0.073418,0.052436,-0.000064,0.026674,0.011652,-0.009996,-0.097694,-0.072805,0.004202,0.029820,0.005840,0.052520,-0.069426,-0.077866,-0.095693,0.028020,0.029937,0.057241,-0.007967,0.039181,0.043586,-0.012115,-0.017716,-0.016583,-0.048986,-0.068287,-0.088267,-0.067379,-0.042115,0.005498,0.049272,-0.004853,-0.027776,-0.004404,0.012363,-0.069665,0.013362,0.027516,-0.015434,0.009274,-0.154550,-0.041603,-0.003234,-0.035228,-0.042258,-0.066650,0.054632,-0.001752,0.030573,-0.036966,-0.009437,-0.021073,-0.104038,-0.018884,0.037826,-0.037824,0.005087,0.023106,0.017688,0.025971,-0.039887,-0.023053,-0.027650,0.013553,0.064670,0.016100,-0.036895,0.062044,-0.007919,-0.032723,0.034567,0.048716,0.019929,0.005033,0.179589,0.078365,-0.005159,0.038691,-0.076251,-0.063262,-0.035223,0.020797,-0.012044,-0.000000,-0.016677,0.078703,0.058007,0.019919,0.044386,0.025983,-0.029309,-0.032902,0.000924,0.005173,0.032167,0.066722,0.012366,-0.013580,-0.001053,-0.012977,-0.096682,0.032188,0.050140,0.032235,-0.030559,0.024859,-0.038980,0.031892,0.075227,-0.002656,0.060829,0.061930,0.066804,-0.003538,-0.046178,-0.008053,-0.073849,-0.094213,-0.022312,0.053845,-0.105832,-0.001873,-0.033332,-0.006849,-0.135038,0.002180,0.056723,0.005663,-0.084546,-0.029515,0.087211,-0.030604,0.030452,-0.070230,0.028359,-0.031739,-0.065739,0.039599,0.020051,-0.008210,0.056965,-0.006812,-0.040577,0.026305,0.070678,-0.043642,-0.020680,0.062920,-0.031988,0.054599,0.038832,0.028692,0.009374,0.079036,-0.019442,0.030157,0.071699,-0.038753,0.041384,0.022127,-0.026592,0.010922,0.058797,-0.007556,-0.003684,0.074193,0.077309,0.011144,0.055253,-0.023079,0.093614,-0.001533,-0.059357,0.049463,-0.104066,0.083658,0.042426,0.094078,0.003273,-0.000000,-0.063752,0.022170,-0.008381,-0.017487,0.040124,-0.056410,0.030055,-0.000062,0.041659,0.051937,-0.001503,0.044628,0.058381,0.069685,-0.104233,-0.016054,0.051568,-0.096333,-0.015040,0.023476,-0.013620,0.096630,-0.021313,0.070444,-0.021255,0.018402,-0.045010,0.018086,0.016133,-0.092108,-0.061787,-0.099918,-0.055659,-0.077923,-0.044325,-0.094542,-0.110295,-0.047981,0.021412,0.039882,0.061083,-0.035829,-0.087519,0.057258,-0.022922,-0.029331,0.066681,-0.085653,0.001404,0.034165,-0.039660,0.038560,-0.052619,0.026291,-0.121296,0.037544,0.093833,-0.043481,-0.057464,0.011173,0.027613,0.029080,-0.029151,0.011936,0.073516,-0.025187,0.083731,0.003110,0.001948,-0.031391,-0.025328,0.008858,-0.023619,-0.030955,-0.036936,0.035911,0.040674,-0.079831,0.018000,0.014430,0.044515,-0.096623,0.050153,-0.025490,-0.035925,-0.105519,-0.010387,-0.030030,-0.058251,-0.019260,-0.036908,0.022348,-0.039364,-0.017634,-0.049708,-0.000000,-0.009283,-0.039477,0.073869,0.028076,-0.007077,-0.137124,-0.035328,0.084935,0.011754,0.142768,-0.125604,0.003472,-0.040600,0.058454,-0.000947,0.043281,0.050764,0.061492,-0.016991,0.002676,0.014234,0.046896,-0.001754,0.011020,-0.054927,0.080803,-0.071908,0.020267,-0.007163,-0.038660,0.073202,0.062436,0.056860,0.002787,-0.088118,-0.078640,-0.007283,0.044406,0.012684,-0.011436,0.050547,0.008197,-0.000519,0.090143,-0.020252,-0.004641,-0.036307,-0.051972,-0.013879,-0.001936,0.058932,-0.049557,0.093146,-0.039957,0.032139,0.007415,0.007892,0.044057,-0.027008,0.065281,-0.010810,-0.113625,0.029585,0.033706
-0.072400,0.035390,-0.013501,0.017916,0.041316,0.003633,0.040529,0.041535,-0.064362,-0.049229,-0.085911,0.068794,-0.082134,0.079442,0.047328,0.020348,-0.003102,0.049870,-0.075910,0.019228,0.085443,-0.080492,0.046222,-0.021642,-0.045083,0.048342,-0.027630,-0.014764,0.036456,-0.049468,0.077690,0.067579,-0.006255,-0.032326,0.083426,0.124948,-0.068095,0.010285,-0.010803,0.017340,-0.030924,-0.100526,-0.007169,-0.025588,-0.049832,-0.090155,0.006510,-0.075593,0.013084,-0.058674,0.000699,0.009526,-0.041455,-0.081927,0.027900,0.010258,-0.038441,-0.070173,-0.036740,-0.071022,0.009475,0.001852,0.029478,0.012552,0.007248,0.028760,0.046396,0.083565,0.003806,-0.035423,-0.021927,-0.005056,-0.043815,-0.055104,0.018688,0.001225,0.096216,-0.014371,0.043793,-0.009284,0.029872,-0.015899,-0.050609,-0.066282,-0.038737,0.079212,0.034342,-0.023369,-0.003595,-0.014888,-0.033485,-0.033241,0.077252,0.015794,-0.063361,0.056768,0.007781,-0.019762,0.114064,-0.009672,0.027486,0.082762,0.008999,-0.077901,-0.079759,-0.045878,0.003211,0.053511,0.053852,-0.008832,-0.024967,0.043503,0.061092,-0.031839,-0.100968,0.032645,-0.040760,-0.052390,0.074061,0.052974,-0.036538,0.000791,0.018217,0.051631,-0.004983,0.015015,-0.086136,-0.000000,-0.098530,0.060915,0.048848,0.091926,-0.037235,0.030954,-0.021678,-0.056512,-0.089489,-0.014461,-0.020937,0.069160,-0.025531,0.078903,0.025429,-0.133479,-0.002355,0.080516,0.067746,-0.133568,-0.077851,-0.009720,0.054706,-0.002066,0.069278,-0.042427,0.023816,-0.037978,-0.023215,0.010076,0.008915,0.065922,-0.085902,0.081583,-0.024387,0.078190,-0.102643,-0.044548,-0.008463,0.033190,-0.008238,0.063339,0.065337,-0.016348,-0.012189,0.072021,0.107648,0.090682,-0.017874,-0.009476,-0.025711,0.073730,-0.044100,-0.048415,0.045393,0.007009,0.063107,-0.126710,0.016959,-0.057450,-0.061258,0.094261,-0.075640,-0.017917,-0.001885,0.084653,0.035716,0.025767,0.021139,0.035737,-0.053371,-0.027922,0.003508,0.006983,0.065252,0.070841,0.006964,-0.007040,0.036547,0.038089,-0.016715,0.010889,-0.047086,-0.071782,0.007921,-0.067058,0.044535,-0.018375,0.011961,0.028597,-0.041146,-0.113681,-0.004303,0.013699,0.027469,-0.000000,0.025469,-0.030057,0.021181,0.026757,0.074096,-0.074695,0.075220,-0.097101,-0.061063,0.033351,-0.009150,-0.025903,0.068219,-0.015633,-0.089049,0.033023,0.007728,-0.050148,-0.002993,-0.073798,-0.038484,0.038666,-0.079744,0.125321,-0.061119,0.034824,-0.042177,-0.067534,0.002196,-0.008499,-0.061289,-0.035126,-0.088019,0.034542,-0.040254,-0.020468,-0.010543,-0.036273,0.038176,-0.059020,0.004176,-0.050460,-0.020726,0.030430,-0.054501,-0.074198,-0.019495,-0.029643,0.050387,-0.031541,0.010097,0.033926,-0.022595,-0.078049,-0.012994,0.075565,0.058757,-0.000851,-0.030955,0.053108,0.033773,0.072186,0.046575,0.042642,-0.039732,-0.013044,0.010000,-0.074989,-0.024910,-0.058668,0.131980,0.004522,0.029717,0.064753,-0.028791,-0.069010,0.048963,0.012238,0.005977,0.002552,0.046794,-0.013399,-0.009702,0.005053,0.020280,-0.065935,0.028752,-0.068903,0.053868,-0.056690,-0.036015,0.027919,0.028752,0.087432,0.013799,-0.000000,-0.042578,-0.004053,0.055040,-0.008660,-0.062242,-0.006515,-0.017412,0.034492,-0.021441,-0.013013,0.044829,0.047696,-0.027327,0.112765,0.058510,-0.005645,-0.022219,0.039335,-0.024849,-0.049545,0.011750,0.026130,-0.018685,0.029062,-0.029792,-0.019225,0.066181,0.050094,0.096004,0.009360,-0.054385,0.032289,-0.029683,0.046613,0.032783,0.023681,-0.024074,0.000773,-0.084318,0.057565,0.013141,0.008296,-0.024379,0.049316,-0.012076,-0.005960,-0.132340,0.063155,-0.031547,0.062178,0.070547,-0.076945,-0.054895,0.038406,0.012240,0.014428,-0.073298,0.032417,-0.025472,-0.042772,-0.024249,-0.069049,0.063598,0.005556
-0.082445,0.019144,-0.004291,0.009006,-0.026894,-0.008593,0.003475,0.036180,0.007497,-0.031696,0.009581,0.014390,0.005112,0.032024,0.024104,0.013372,-0.034676,-0.079316,-0.075573,0.027614,-0.052398,0.057684,0.087377,0.020410,0.043397,-0.036502,-0.072778,0.041261,0.061054,-0.058217,0.064403,0.048667,0.055187,-0.055478,0.029155,0.012808,0.009750,-0.072835,-0.086623,-0.025966,0.063900,-0.043922,-0.046446,0.046750,0.043237,-0.001374,-0.022823,-0.019259,-0.037879,-0.047037,-0.046094,-0.052108,0.014815,0.032259,0.020479,0.020012,-0.036420,-0.027929,-0.039719,0.010359,-0.049508,-0.018063,0.004869,0.038977,0.039962,0.005070,-0.032444,-0.022210,-0.029424,0.086599,-0.114379,-0.017067,0.019036,0.015392,0.017289,0.022408,-0.069814,0.020450,-0.012737,-0.066339,0.047012,-0.059591,-0.047285,0.037373,-0.074258,0.029896,-0.061486,-0.037203,-0.119342,-0.044229,0.073759,-0.028538,0.107764,0.059488,0.040540,-0.046012,-0.032073,0.020452,0.020242,0.007271,-0.022146,0.075510,-0.064402,0.000004,0.012580,-0.034252,-0.048077,-0.011532,-0.003688,0.005987,-0.031620,0.002070,0.067097,-0.018122,0.023289,0.067677,0.091564,0.092915,0.084212,0.016543,0.008358,-0.043868,-0.116210,-0.040478,0.014508,0.001988,-0.041649,0.000000,0.021769,-0.017765,0.044903,0.028335,0.040098,0.017507,-0.062541,-0.038368,0.064094,-0.117707,0.083213,0.017956,0.010694,-0.046767,-0.001409,-0.024659,-0.116189,0.026661,-0.021697,0.013750,0.058123,0.002433,-0.053115,0.038487,-0.013962,0.087029,0.055970,0.020071,0.058603,0.002077,-0.138749,0.014612,-0.058664,-0.059225,-0.068639,0.089192,-0.023366,0.040144,-0.024686,-0.044832,-0.019607,0.049566,0.052922,-0.052270,0.030547,-0.063683,0.004083,-0.008934,0.005856,-0.091201,0.021834,0.024074,-0.029624,-0.003741,0.044747,0.012398,0.066197,0.020282,-0.083429,0.025378,0.040611,0.061600,0.052012,-0.034668,-0.063899,0.039120,-0.032575,-0.015982,-0.043817,0.081999,-0.066420,0.046289,-0.044719,0.034189,-0.001012,-0.028674,-0.028338,0.012843,0.053484,-0.092374,0.011137,-0.023523,0.012584,0.032254,0.073178,-0.107177,0.096802,-0.012490,-0.078791,-0.015516,-0.042376,0.050750,0.051816,0.009524,-0.041972,-0.000000,-0.091754,0.014613,-0.037788,0.054933,0.011707,0.023678,0.018564,-0.060444,0.089801,0.037399,0.099235,0.027022,0.024238,0.002061,-0.014172,-0.017530,-0.016489,-0.100672,-0.003709,0.028967,-0.000568,0.040861,-0.008988,0.072283,-0.025932,0.040525,0.020165,0.023989,-0.023304,-0.113697,-0.001048,-0.123728,-0.122756,-0.088192,0.045078,-0.064529,0.033142,0.008804,-0.058879,-0.014819,0.038645,-0.011220,-0.091240,0.076376,-0.062508,0.002918,0.068662,-0.086857,0.005521,-0.039828,-0.001860,0.039302,-0.052347,0.070235,-0.081696,0.034798,0.063113,-0.008224,-0.000830,0.010331,-0.005448,0.037149,-0.105609,-0.118723,0.051065,-0.043983,0.042649,0.043766,-0.005210,-0.013484,-0.007675,-0.034983,-0.018889,-0.023692,0.023173,0.087604,-0.080557,-0.036922,-0.041613,-0.038181,0.001035,-0.007039,-0.013023,-0.004200,0.067588,-0.018779,0.073209,-0.014503,-0.050543,0.082123,-0.031628,0.050683,-0.037258,0.019156,-0.047633,-0.000000,0.019225,0.017134,0.026409,0.055753,0.027242,-0.143735,-0.051097,0.096248,-0.073509,0.140477,-0.100312,0.082508,0.027103,0.024830,0.047942,0.067203,0.013622,0.068150,-0.059173,-0.094216,0.014641,0.042946,-0.075865,-0.069114,-0.045041,0.084311,-0.039548,-0.020180,0.033207,-0.037646,0.073397,0.011668,-0.027974,-0.023719,-0.054844,-0.051226,0.003401,-0.023790,0.020365,-0.025464,0.003447,0.005531,0.014912,0.118108,-0.011751,0.015140,-0.083749,0.017244,-0.059014,-0.076637,0.033709,-0.044957,0.011998,0.023065,0.058124,0.038841,-0.002709,0.060570,-0.038175,-0.013874,0.078340,-0.024182,-0.040070,0.052666
-0.039642,0.015837,0.030498,0.017273,-0.027262,-0.004076,0.051303,-0.022956,0.018065,-0.044696,0.018577,0.075554,-0.016175,-0.081096,0.010968,0.008378,0.072315,-0.144695,-0.103372,0.098291,-0.045062,-0.005857,0.036220,0.018184,-0.048208,0.015166,-0.026137,-0.043074,0.058589,-0.002536,0.038013,0.054719,0.032583,-0.022967,0.018737,0.084806,-0.042316,-0.017671,-0.045595,-0.021026,0.048515,-0.108563,-0.003737,0.044181,0.042363,0.071614,-0.019164,-0.058157,-0.025351,-0.028142,-0.107414,-0.025892,0.019224,-0.020591,0.030448,0.027325,-0.033170,-0.100201,-0.021575,-0.009081,0.013978,-0.014763,0.006058,0.042672,0.025774,0.042587,-0.012947,-0.033946,0.020793,-0.003778,-0.024804,-0.049984,0.036575,0.088846,0.033367,0.020564,0.003354,-0.014961,0.067705,-0.027634,0.043520,0.023469,0.037822,0.015079,-0.113844,-0.023858,-0.022909,-0.055621,0.046799,0.034346,0.039392,-0.019362,0.003846,-0.038718,-0.074774,0.021049,-0.062291,0.027675,-0.060032,-0.000122,-0.011533,0.074292,0.028932,-0.003937,-0.098537,-0.007288,-0.073333,0.035773,-0.050891,0.026142,-0.101769,-0.009360,0.009072,-0.075231,0.054481,0.075444,-0.018429,-0.018003,0.085105,0.085256,0.019240,0.052705,-0.066777,-0.026920,-0.040357,0.002170,0.078902,-0.000000,0.021051,0.058861,0.049834,0.000250,-0.025514,0.022376,-0.051405,-0.058962,0.052979,0.005717,0.083551,0.054636,0.021915,-0.007482,-0.081571,-0.025103,-0.107923,0.044557,-0.008923,0.044741,0.004027,0.030280,-0.077214,-0.020556,-0.022718,-0.005671,0.019079,0.092848,0.018346,0.000541,-0.041051,0.065208,-0.009671,-0.078843,-0.001872,0.019469,-0.091437,0.003925,-0.012606,-0.042158,-0.131596,0.017783,-0.023009,0.046719,-0.084240,0.004881,-0.023813,-0.033758,-0.069665,-0.082678,0.054126,0.050695,-0.022217,0.057266,-0.030234,0.040633,0.073819,-0.026071,-0.040645,-0.028758,0.106097,-0.047731,-0.021402,-0.004907,-0.014443,-0.008416,0.046677,0.051484,-0.030815,0.004819,-0.015029,0.088058,0.050761,-0.031243,-0.072431,0.004572,-0.033579,-0.002916,0.030322,0.026636,0.071228,0.047249,0.045284,0.019194,0.008811,0.012098,0.032721,0.022390,-0.042566,0.071327,-0.007868,0.082108,0.031133,0.119224,-0.001547,-0.000000,-0.001130,0.011526,-0.034813,0.043269,0.047455,-0.037623,0.006809,-0.028670,0.075781,0.066572,-0.036040,-0.007131,-0.010070,0.038110,-0.048934,-0.017796,0.071205,-0.065080,-0.030356,-0.034515,-0.064611,0.161042,-0.008915,0.063955,-0.057350,0.025592,-0.035338,0.055821,-0.020049,-0.081144,-0.019939,-0.020552,-0.109277,0.024865,0.002380,-0.076655,-0.058603,0.003315,0.024358,-0.027736,0.098315,-0.028297,-0.130476,0.071771,-0.005549,-0.019973,0.046505,-0.086139,-0.026935,0.041525,-0.080829,0.003556,-0.021671,0.015146,-0.083442,0.036018,0.079622,-0.124577,-0.046353,0.018455,-0.010679,-0.006594,0.004002,-0.047618,0.020368,-0.027322,0.054145,-0.050895,0.093317,-0.038389,0.067977,-0.028306,-0.153189,-0.026341,-0.010211,-0.030550,0.061873,-0.090434,-0.038514,0.023199,0.060766,-0.047230,0.046329,-0.042045,-0.008790,-0.024617,-0.001963,-0.048531,-0.088824,0.000619,-0.050609,-0.003790,-0.121365,0.019915,-0.054372,-0.000000,-0.014779,0.001678,0.052646,0.044171,0.093382,-0.117842,-0.007743,0.027095,-0.028214,0.069363,0.049388,-0.002919,-0.018506,0.048212,0.022627,0.006938,0.017481,0.032428,-0.063919,-0.003861,-0.004774,0.039261,-0.025722,-0.020062,-0.045102,0.095783,-0.031571,0.074839,-0.025702,0.010569,0.044557,0.004060,0.031578,-0.059158,-0.063179,-0.028732,0.118364,-0.025919,0.065314,-0.062283,-0.009220,0.023818,0.045258,0.135314,-0.054326,-0.028274,-0.008171,-0.018040,-0.014417,-0.023033,0.052254,-0.106369,0.037049,0.020886,0.056876,-0.001990,-0.009041,0.074453,-0.030525,0.045779,0.011443,-0.099118,-0.013456,0.026484
-0.072614,0.025409,0.150585,0.032921,0.079144,-0.072412,-0.065422,0.019846,-0.006274,0.043013,0.039034,0.051692,-0.042642,0.008930,0.006302,-0.023182,0.000718,-0.114436,-0.068332,0.016674,-0.030404,0.031286,-0.092218,0.044865,0.007437,0.076413,0.042013,0.017592,0.037686,-0.083322,-0.030425,0.059496,-0.085652,-0.054357,0.102132,0.026473,0.077017,-0.034560,0.035751,-0.009183,0.029165,-0.007169,0.019593,0.088621,0.018915,-0.044325,-0.009851,0.027783,0.028928,-0.012739,-0.037390,-0.028767,-0.027942,-0.025460,-0.064894,-0.041418,-0.018168,-0.095148,-0.024255,0.056873,0.021960,-0.059130,0.003749,0.035597,0.021282,-0.033470,0.038921,-0.092535,0.019599,0.031351,0.034147,0.010509,0.031538,-0.002554,-0.013608,0.004202,0.044943,-0.024342,0.014697,-0.010595,-0.088028,-0.038358,-0.043987,-0.011723,-0.033988,0.023014,0.064334,-0.052112,-0.051626,0.013043,0.056861,0.020296,-0.010404,0.031533,0.005184,-0.068159,-0.031188,-0.022896,-0.009053,0.040939,-0.032601,0.136924,0.004843,-0.006596,0.063792,-0.065223,-0.028304,-0.013514,-0.010716,0.018039,-0.042134,-0.000189,0.033474,-0.027839,-0.031848,0.008876,-0.025156,0.035383,-0.023051,-0.005424,0.026452,0.053731,-0.074569,0.017563,-0.073870,0.007263,0.091895,-0.000000,0.002432,-0.031871,0.013230,0.001516,-0.015845,-0.025792,0.021848,-0.036376,-0.026672,0.028263,-0.018883,-0.062494,-0.083527,-0.040471,-0.072542,0.001621,-0.032368,0.127391,0.038291,0.043916,-0.010503,-0.042980,-0.005573,-0.049195,0.020968,0.087210,0.012976,-0.010094,0.006585,0.026997,0.003587,0.093143,0.022326,-0.002604,-0.008196,0.011418,0.063376,-0.080681,0.007043,-0.016749,-0.035373,0.007614,0.013665,0.004538,-0.072172,-0.046284,-0.112633,-0.001756,0.079421,-0.061118,-0.037876,0.097921,0.002904,0.058216,-0.012972,0.032963,0.068829,-0.027281,0.076397,-0.043513,-0.017572,0.119097,-0.006999,0.044239,-0.112462,-0.023004,-0.007679,0.001326,-0.014345,0.061975,-0.044574,-0.055677,0.039796,-0.093210,0.039087,-0.015835,-0.016045,-0.047017,0.101537,-0.057851,0.057837,-0.058517,0.163741,0.088404,-0.080225,-0.006535,0.035723,0.119790,0.041819,0.025179,0.000005,0.034401,0.056802,-0.059696,0.061441,0.000000,-0.066868,0.039661,-0.044350,0.045548,0.043697,-0.053245,-0.087940,0.120196,0.027501,0.046070,0.056749,0.051276,-0.082894,0.010376,0.058762,0.041965,0.120730,-0.004337,0.078802,0.008280,0.025809,-0.010102,-0.053070,0.049171,0.063570,0.058948,0.053701,0.003763,-0.067019,-0.084538,-0.009485,0.004013,-0.044060,0.033424,0.036243,0.016857,-0.017926,-0.048293,0.000577,0.001247,-0.033838,0.024333,-0.018507,0.043248,-0.029224,-0.084435,0.079938,-0.074345,0.070133,0.085818,-0.075370,0.008549,-0.066775,-0.026648,-0.047964,0.062167,0.044741,0.057789,0.020498,0.025555,-0.024265,0.058515,-0.019859,-0.144061,0.005450,-0.046714,-0.015442,-0.031261,0.071585,0.002839,0.042319,-0.032718,-0.004139,-0.040361,0.053169,-0.000060,-0.085738,0.001200,-0.031252,0.025303,0.003175,0.060335,-0.003511,0.087221,0.031930,-0.031014,0.046198,-0.102012,-0.050511,0.045700,0.002546,-0.015033,-0.098648,0.064275,-0.009667,-0.000000,0.048915,-0.028703,0.079882,0.065829,0.062716,-0.114191,-0.009257,0.092268,0.008702,-0.016340,0.011460,0.024524,-0.025275,0.015605,0.016194,0.007496,-0.080254,-0.050076,-0.067747,-0.091974,-0.067966,0.059767,0.066651,-0.101055,-0.016147,-0.016806,0.001666,0.088434,0.029741,-0.007230,0.066996,0.000539,0.000731,-0.046894,-0.070467,0.039207,-0.008372,0.048934,0.024824,-0.031543,-0.055374,0.016595,0.047853,0.073046,-0.013265,0.007188,-0.056359,-0.070463,-0.038528,-0.050287,0.003044,0.040439,-0.016788,0.036792,0.057244,-0.011164,-0.045568,-0.013577,-0.038131,-0.006932,-0.043493,-0.079082,0.017182,0.043276
-0.046898,0.017446,-0.011757,0.045628,-0.005627,-0.047817,0.050627,-0.046195,-0.111633,0.039625,0.059634,0.001116,-0.060544,0.019155,-0.004535,0.014603,-0.023556,-0.063997,-0.002497,0.009983,-0.038479,0.068380,0.029286,-0.009737,0.007890,0.024661,-0.051974,-0.050003,-0.039368,-0.129989,0.001447,0.062836,-0.013326,0.009099,0.098121,0.017722,0.025612,-0.057144,0.073307,-0.057866,0.049707,0.001864,0.003056,0.102883,0.002923,-0.050180,0.009711,0.014593,0.057977,0.008350,0.023293,-0.087410,-0.066555,0.027915,0.058371,0.044703,0.054104,-0.062201,0.017242,0.077445,-0.022762,0.026899,-0.075482,0.057141,-0.006023,0.000544,-0.026070,-0.013513,-0.034896,0.005312,-0.049996,0.040865,-0.036650,-0.005022,-0.026569,-0.004688,0.021887,0.005583,0.002020,0.023263,-0.004531,-0.044157,0.016769,0.057567,0.053845,0.022218,0.069432,0.087202,-0.085520,-0.054077,0.007634,-0.014996,0.004529,0.028187,-0.075328,-0.014511,-0.018762,-0.041294,-0.062692,0.024731,-0.018996,0.022656,0.004136,-0.059782,-0.042674,-0.032263,-0.006773,0.069115,-0.032175,0.070281,0.006860,0.021236,0.038080,-0.037469,-0.095764,0.050395,0.000090,0.084657,0.113469,-0.054875,0.021909,-0.027298,0.048954,-0.062852,-0.082757,-0.078609,0.047587,-0.000000,-0.071767,-0.004846,-0.017184,-0.050711,0.111292,-0.050349,0.031747,-0.011818,-0.012121,-0.033011,-0.127787,-0.027018,-0.029511,-0.005060,-0.183634,-0.051508,0.028461,0.036201,0.029040,0.034185,0.012902,0.039262,-0.057714,0.041476,0.004187,0.139621,0.075161,-0.012681,0.068303,0.041467,-0.056880,-0.012206,0.024645,-0.013153,0.024379,0.023223,-0.036904,-0.088675,-0.024345,0.017818,0.007718,0.001415,-0.108077,-0.012619,-0.000285,-0.017790,0.108440,0.013394,0.126804,-0.020834,-0.041660,0.024834,0.054051,-0.068839,-0.000256,-0.038577,0.009912,-0.032808,0.045111,-0.000435,0.070841,0.027529,0.024922,-0.001130,0.039142,-0.055805,-0.041819,0.043518,-0.079713,0.003902,-0.057125,0.127594,0.060268,0.008257,-0.020741,-0.016397,0.014158,0.015757,0.000224,-0.028366,-0.064166,-0.027121,-0.059808,0.067458,0.083570,0.025194,0.035658,0.013213,-0.053331,0.064713,0.072544,-0.042381,0.007397,-0.008774,-0.081069,0.000000,0.004822,-0.052071,-0.072013,0.046025,0.045028,0.048638,0.034484,-0.003396,-0.048840,-0.017607,0.021346,-0.012573,-0.035588,0.006089,0.141337,0.083239,0.066088,0.103379,0.097947,-0.013056,-0.013982,0.030311,0.031632,0.046228,0.028938,0.050408,0.108856,-0.038667,-0.035107,0.045290,0.007208,0.031427,-0.069194,0.058853,0.025253,-0.066094,0.036638,-0.055365,0.078162,0.011225,-0.038496,-0.014546,-0.029342,0.124298,0.037974,-0.059017,0.069920,-0.133449,0.015196,0.037425,-0.020547,-0.049951,-0.052207,-0.016637,-0.062598,-0.006217,0.004372,-0.027947,0.013601,-0.030285,0.077907,0.018510,-0.008658,-0.082289,0.009701,0.065201,0.037124,-0.001775,-0.028911,0.019577,-0.000771,-0.131465,-0.034837,0.057565,0.024697,-0.042830,0.054258,-0.001858,0.020910,0.041313,0.038863,0.027801,0.031898,-0.008856,0.066278,-0.066923,0.083682,-0.000885,-0.016368,0.003014,-0.066263,-0.012020,-0.026076,-0.019564,-0.043014,-0.000000,0.086011,-0.055655,-0.027043,0.007288,0.069590,0.078394,0.083709,-0.075299,-0.071091,0.036816,0.022831,0.020463,-0.063129,0.003140,0.041456,-0.009044,-0.058260,0.044480,-0.053614,-0.034546,-0.006340,0.045633,0.146688,-0.014858,0.005087,0.045175,-0.050238,-0.006215,0.038500,0.004548,0.007383,0.030508,0.013632,-0.071136,0.016452,-0.072636,-0.089686,0.074939,0.056711,0.001886,0.013390,-0.039457,-0.063509,-0.001005,0.019660,0.008288,-0.130076,-0.058159,0.023801,0.035477,0.075269,-0.044582,-0.004383,0.067962,-0.043456,0.043667,0.001379,-0.026692,0.064975,0.030920,-0.017017,-0.030755,-0.024223,0.031173
-0.071355,-0.008666,0.022668,0.020265,0.006048,-0.038168,-0.061187,-0.088570,0.023645,-0.026587,0.007563,0.060625,-0.075570,0.019536,-0.046392,-0.016568,0.001932,-0.096513,0.006617,0.079462,0.037599,-0.008452,-0.023556,-0.037767,-0.063098,0.007659,-0.043920,0.083495,0.095860,-0.155517,-0.014314,0.083237,0.066554,0.059542,-0.063836,-0.034578,0.055328,-0.034878,0.044501,-0.015177,0.058290,0.004193,0.001977,0.064614,0.020726,-0.033472,0.060852,-0.018635,-0.054499,0.021614,-0.018843,-0.072592,-0.119042,0.061901,-0.007388,0.032487,-0.038338,-0.087190,-0.019382,-0.018379,0.015365,0.088194,-0.074905,0.056679,-0.015897,-0.126912,0.007269,0.072444,-0.082503,0.063346,0.066677,-0.079373,0.001595,0.036780,-0.070758,0.091034,0.070587,-0.079302,0.025329,-0.048865,-0.003051,-0.083435,-0.003240,-0.035201,0.049006,-0.097609,-0.066890,-0.037461,0.026625,-0.081905,-0.006414,-0.007356,0.035096,0.082157,0.072284,0.084693,0.048758,0.019574,-0.032826,0.060345,-0.010112,0.067716,-0.025146,0.015649,-0.032821,0.015052,0.006201,0.003442,-0.034076,-0.025292,-0.061323,0.103373,0.004856,-0.030351,-0.106071,0.029287,-0.083707,0.068437,-0.000115,-0.027319,0.003913,0.044482,-0.031120,0.049885,-0.012600,0.057997,-0.055546,-0.000000,-0.006872,-0.004586,-0.017207,-0.017568,0.025383,0.065389,-0.032565,-0.047601,-0.061316,0.032632,-0.018240,0.014160,0.023791,0.035609,0.018839,-0.085592,-0.057422,0.062872,0.045714,-0.037339,-0.042030,0.071046,0.000611,0.029690,0.078505,0.035831,0.037743,0.005928,-0.012372,0.040023,0.040623,0.090759,-0.094597,0.027439,-0.098433,0.039736,-0.046758,-0.064692,-0.026087,-0.059271,-0.001481,0.025285,-0.118800,-0.019870,-0.005170,0.014076,-0.025763,0.074278,0.055047,0.009182,-0.072759,-0.000275,-0.034554,0.048387,0.006245,-0.021930,0.012010,0.036914,0.045244,-0.045837,-0.009289,0.008787,0.026577,0.100668,0.021956,0.040115,0.014721,-0.046891,-0.062464,0.027436,-0.007227,0.010625,-0.032360,0.027079,-0.038999,0.002492,0.008662,-0.052307,0.022472,-0.037848,-0.007795,0.062493,0.153793,-0.015456,0.034121,0.041744,0.004498,0.038603,0.029417,0.038729,-0.034998,0.042303,0.024356,0.024259,0.033568,0.000000,-0.044275,-0.013076,0.038971,0.048432,-0.038579,-0.070339,0.041555,-0.050846,-0.014488,0.056598,-0.019442,0.032016,-0.013505,-0.045984,0.058697,-0.028301,0.047681,-0.036971,0.056426,-0.001315,0.057434,0.063995,-0.046975,0.055650,0.010713,0.057497,0.066352,-0.006805,-0.055311,-0.046055,-0.033776,-0.102475,-0.006534,0.042840,0.041793,0.042475,0.040580,0.056364,-0.021131,0.055714,-0.026656,0.036661,-0.024269,0.023056,-0.029632,0.001403,0.073098,0.023958,-0.051865,-0.029333,0.022971,-0.026041,-0.094118,0.022780,0.011645,0.054210,-0.002859,0.035146,0.051326,-0.027333,0.054159,0.036611,0.024435,-0.106753,-0.009124,0.077997,0.033035,0.036844,0.029537,0.010753,-0.066534,-0.001126,-0.079952,0.019826,0.029172,0.022873,-0.015176,-0.031062,0.001396,-0.064402,-0.035041,-0.013936,0.022566,0.084518,0.036363,0.039774,0.024152,-0.015669,0.101774,0.021655,-0.056907,-0.031986,0.071715,-0.025688,-0.019652,-0.000000,0.016623,-0.095252,0.022178,0.083715,0.041224,-0.012153,-0.060660,0.001318,0.067535,0.048620,0.096529,0.042669,0.069748,-0.013215,0.013615,0.016605,-0.061910,-0.099460,-0.059444,-0.038185,-0.049031,0.106557,0.059921,0.043290,0.049064,-0.005937,-0.037811,0.003432,0.058484,0.040765,-0.032805,0.054106,0.023787,-0.028894,-0.088882,0.018180,0.012367,-0.012852,0.051954,-0.105191,-0.009571,-0.037052,-0.001972,0.070630,0.010596,-0.081437,-0.135296,-0.067021,0.047656,-0.101047,-0.024897,0.002307,0.014348,0.105963,0.015438,-0.033488,-0.094778,-0.007522,0.004847,-0.013400,0.062240,-0.133062,0.016462,-0.031677
0.005934,0.038593,0.012002,-0.003575,0.083600,-0.009024,0.007082,0.022961,0.091112,-0.010646,-0.027641,-0.039398,-0.046178,0.011553,0.010811,-0.077865,-0.064771,-0.026425,0.020158,-0.038233,0.049050,0.005745,-0.075768,0.018451,0.006689,-0.008255,0.039892,0.035008,-0.032074,-0.042978,-0.060376,0.016582,-0.053041,-0.101334,0.080187,0.043413,0.016709,0.053043,0.010718,-0.004620,0.021427,-0.026822,0.009405,0.043906,-0.064381,-0.005138,0.019937,0.023648,-0.002769,-0.019789,0.020761,0.057075,-0.014391,0.071209,0.002980,0.002771,0.055823,-0.012585,-0.074257,0.080089,-0.004325,-0.046291,0.015490,0.027216,0.010484,-0.053963,-0.048679,-0.007654,-0.005052,0.094591,0.063972,-0.029858,-0.021590,-0.168258,0.007538,0.016282,-0.051535,0.040806,-0.017934,-0.011857,0.048289,-0.020095,0.024702,0.014297,-0.076397,0.035020,0.028116,-0.049113,-0.060742,0.030393,0.005742,-0.069760,-0.015974,-0.021330,0.073683,-0.082075,0.036790,-0.072995,0.104894,0.059090,0.033256,0.057892,0.023039,-0.017560,0.068847,-0.036279,0.022446,0.020134,-0.008586,0.023426,0.020611,0.014162,0.058610,0.013534,-0.015773,0.010788,0.006027,0.041626,0.030817,0.040112,0.074492,0.058616,-0.128475,0.052250,-0.022384,-0.048844,0.040358,-0.000000,0.005620,0.004120,0.001294,0.017316,-0.017552,0.035677,0.023495,-0.044900,-0.030905,0.011995,0.045751,-0.013791,-0.086673,-0.094144,-0.026640,-0.020332,-0.070133,0.063179,0.020165,-0.039333,-0.022331,-0.083489,-0.056374,-0.008458,-0.045307,0.041929,-0.003158,-0.030052,0.037519,0.011333,-0.021791,0.123853,0.038687,-0.001509,-0.015048,-0.047015,0.029801,0.039457,0.021729,-0.006087,-0.045962,-0.036514,0.023599,-0.027924,-0.059130,-0.055549,0.046880,0.006216,0.025142,-0.054912,0.060501,0.039361,-0.050168,-0.039411,-0.044593,0.037573,0.082948,0.021453,0.007543,0.034363,0.023066,0.126515,0.010949,-0.008279,-0.136537,0.024577,0.000500,0.031726,-0.009556,0.033416,-0.104032,-0.020079,0.004035,0.014238,-0.053800,0.050685,0.041014,0.026812,0.115669,-0.134102,0.083577,-0.159867,0.090880,0.015812,-0.033152,-0.005708,0.015721,0.068689,-0.069295,0.067120,-0.069081,0.019637,0.055734,-0.026213,-0.099203,0.000000,-0.077517,-0.033550,-0.001315,-0.020873,0.034769,-0.013138,0.001644,0.116218,0.026817,0.053099,-0.001538,0.086397,-0.068685,-0.000315,-0.021136,-0.061607,0.105326,-0.051597,-0.000465,0.039074,0.104846,-0.059068,0.002045,-0.030215,-0.014184,0.055746,-0.002188,-0.089994,-0.046962,0.015981,0.007087,-0.024732,-0.085995,-0.044697,0.031079,-0.082394,0.070740,-0.020644,-0.036027,0.014374,0.029529,-0.012800,-0.072937,0.025488,-0.020193,0.040800,0.063203,-0.047912,0.033963,0.080549,-0.061826,-0.040875,-0.115415,0.072050,-0.055373,0.090105,-0.005733,-0.003875,0.031635,0.010710,-0.042684,0.015948,-0.072854,-0.124265,0.069795,0.006193,-0.065802,-0.024697,0.051991,-0.004069,0.081440,0.002040,-0.005846,-0.066210,-0.008750,0.090868,-0.064446,-0.007895,-0.043612,0.060523,0.049941,0.048317,0.000569,0.090682,0.053829,0.009121,0.037924,-0.079577,-0.056074,-0.006419,-0.007250,0.021721,-0.020796,0.009167,0.005808,-0.000000,0.051680,-0.015848,0.020683,-0.026226,-0.042924,-0.150302,-0.035372,0.028035,0.025727,0.002632,-0.042674,-0.007811,0.010015,-0.026589,-0.037663,0.019981,-0.071063,-0.110174,-0.033126,-0.049676,-0.049819,0.022726,-0.028500,-0.005898,-0.002800,-0.011565,-0.062803,-0.011403,-0.026701,-0.021180,0.092296,0.004994,-0.049641,-0.034076,-0.043391,-0.008950,0.043725,-0.039591,0.037059,-0.047406,-0.021251,-0.053991,0.007493,0.099250,0.002791,-0.089420,-0.002179,0.053653,-0.117109,-0.057738,0.002171,-0.005122,-0.027067,0.051575,0.147419,-0.024408,-0.066383,0.005736,-0.066915,-0.025700,-0.025788,0.071773,0.088881,0.034338
-0.017921,0.015754,0.037392,0.019852,0.094393,-0.018349,-0.019642,0.008119,0.131054,0.000944,-0.000563,0.026930,-0.036472,0.011766,-0.007636,-0.117139,-0.036706,-0.025453,0.024428,-0.057741,0.060451,-0.015717,-0.065358,0.005011,0.019325,0.068566,-0.052360,0.046460,-0.009063,-0.033494,-0.016733,0.027140,-0.019346,-0.055632,0.040529,-0.042778,0.036472,0.052459,0.004471,-0.018608,0.014710,-0.044499,0.021108,0.033014,-0.054449,-0.012334,0.003285,0.010862,0.077164,0.027279,0.052938,0.049210,-0.063326,0.009864,-0.035338,0.005719,-0.016014,-0.010947,-0.080577,0.097072,0.004367,-0.029845,0.015473,0.017307,0.041299,-0.088117,-0.018862,0.017127,-0.033659,0.026298,0.075674,-0.018749,-0.024014,-0.164293,0.023754,-0.054201,0.013060,0.026003,-0.023219,-0.008244,0.003103,-0.005641,0.046825,0.052385,-0.046813,0.073675,0.036259,-0.137483,-0.112540,0.014090,0.052120,-0.015001,-0.070383,-0.001731,0.003557,-0.060056,-0.008639,-0.045765,0.085586,0.073533,0.041776,0.037815,0.035238,0.005793,0.036826,-0.084746,0.029965,0.027188,-0.006386,0.040643,0.021564,-0.002308,0.045271,0.012427,-0.052902,0.014771,-0.043244,0.010424,0.026194,0.005352,0.065649,0.061158,-0.116108,0.001992,0.030921,0.029869,0.037415,-0.000000,0.002632,-0.039356,-0.008047,-0.024278,0.008306,0.010132,-0.002455,-0.029082,0.009406,0.007730,0.044032,-0.024215,-0.071972,-0.059013,-0.000519,0.015810,-0.080039,0.103552,-0.028779,-0.027826,-0.018328,-0.149869,0.008093,-0.032099,-0.043218,0.103823,-0.001720,-0.030613,0.045846,0.009838,0.014049,0.117396,-0.024770,0.026701,-0.003166,0.016068,0.003161,-0.074988,0.046054,0.009891,-0.039943,-0.043110,0.034501,-0.008713,-0.035009,-0.031644,-0.006440,0.018605,-0.031175,0.014684,0.086392,0.005709,-0.066245,-0.062046,0.024224,0.050283,0.054894,-0.038331,-0.018425,0.007338,-0.050025,0.126794,-0.008839,0.039433,-0.154927,0.077219,0.028805,0.073395,0.041853,0.043750,-0.112554,-0.047879,-0.003938,-0.001003,-0.018269,0.036504,-0.005244,0.033344,0.139366,-0.105214,0.048095,-0.131223,0.056687,0.033633,-0.010327,-0.009804,0.032482,0.082107,-0.066622,-0.033072,-0.002500,0.025924,0.033708,-0.003365,-0.093942,0.000000,-0.063198,-0.033030,-0.043710,-0.001863,0.017685,-0.016744,-0.013502,0.030110,0.037257,0.093168,0.035579,0.071450,-0.097714,0.005892,-0.005093,-0.017810,0.110222,-0.070572,-0.003932,0.072117,0.088102,-0.016624,-0.030895,0.049160,-0.061690,0.063450,-0.048898,-0.093345,-0.047654,0.046810,0.025525,-0.049948,-0.096950,0.000186,0.023862,-0.014816,0.026457,0.001904,-0.043138,-0.003435,0.031719,-0.012443,0.015083,0.032707,-0.049815,0.129271,0.049271,-0.026302,0.031401,0.077881,-0.030191,-0.024780,-0.028619,0.097276,-0.094127,0.074973,-0.023701,-0.007141,0.037062,0.037078,0.036557,0.042335,-0.025357,-0.107662,0.031309,0.001829,-0.035549,0.024605,0.046579,0.018567,0.090724,0.001387,0.027714,-0.020722,-0.040788,0.104312,-0.086385,-0.015921,-0.086113,0.070131,-0.070109,-0.005493,-0.026666,0.076643,0.037406,-0.023749,0.021719,-0.040830,0.010691,-0.028978,0.025454,0.014419,-0.050300,0.044050,-0.007890,-0.000000,0.009790,-0.024141,0.013195,-0.066776,-0.036680,-0.137135,0.017187,0.035904,0.051184,-0.015850,-0.014104,-0.039229,-0.023052,-0.029280,0.026782,0.031943,-0.113835,-0.105227,-0.041037,0.008603,-0.059206,-0.004790,-0.035224,0.000001,-0.001361,0.004112,-0.029200,0.060628,0.020093,0.023390,0.072378,0.020553,-0.007399,-0.007071,-0.014033,0.047590,-0.013542,-0.021183,0.042388,-0.063232,-0.062730,-0.068505,-0.012479,0.079052,0.003339,-0.068591,-0.042467,0.087220,-0.115561,-0.020916,0.019496,-0.015332,0.018582,0.069112,0.117764,-0.000679,-0.020107,-0.019860,-0.072823,0.016118,-0.032078,0.051831,0.070404,-0.015113
0.006648,0.012690,-0.013215,0.016608,-0.009690,-0.007858,-0.035465,-0.004797,0.038486,0.001095,-0.091177,-0.058586,-0.003535,0.020023,0.118773,-0.003702,0.005529,-0.047045,-0.042061,0.038188,0.054035,-0.039852,0.029226,-0.054235,0.026902,-0.083057,-0.056741,0.036060,0.058209,-0.030700,-0.022854,0.030866,-0.048587,-0.068063,0.015073,0.011768,-0.008629,-0.045029,0.021201,-0.005599,0.068329,-0.023034,-0.060631,0.030131,0.041285,0.064891,0.021916,0.000326,-0.036282,-0.034240,-0.020121,0.013704,0.009340,0.021249,0.001036,0.058179,-0.008258,-0.026665,0.003075,0.001150,-0.011667,-0.029206,0.001709,0.013322,0.038360,-0.096597,0.024342,0.106578,-0.056700,0.023202,-0.090058,-0.045630,-0.035684,-0.049106,0.084652,0.021247,-0.080934,0.009709,0.000100,-0.008030,0.095435,-0.117269,-0.048145,-0.000032,-0.061248,0.013003,-0.057245,-0.040295,-0.034776,-0.023756,-0.033697,-0.068130,0.102428,0.074716,0.041862,0.046949,0.003471,0.035800,0.047846,0.036009,0.013123,0.065928,-0.043274,-0.084976,0.021537,-0.018942,0.038608,-0.034934,0.062168,-0.049281,0.039264,-0.019473,0.056661,0.014118,0.026373,0.068577,0.091093,0.126448,-0.006331,0.077618,-0.020575,0.012735,-0.091792,-0.015163,0.037451,0.016025,-0.048620,-0.000000,0.023825,0.033404,0.049053,0.096070,-0.035722,-0.026466,0.015307,-0.036199,-0.022782,-0.076207,0.021883,-0.080062,0.009077,0.007367,0.142703,-0.045881,-0.018537,-0.007326,0.037110,-0.021794,0.055076,-0.110481,-0.048343,0.001632,0.060604,0.085348,0.039210,-0.002257,-0.033471,-0.024324,-0.048673,0.021972,-0.106408,-0.017150,-0.017480,0.021895,0.001406,0.032182,-0.015590,-0.025424,-0.067754,0.030763,-0.020543,-0.027195,0.046821,-0.005864,0.114491,-0.057479,-0.063362,-0.033368,0.031337,0.037324,-0.034178,0.031342,0.045045,0.013435,0.072940,-0.025657,-0.028174,0.095201,-0.025593,-0.017644,-0.032532,0.064345,-0.050699,0.091643,0.030470,0.015686,-0.077457,0.116607,-0.043920,-0.035891,0.026496,0.028149,0.057236,-0.002478,0.029803,-0.009603,0.101590,-0.054296,-0.060492,-0.010362,0.010140,-0.022824,0.022432,-0.053860,0.085277,-0.083771,-0.036555,0.048084,-0.067123,0.008160,0.000688,0.023112,0.000311,0.000000,-0.045004,0.000520,0.017400,-0.011172,0.005532,0.009405,0.017575,0.015311,0.043677,0.065076,0.002296,0.063675,0.145339,0.019476,-0.075613,-0.104386,0.054587,-0.007378,0.041422,0.054466,0.074041,0.022211,-0.019251,0.033664,0.035013,0.074353,0.042171,-0.001677,-0.056711,-0.041403,-0.005661,-0.169020,-0.124360,-0.079731,0.001009,-0.027820,0.053015,-0.002454,-0.044954,0.052736,0.027416,-0.006258,-0.099184,0.038903,-0.043983,-0.023502,0.147912,-0.004883,-0.090655,0.015162,0.057649,-0.020467,-0.072516,0.068703,-0.037826,0.023823,-0.021447,0.046338,0.001593,-0.004571,0.000787,0.064511,-0.044768,0.047969,0.058496,-0.021320,-0.041844,0.141510,-0.020144,0.032334,-0.031171,-0.045651,-0.017920,0.039031,-0.001143,0.071002,-0.076622,-0.047477,0.064926,-0.033455,-0.008996,-0.011083,0.003625,0.004519,0.035743,-0.048069,-0.004243,0.016974,0.063235,-0.029476,-0.064736,-0.013997,0.100248,0.048326,-0.016321,-0.000000,0.024176,-0.019950,0.055942,-0.006843,-0.018955,0.034095,-0.080287,0.104625,0.013010,0.070979,-0.004543,-0.004778,0.023106,-0.001044,0.041010,0.150036,-0.030198,-0.006597,-0.026473,-0.023914,0.002808,0.045924,-0.058632,-0.003303,-0.054753,0.024189,-0.103844,0.006724,0.011199,0.009634,-0.005781,-0.056718,0.015230,0.032213,-0.064520,-0.036888,-0.041208,-0.049106,0.021734,-0.027091,-0.068692,-0.020276,-0.016576,0.103580,-0.088589,-0.031501,-0.104267,-0.014151,-0.030914,-0.123831,0.013184,-0.063239,-0.039671,0.002506,0.063355,0.040515,-0.063848,0.014704,-0.055193,-0.033118,0.030271,-0.039502,0.057631,0.020316
-0.000960,-0.017002,0.059341,0.045512,0.043179,0.002190,0.021219,-0.067041,0.016211,-0.060816,0.010031,0.067840,-0.042312,-0.051692,-0.042806,-0.037672,-0.003310,-0.123609,-0.017326,0.104928,-0.121230,0.098987,0.020420,0.002716,0.006941,0.051880,-0.039917,-0.041790,0.004995,0.025727,0.046098,0.045923,-0.001757,-0.023880,0.032303,0.016909,-0.020127,0.041779,-0.057681,-0.044899,0.015928,-0.060603,-0.028698,0.038974,0.022017,0.060674,-0.001809,-0.038035,0.043377,0.044685,-0.046770,-0.005154,0.028738,-0.006715,0.102894,0.021211,0.055868,-0.084449,-0.063957,0.033990,0.009762,-0.012223,-0.031259,0.037868,-0.070797,0.012405,0.038546,-0.021314,0.037464,-0.044877,-0.097245,-0.039661,0.015348,0.088221,0.077272,0.053166,0.008814,-0.115990,0.066010,-0.085892,0.003485,-0.014392,0.087093,0.031967,-0.048928,0.001478,-0.003347,-0.091506,0.001855,-0.029288,0.019358,0.004411,-0.038937,-0.054928,-0.022995,-0.012615,-0.024173,0.052044,-0.111227,0.058752,-0.079539,0.024053,0.062437,0.051008,-0.025684,0.061603,-0.032873,0.079684,0.007850,0.043601,-0.073306,-0.018285,-0.005776,-0.038314,0.025000,0.040560,0.051855,-0.035776,0.113441,0.050450,-0.019444,0.022695,-0.057930,-0.002669,0.032794,0.005198,0.030563,-0.000000,0.016452,0.028360,0.055228,0.011736,-0.047396,0.029190,0.021508,0.017458,0.081435,-0.022240,0.117374,0.049384,-0.023584,-0.035655,-0.016505,0.019827,-0.122296,0.053011,0.005268,0.038650,-0.085538,0.046927,-0.017641,0.018013,-0.010717,-0.008921,0.055467,0.041370,-0.015599,-0.023289,-0.033089,0.132705,0.024380,-0.037702,-0.040747,-0.022904,0.006661,0.021398,-0.010570,-0.059871,-0.073925,0.030444,0.010975,0.018134,-0.035773,-0.032494,0.024615,0.000348,-0.128709,-0.038315,0.079514,0.037220,-0.067131,-0.010148,-0.061167,0.067768,0.031371,0.026953,-0.081229,-0.039550,0.077863,-0.044663,0.048209,-0.049687,-0.017418,0.029996,0.006818,0.019536,-0.034199,0.046620,-0.101317,0.031898,0.017275,-0.040490,-0.019628,0.000993,0.035275,0.004738,0.009366,-0.059672,0.026353,0.028742,0.018737,0.047891,0.090664,0.014855,0.038099,0.025569,-0.003686,0.001282,-0.082145,0.044055,0.052532,0.080936,-0.069374,0.000000,-0.045071,-0.019412,-0.009124,0.050431,0.062441,-0.133517,0.051758,-0.024665,0.035610,0.039507,-0.020755,-0.026566,0.057542,0.061029,-0.019090,0.087081,0.009118,-0.088515,-0.059677,0.006664,-0.057418,0.105399,-0.032028,0.112737,-0.046157,0.051153,-0.066193,-0.007469,0.034593,-0.100158,-0.072066,-0.033193,-0.022681,-0.032838,-0.014560,-0.075744,-0.083711,-0.001077,-0.003298,0.004484,0.070384,-0.065604,-0.068669,0.086614,0.031032,0.000012,-0.005243,0.016511,-0.057612,0.029356,-0.089097,-0.029560,-0.044359,0.008748,-0.075581,0.030161,0.078998,-0.087264,-0.047692,-0.041197,-0.015307,-0.013604,-0.066508,0.002459,-0.011564,-0.015714,0.083119,0.013476,-0.008896,0.028657,0.046211,-0.066063,-0.092445,-0.039318,0.021248,-0.001561,0.068845,-0.008156,-0.031338,0.051111,0.021542,-0.105260,0.012573,-0.001616,0.004652,-0.000726,0.018377,0.023591,-0.038062,-0.019733,-0.069128,-0.018938,-0.099414,-0.079678,-0.109975,-0.000000,0.021491,0.007014,0.055930,0.037930,0.118297,-0.052513,0.009138,0.103285,0.004682,0.073324,0.008862,0.066259,0.025111,-0.002077,0.046815,-0.013212,-0.011121,-0.054893,-0.040162,0.082574,-0.061587,0.038637,-0.072030,0.047586,-0.073344,0.139833,-0.067586,0.032621,0.010484,0.036700,0.097978,0.062187,0.042034,-0.036624,-0.033280,-0.072545,0.060850,-0.038460,0.026765,-0.019878,0.024687,0.077275,-0.011682,0.084824,0.007308,0.019632,0.045843,0.003607,-0.027646,0.018574,0.014512,-0.044632,0.006708,0.015467,0.000077,-0.046353,0.027083,0.024757,-0.068138,-0.001095,-0.006109,-0.102735,0.051037,0.006581
-0.017034,-0.048850,0.012609,0.013776,-0.007766,0.070552,-0.088521,0.011674,-0.049704,0.023109,-0.020200,0.060522,-0.039714,-0.001842,0.091450,-0.051657,0.011881,-0.036780,0.042372,-0.060319,-0.157715,-0.020134,0.042435,-0.025747,-0.003422,-0.012449,0.006753,-0.054808,-0.055094,-0.028579,-0.057476,0.025817,0.020378,0.017432,0.080885,-0.025186,-0.046326,-0.024211,-0.009123,-0.069305,0.000604,-0.029817,-0.021970,0.015081,-0.006258,-0.000763,-0.003771,-0.009706,0.088894,0.023358,0.020831,0.030168,-0.000298,-0.066745,0.008652,-0.017593,-0.097934,-0.054433,0.062079,-0.037440,0.043867,-0.058541,-0.055617,0.073124,-0.085514,0.001283,-0.030367,0.008415,-0.009913,0.011104,-0.046123,-0.027559,0.038011,0.013715,-0.009822,-0.000790,0.144246,-0.069031,0.030711,-0.027854,-0.012853,-0.017138,-0.047859,-0.044976,0.055380,0.000715,0.037606,-0.003254,0.016463,0.008884,0.007106,0.006435,-0.028417,-0.038797,-0.038805,0.050405,0.035314,0.106419,0.013829,0.050094,0.033024,0.073498,0.067220,-0.035022,-0.036795,-0.000046,0.007048,0.007797,0.015338,0.006265,-0.086899,0.015762,-0.018309,0.023116,-0.004670,-0.012560,0.034333,-0.021068,0.090880,-0.017203,0.035824,-0.009358,-0.002736,-0.016230,-0.059197,0.022919,-0.132310,-0.000000,0.007422,0.094455,-0.061726,-0.043349,-0.027590,0.043156,0.012403,0.036132,-0.046209,0.164160,-0.017703,0.064269,-0.046563,0.047647,0.091734,0.006450,-0.010541,0.009380,0.044777,-0.016318,-0.036815,-0.072568,0.026142,0.034262,0.012209,-0.058806,0.057489,-0.003079,0.084234,-0.005677,-0.104289,0.089644,0.015429,0.039467,-0.023696,0.042782,-0.105977,-0.020999,-0.021248,-0.007769,-0.132117,0.076283,-0.152530,0.016801,0.095892,-0.006220,-0.028405,-0.006554,-0.027004,0.003308,-0.062040,0.056671,-0.065094,-0.039281,-0.068325,-0.018512,0.024098,-0.020582,0.037484,0.052352,-0.042123,-0.054858,-0.032810,-0.059852,-0.131018,0.079019,-0.027583,0.052398,-0.065667,0.046570,-0.066269,0.026187,0.102181,-0.076411,0.014022,0.083644,0.051522,0.037119,0.051070,0.012312,-0.014998,-0.060764,0.113694,0.093258,0.009377,0.016481,0.055505,-0.028842,0.006127,-0.015778,-0.058535,0.045383,-0.021155,-0.033243,0.096504,0.000000,-0.026712,-0.042950,0.005359,0.087334,-0.000793,0.042170,-0.017634,-0.004248,-0.007503,-0.027724,-0.015592,0.068450,0.010477,0.077789,0.068797,-0.006696,0.039575,-0.032674,0.118719,-0.027620,-0.032209,0.079707,-0.005333,0.005777,0.010667,0.035909,-0.069387,-0.072915,-0.161053,-0.016904,-0.077800,-0.009278,-0.059517,0.033778,0.006307,0.035213,0.010971,0.000246,0.056532,0.081249,0.007330,-0.053506,0.104355,0.030483,-0.055212,-0.000981,-0.037759,-0.017554,0.044498,0.051135,-0.040792,0.046444,-0.038977,-0.047285,-0.067967,0.009779,-0.024917,-0.013971,0.063764,0.016080,-0.007644,0.088794,-0.013341,-0.008230,0.038224,0.019532,0.071714,-0.029647,-0.007516,0.086612,-0.014227,-0.114625,0.001373,0.003897,0.003670,0.015333,-0.003455,-0.045500,0.022078,0.072082,0.053771,-0.008322,0.052053,-0.011655,0.051480,-0.000646,-0.093958,0.025471,0.010677,0.069117,-0.079883,-0.028668,0.044689,0.009058,-0.001569,-0.000000,0.036373,-0.015521,0.079019,0.042106,0.056741,0.002577,0.012869,0.084716,-0.045417,0.004043,0.028930,0.015182,-0.077592,-0.010463,0.039468,-0.008626,-0.038323,0.032467,-0.039174,0.046644,-0.086677,0.130852,0.043408,-0.002823,-0.047487,0.072097,-0.052352,0.063990,0.020378,0.020671,0.025023,0.019086,0.027544,-0.110187,0.041513,-0.021870,-0.098546,-0.054333,0.037038,-0.019797,-0.016324,-0.053731,-0.056074,0.072834,0.054072,0.001372,-0.101932,-0.039273,0.024977,0.025062,-0.014907,0.044022,-0.021372,-0.054958,0.024133,-0.032910,0.012163,-0.024368,0.018266,-0.005586,-0.025882,-0.117540,0.002613,0.062666
0.043765,-0.035267,0.037039,-0.054496,-0.003680,-0.025025,0.083284,-0.050673,0.089325,-0.086092,-0.076482,-0.004372,-0.062539,-0.045073,0.115857,-0.039272,0.032205,-0.024003,-0.041027,-0.038254,-0.012899,0.110799,0.047849,0.020683,-0.054549,-0.019608,-0.064775,-0.070075,0.083465,0.035382,-0.032956,0.055433,0.109700,0.018734,-0.044511,0.120063,0.052228,0.011450,0.000007,-0.028190,-0.041260,0.005994,0.033388,0.000929,0.034515,-0.023121,-0.065524,0.051255,0.026250,-0.013190,-0.068728,0.001675,0.041403,0.063952,-0.010489,-0.037259,-0.007202,0.017115,0.009413,-0.033105,-0.075049,-0.098791,-0.023499,0.044884,-0.041329,0.003096,0.036772,0.046869,-0.072331,0.002524,-0.033530,0.031432,0.075728,0.126888,-0.013913,-0.067298,0.032940,-0.070988,0.075264,0.016853,0.085815,-0.013060,0.006813,-0.064514,0.008497,-0.026488,-0.025989,0.019709,-0.061726,0.020068,-0.116136,0.068122,0.029507,0.031794,-0.006643,0.040396,-0.036527,0.025126,-0.007377,0.109580,-0.029850,0.082465,0.003885,-0.097101,-0.091828,-0.001361,-0.110522,0.013398,-0.079417,-0.016154,-0.041961,-0.018703,-0.053724,0.048010,0.044987,-0.011484,0.022769,-0.061063,-0.000577,0.017191,-0.020677,0.104535,-0.008790,0.055745,0.062474,-0.051865,-0.007360,-0.000000,0.088012,0.076444,0.050715,0.173865,-0.079345,0.069893,-0.047341,-0.043840,0.015286,-0.019365,0.055061,-0.031717,0.040687,-0.033848,0.000421,-0.069258,-0.077094,0.078847,-0.067935,-0.028487,0.042624,-0.003076,-0.016375,0.082848,0.034645,0.002456,0.049507,-0.057677,0.085428,0.004693,-0.026021,0.045711,-0.012815,-0.055092,0.018949,-0.022894,0.061742,0.027496,-0.001420,-0.040169,-0.018952,0.028225,-0.007445,-0.039815,-0.005473,0.072879,0.024790,-0.007512,-0.120587,-0.001610,-0.073779,0.010720,-0.035235,0.047098,0.036861,-0.038055,-0.020907,-0.045926,0.044188,-0.033538,-0.003961,0.034552,-0.071091,0.004695,0.039089,0.018468,-0.096608,0.011670,0.055580,-0.046360,-0.016119,-0.007732,-0.028722,-0.009922,-0.036900,0.075552,0.046047,-0.018055,0.026200,0.070966,-0.031109,-0.041721,0.001228,-0.026919,0.082087,0.004448,0.005518,-0.036294,-0.012441,0.048613,-0.018591,0.061506,0.036487,-0.003490,-0.081089,0.000000,0.020458,0.086595,-0.003123,0.079293,-0.050473,-0.005289,0.092240,0.009091,-0.052151,0.005921,-0.077717,-0.011627,0.079197,-0.005262,-0.006911,-0.033703,0.138286,0.033764,0.092462,0.016930,-0.015314,0.042028,-0.058860,0.034657,-0.023696,-0.041431,0.008420,-0.064554,-0.051077,-0.037940,-0.052865,-0.010233,-0.133251,-0.014302,0.007574,0.087364,0.000890,-0.024370,-0.002478,-0.001302,0.006969,-0.040308,-0.047351,-0.048195,-0.072742,-0.059088,-0.009402,-0.028816,-0.105936,0.016140,-0.068834,-0.031853,-0.017991,-0.043598,-0.028164,0.010292,0.003168,-0.025819,0.041664,-0.028184,-0.022330,0.034448,0.026469,-0.067160,0.055463,-0.027884,-0.011031,0.080230,0.062707,0.027567,0.027451,-0.025548,-0.040671,0.005388,0.041669,-0.019588,-0.020199,-0.132766,-0.063670,-0.001095,0.020824,0.038692,-0.011247,0.008302,0.010714,0.012663,0.015078,0.056627,0.002882,0.035586,-0.066837,0.001024,0.087827,-0.090031,-0.037068,-0.000000,-0.039971,-0.020428,0.024382,-0.054811,0.062686,-0.038966,-0.007285,0.024729,-0.020620,-0.032860,0.022516,0.010598,0.004021,-0.010951,0.161330,0.013646,-0.030061,-0.012388,-0.027004,-0.079570,0.077330,0.053473,-0.023902,0.050869,0.022250,0.023192,-0.002000,0.005777,-0.056334,-0.025303,-0.036192,0.055849,-0.075498,0.009476,0.042653,-0.014833,-0.083045,-0.026827,0.108025,-0.002783,-0.019557,0.002814,0.023684,0.100160,0.062062,0.052329,-0.027389,-0.056895,-0.042395,-0.060272,-0.060267,-0.024851,0.067363,0.041020,0.048176,0.060166,0.005288,-0.017115,0.032267,-0.068762,0.018247,0.109365,-0.081860,-0.020794
-0.020864,-0.079045,-0.012699,-0.077623,0.045771,0.038528,-0.044755,-0.016569,0.072611,0.045838,-0.097528,0.032946,-0.010322,0.027190,0.084683,-0.009148,-0.023113,-0.133827,-0.034867,0.113976,-0.115439,0.018850,0.034683,-0.003973,0.015815,-0.035388,-0.013272,-0.016006,0.074703,-0.035511,0.026699,0.079492,0.019326,-0.071417,-0.028717,-0.028194,0.031582,-0.012191,0.044957,0.031879,-0.002895,-0.086377,-0.040934,0.043352,-0.090508,0.054629,-0.056613,-0.028301,-0.015555,-0.025757,0.049711,0.063696,0.049237,0.025055,0.030484,0.052103,-0.067475,-0.023252,-0.009803,-0.023408,0.007474,0.033422,-0.022962,0.028555,0.058828,-0.036304,0.008358,-0.005925,-0.038285,0.045872,0.045904,-0.019772,0.018613,0.009315,0.036352,0.017304,0.024395,-0.059091,0.035369,0.036182,0.091510,-0.029418,0.028590,-0.005260,0.027890,-0.026217,-0.074635,-0.046996,0.025033,-0.039719,-0.018912,0.052350,0.096218,0.051429,0.022611,0.059641,-0.047722,0.094691,-0.033151,0.046467,-0.051675,0.074767,0.002182,-0.073655,-0.032976,-0.044710,0.004523,0.005357,0.028369,-0.034109,0.030604,0.023536,0.007374,0.022155,-0.063137,-0.030620,-0.033315,-0.016706,0.123905,0.014749,0.005590,0.004918,-0.047370,0.044599,0.054176,-0.019604,-0.066311,-0.000000,0.014767,0.069483,0.049438,0.042012,-0.090957,0.067268,-0.033659,-0.047580,-0.098898,-0.076382,-0.035655,0.046725,-0.010552,0.016647,0.125136,-0.102882,0.035035,-0.015057,-0.006518,-0.033962,0.066077,-0.028111,-0.025829,-0.015091,0.001025,-0.003155,0.028119,0.023713,-0.019192,-0.008080,-0.059995,0.030348,-0.109126,0.036575,-0.028676,0.012496,-0.008151,0.031162,0.000193,-0.045342,-0.109693,0.018667,-0.052285,-0.021389,0.074724,0.018843,0.024115,-0.002407,-0.155215,-0.047777,-0.024035,0.041329,0.006005,-0.009687,0.018861,0.001234,-0.044100,-0.019715,-0.058707,0.024659,-0.044012,0.033914,-0.008381,-0.061143,0.000283,0.119636,0.035337,0.040820,0.030769,0.066473,-0.000373,-0.004736,-0.026766,0.042240,0.062960,0.056975,0.044005,0.033815,0.139629,-0.022458,-0.039010,-0.009889,0.069754,0.005824,-0.003515,-0.015734,0.024773,0.019686,0.034847,0.106121,-0.028186,0.006006,0.036134,0.028903,-0.037938,0.000000,-0.068904,-0.020571,-0.025243,-0.006990,-0.037282,-0.065990,0.138236,-0.041788,-0.127826,0.019996,0.041946,0.019381,-0.057745,-0.014867,0.005836,-0.017909,0.028809,-0.002497,0.117873,-0.108238,0.085318,0.100851,-0.110961,0.005335,-0.004003,0.029553,-0.069454,0.012208,0.013670,0.072033,-0.044633,-0.059307,-0.034588,-0.010453,0.062477,0.031955,-0.070129,0.062185,0.022761,0.008577,-0.065648,-0.022634,-0.028173,0.038051,0.018523,0.020139,0.078129,0.089767,-0.037631,0.020058,-0.025086,0.007610,-0.143400,-0.054887,-0.032973,0.019589,0.028302,0.010377,-0.066715,-0.016436,-0.010891,0.021054,0.031386,-0.061184,0.085547,0.047560,0.030020,-0.052154,0.002897,-0.051344,-0.028589,-0.022894,-0.116633,-0.038367,0.044431,0.018824,-0.049418,-0.017446,-0.029299,0.015308,-0.093767,-0.019845,0.012970,-0.029893,-0.019799,-0.008787,0.043630,0.048526,0.043248,0.025141,-0.049838,-0.035971,-0.003670,-0.027458,0.002134,-0.000000,0.046647,-0.026173,-0.015834,-0.044400,-0.057052,0.011170,-0.029154,0.018991,0.043069,0.020161,0.150803,0.005031,-0.038309,0.026730,0.099192,0.098142,-0.038083,-0.047000,-0.054533,0.026103,-0.005259,0.073690,-0.064709,0.014751,-0.008240,0.051246,-0.045041,0.025290,-0.034476,-0.068774,0.030130,0.014903,-0.034132,0.055705,0.004199,-0.035666,-0.027591,0.032536,0.010200,-0.016210,-0.041063,-0.034026,-0.045852,0.134010,-0.000201,-0.035696,-0.061347,0.065791,0.016857,-0.069723,-0.079804,-0.060257,0.060255,0.015249,0.101598,-0.082675,-0.027142,0.005647,-0.056916,0.041342,0.051456,-0.116152,0.065502,0.037429
0.037415,-0.053025,0.044478,0.038097,0.099114,0.012917,-0.017631,-0.031944,0.011864,-0.124054,-0.026307,0.115854,-0.062224,-0.041198,-0.019072,-0.006641,0.004274,-0.034171,-0.030183,0.026540,-0.067980,-0.009754,0.018775,-0.011982,-0.017472,0.077289,-0.033391,0.011505,-0.001007,-0.033867,-0.030169,0.029628,-0.074455,0.010362,0.057737,0.043548,-0.054842,0.036426,0.050666,0.064736,0.037916,-0.098736,-0.032611,-0.047845,0.001220,-0.057403,0.049456,-0.065632,0.078519,-0.005487,-0.043501,0.056606,-0.028921,-0.081043,-0.005313,0.041563,-0.034162,-0.013975,0.030923,0.042848,-0.004361,0.006276,0.050054,0.019227,-0.001206,-0.053635,-0.024922,0.048641,-0.028084,0.005297,0.044321,-0.026433,-0.078758,-0.037541,-0.034870,0.072486,0.073587,0.002900,0.162991,-0.079410,0.024079,-0.048719,-0.013114,-0.042143,-0.054188,-0.020520,0.044360,0.020036,0.081937,-0.040227,-0.022323,-0.040170,-0.050385,0.067406,0.001683,0.066194,0.002838,0.035480,-0.102428,0.045981,0.049950,0.047190,-0.015260,-0.132997,-0.062653,0.010539,0.008617,0.015336,-0.037256,-0.016963,0.004766,0.026585,-0.075151,0.010560,-0.020739,-0.021221,-0.044164,-0.103235,0.056190,0.012121,0.016466,0.038249,-0.003553,0.084206,-0.024792,-0.039409,-0.058935,-0.000000,-0.105783,-0.004386,-0.000933,-0.030153,-0.094940,0.076954,-0.021536,-0.024313,-0.068466,0.014835,0.036009,0.054831,-0.053284,-0.049191,0.045378,-0.146017,-0.036984,0.007332,0.108558,-0.060237,0.010948,-0.024945,-0.048139,0.031553,-0.013302,-0.036424,-0.013580,-0.046807,0.004474,0.044517,0.040642,0.021143,-0.052321,-0.001169,-0.093670,0.046321,-0.089075,0.015710,-0.038424,-0.010276,-0.081994,0.040307,-0.066642,0.010249,0.035941,0.066655,0.098464,0.017055,-0.094129,-0.119753,0.031010,0.024338,0.040511,-0.003428,0.035687,-0.004857,-0.046471,-0.003109,-0.042420,-0.049580,-0.024898,0.083519,-0.081750,-0.012578,-0.061756,0.121135,0.044210,0.073220,-0.107322,0.099268,-0.018035,-0.016076,-0.008916,0.048314,0.004409,0.015235,-0.044579,0.048329,0.055573,0.028968,-0.024073,0.017070,0.070067,0.024022,0.036029,-0.024380,0.047363,-0.018418,0.000566,-0.023303,-0.002331,0.023107,-0.004900,0.038865,0.018601,0.000000,-0.019266,0.069683,0.037891,0.035162,-0.020323,-0.019828,0.111079,0.007314,0.014414,0.026149,-0.072716,-0.019201,-0.017854,-0.052664,-0.015966,-0.062287,0.008118,-0.039117,0.008709,-0.113476,-0.036017,0.074795,-0.001237,0.140002,-0.083680,0.045791,-0.041033,-0.011475,-0.101757,-0.017708,-0.023884,0.064786,-0.012411,0.005489,-0.040771,0.104559,-0.042983,-0.057930,0.010075,0.099233,0.010709,-0.063165,0.081656,0.013207,0.015528,0.013521,0.069719,0.007997,0.061663,0.026176,-0.010418,0.049705,-0.047623,-0.041456,-0.066704,0.057525,0.087669,-0.049072,-0.028837,0.019773,0.015499,0.042415,-0.003334,0.037003,0.014088,0.013230,-0.029315,-0.026094,0.052614,-0.031102,0.026125,-0.043784,-0.069972,0.057813,0.023937,0.061654,0.031267,-0.038759,0.027116,0.023687,0.060472,-0.020716,0.000438,-0.031866,0.098589,0.044939,-0.073191,-0.109869,0.024969,0.012012,-0.065173,-0.048955,0.015990,0.019646,-0.031872,-0.000000,-0.025105,0.051795,0.126626,0.051986,-0.005688,-0.006277,0.012898,0.126529,0.072674,-0.012237,0.021032,0.015262,-0.057972,0.079618,0.003783,0.015733,-0.010443,-0.027444,0.023543,-0.043828,0.058210,0.022320,-0.024034,-0.007590,-0.004427,-0.035236,-0.010229,-0.025362,0.016486,0.042394,0.006391,-0.011020,0.013200,0.037958,0.044039,0.005575,-0.047761,-0.001966,-0.046629,0.065103,-0.069898,0.057792,-0.026806,0.010787,-0.040323,0.009593,-0.062764,0.074970,0.063700,-0.088454,0.019531,-0.040984,0.015699,0.000885,0.060038,-0.057825,-0.083992,0.026474,-0.086665,-0.081096,-0.101311,-0.053587,0.020714,0.082018
0.038812,-0.103777,0.018187,-0.004827,-0.046611,0.001853,-0.083713,0.003952,-0.029208,-0.054299,-0.030827,0.079833,-0.012730,-0.030567,0.001906,-0.046392,-0.015607,-0.096136,0.007424,0.006167,-0.070685,-0.011290,-0.021267,-0.039635,0.014582,0.083420,-0.043649,-0.008156,-0.040953,-0.001394,-0.053428,0.044908,-0.033373,0.002857,0.057686,0.060689,-0.038815,-0.011768,0.048509,0.054158,0.044248,-0.104192,-0.038289,-0.087294,-0.023967,-0.054904,-0.013691,-0.013707,0.055298,-0.069606,-0.063979,0.048900,0.039399,-0.018968,-0.024490,-0.050347,-0.073806,-0.022244,0.015304,0.090296,0.051107,0.071038,-0.008840,-0.002523,0.073948,-0.005062,0.014582,-0.000721,-0.028089,-0.045001,0.085965,-0.122016,-0.052948,0.019105,-0.036319,-0.001426,0.076049,0.036973,0.049509,-0.042197,0.022018,-0.030886,-0.054984,-0.007908,-0.045302,-0.025202,0.014211,-0.054471,0.084410,0.026746,-0.025408,0.004098,0.010177,0.017729,0.049444,0.106215,-0.009345,0.076112,-0.094196,-0.026332,0.036404,0.036192,0.004772,-0.093445,-0.072009,-0.019525,-0.032873,0.035715,0.003679,-0.072652,-0.059788,0.031907,-0.011754,-0.040964,0.005881,-0.003375,-0.063741,-0.069477,0.045746,0.021169,0.037112,-0.001192,-0.021191,0.083581,-0.026984,0.032369,-0.035929,-0.000000,-0.050429,-0.039740,-0.002843,-0.003408,-0.109920,0.026350,-0.078544,-0.009668,-0.080458,0.064211,0.028107,0.034630,-0.040612,0.006788,-0.044738,-0.045851,-0.013217,0.057838,0.019375,-0.042619,0.004555,0.045930,-0.028827,-0.021843,-0.013833,-0.072565,0.007982,-0.012307,0.117346,0.043009,0.047348,0.003879,-0.006820,0.010247,-0.058107,0.080132,-0.011920,0.008103,-0.068399,0.015992,-0.132511,0.019307,-0.047473,0.012477,-0.021507,0.058565,0.029614,-0.016518,-0.078270,-0.031965,0.031893,0.032998,-0.012320,0.003947,0.036972,0.000756,-0.064722,-0.020513,-0.021372,-0.015826,-0.081955,0.020059,-0.083349,0.041878,0.022603,0.140913,0.024229,0.056880,-0.050674,0.119353,0.023105,-0.071108,-0.042975,0.026658,-0.005034,-0.010769,0.054924,0.020334,0.093577,0.116952,-0.009436,-0.034071,0.092662,0.060527,0.027643,0.051555,0.016295,-0.073025,0.004840,-0.043409,-0.063879,-0.004507,0.045755,0.015597,0.071765,0.000000,-0.031125,0.028886,-0.042887,-0.028108,-0.039694,0.010680,0.002433,-0.014279,-0.027337,0.029129,-0.036797,0.043867,-0.015719,0.043174,-0.035222,-0.058548,0.045947,-0.023513,-0.030103,-0.057870,-0.006857,0.075294,0.038040,0.186809,-0.086203,0.050519,-0.128533,-0.052131,0.001127,-0.002088,0.014149,0.031932,-0.018648,0.034095,-0.078662,0.079066,-0.042995,-0.014551,-0.020695,0.010093,0.016578,-0.043813,-0.014586,-0.023867,0.019389,0.008238,0.106591,0.012673,0.110931,0.081928,-0.070461,0.071757,-0.028401,0.084496,-0.065209,0.023122,0.065605,0.010281,-0.054718,-0.006067,0.038677,0.071001,0.008319,0.065112,0.030429,-0.005330,-0.019211,-0.082559,0.007657,-0.087509,0.025142,-0.022817,-0.031878,0.002087,0.035889,0.071157,-0.024822,-0.024152,-0.031050,0.021215,0.133167,-0.002001,0.012423,-0.029356,0.031091,-0.000414,0.016040,-0.077422,0.060898,0.027885,-0.081924,-0.086482,-0.042211,0.038806,0.012213,-0.000000,-0.007729,0.069149,0.068777,0.049496,-0.019316,-0.022353,-0.007419,0.106362,0.005890,0.013400,0.020508,0.002939,-0.107693,0.050359,-0.040366,-0.060489,-0.030159,0.026823,-0.010039,0.058369,0.075565,0.012721,0.008313,0.038020,-0.014677,-0.002968,0.020309,0.004126,0.044772,0.013338,-0.018606,-0.032884,0.049444,-0.039605,0.029784,0.063677,0.003625,0.020560,-0.103189,-0.079285,-0.056342,0.029757,-0.016556,0.040279,0.070250,0.021728,-0.121763,0.073450,0.144559,-0.058838,-0.040826,0.027437,0.067454,0.016776,0.023019,-0.030982,-0.041093,0.038502,-0.097095,-0.072609,-0.001566,-0.054867,0.057367,0.034067
0.040496,-0.066480,-0.018737,-0.037915,0.064716,0.033858,-0.015331,-0.033911,0.104147,-0.007705,-0.018431,0.018345,-0.011765,-0.032597,-0.046335,-0.054288,0.076347,-0.159636,-0.080092,0.042910,0.002185,0.005737,0.024317,0.048102,0.027122,0.031097,0.018449,0.023816,0.083251,-0.028791,0.013406,-0.041168,-0.050696,0.038606,-0.055245,0.041682,0.038396,0.018718,0.034008,-0.051991,-0.006872,-0.035253,0.062397,0.052921,-0.037231,-0.009001,-0.077727,-0.032469,0.010472,-0.003583,-0.112807,-0.003718,0.075694,-0.037291,0.075122,0.059298,0.030033,-0.072323,0.077395,0.034703,0.020294,0.011661,-0.065666,0.023064,-0.039273,-0.031269,0.029485,-0.039094,0.005421,-0.008162,0.012291,0.036838,0.000173,-0.063249,-0.019713,-0.030071,0.033951,-0.049383,0.081033,-0.153410,0.130665,-0.091207,0.019904,0.009786,0.053650,-0.008638,0.050542,-0.068968,-0.060468,0.063344,-0.045531,-0.034229,0.008885,0.050042,-0.031718,0.044413,0.048417,0.000085,-0.038822,0.066838,-0.061345,0.116361,0.039506,-0.038055,-0.015767,0.006066,0.020273,0.027412,0.006894,-0.003467,0.013856,-0.015109,-0.028074,0.116777,-0.008857,-0.013247,0.044031,0.091745,0.013213,0.060368,0.100399,0.042671,-0.055201,0.001668,0.097688,-0.015374,-0.020654,-0.000000,0.047736,0.021275,0.051749,0.006708,-0.011662,-0.045761,-0.010865,-0.003174,0.003706,0.036290,-0.017386,-0.051104,-0.047580,0.017440,-0.052901,0.024692,-0.011863,0.000241,-0.020184,0.006563,-0.013846,-0.046334,0.002844,-0.084969,0.063655,0.006600,0.074960,-0.094243,-0.017521,0.049013,-0.006848,0.054438,-0.012572,0.021973,0.004603,-0.061115,-0.017718,-0.041853,-0.047787,0.028886,-0.040722,-0.035021,-0.098454,-0.039914,-0.023295,-0.007977,-0.013595,0.014494,-0.049705,-0.038911,0.108810,0.037204,0.016360,-0.078262,-0.018898,0.052372,0.032161,0.002870,0.025769,0.054456,-0.018907,0.023467,-0.036953,0.038611,-0.029371,0.045104,0.002379,0.019653,-0.009498,0.046783,-0.137796,0.034948,0.055837,0.026175,-0.059482,0.035370,0.029046,0.020037,0.099419,0.034908,-0.007582,-0.001014,0.094823,-0.040502,-0.101650,0.004856,0.004471,-0.029639,-0.040555,0.010027,0.048020,0.017087,-0.020326,-0.068509,-0.078375,0.000000,-0.108533,-0.074459,0.123122,0.061556,-0.010282,-0.061336,0.032363,-0.023846,-0.047609,0.055398,0.021340,-0.028543,-0.071549,0.058389,0.059643,0.037350,0.144801,0.017606,0.019369,-0.019141,-0.020689,0.048338,0.024787,0.083203,0.020848,0.039912,0.021184,-0.022129,-0.090183,0.010240,0.002856,-0.077136,-0.044942,-0.005481,-0.039711,0.016056,-0.002319,-0.072955,-0.021092,0.003436,-0.039054,0.035936,-0.096813,0.052864,-0.011196,0.021194,0.019082,0.076185,-0.111057,0.020657,-0.059529,0.014710,-0.128243,0.018067,-0.065285,0.064416,0.006917,0.020330,0.012904,-0.014280,0.079991,0.059169,-0.019975,-0.042182,0.038578,0.002834,0.023970,-0.034556,0.029413,0.029429,0.018298,-0.032293,-0.140733,-0.020625,0.066103,-0.034807,0.080357,-0.070478,0.037901,0.091935,0.007221,-0.093363,0.020831,0.053905,0.030499,0.080288,-0.009838,-0.009900,0.016571,0.007680,-0.037109,-0.068066,-0.011105,-0.114397,0.017104,-0.000000,0.038708,0.010845,0.017574,0.007669,0.054023,0.026085,0.019346,0.008256,-0.063271,-0.011079,0.062619,0.032059,0.002483,0.030323,0.062456,-0.042423,-0.041209,-0.014683,-0.045149,0.021660,0.060408,0.067114,0.028271,0.087785,0.007927,0.015053,-0.101232,0.050608,0.012173,0.025753,0.053532,-0.013772,-0.075759,-0.060341,0.017976,0.039660,0.010565,0.037598,0.055786,-0.009055,-0.039680,-0.013156,0.015459,0.175102,0.098181,-0.042794,0.002377,-0.012549,0.034533,-0.105843,0.003097,-0.072054,0.037792,-0.013352,0.037953,-0.039365,0.007988,-0.040148,-0.035854,0.023773,-0.024266,-0.060982,0.118560,-0.003814
-0.044214,-0.101203,0.037059,0.013307,0.061140,-0.012239,-0.003721,-0.021119,-0.023450,-0.006780,0.039252,0.132795,-0.083504,0.075536,0.013112,-0.002119,-0.044696,0.005718,-0.045786,-0.015571,-0.037711,-0.020159,0.032635,0.087310,0.117809,-0.010158,-0.009968,-0.001725,0.026860,0.000209,0.014027,0.118741,0.085004,-0.029419,-0.025029,0.001508,-0.012299,-0.001728,0.022219,0.030544,0.001246,-0.029979,0.028621,0.005036,-0.092732,-0.014897,-0.008955,-0.002829,0.042644,0.129178,-0.013776,0.033736,-0.035476,-0.043508,0.035057,0.004348,0.001977,0.028891,0.032411,-0.101304,0.015739,0.062578,0.052620,0.080133,-0.049411,0.014922,-0.029779,0.053375,-0.110980,0.046394,0.116847,-0.010824,-0.016644,-0.107637,-0.079089,0.087433,0.050876,0.061008,0.089365,-0.013755,-0.035779,0.027300,0.068924,-0.090551,-0.052577,-0.030780,0.032958,-0.036686,0.007096,0.020994,0.017596,-0.009034,0.030593,-0.004804,-0.093114,-0.003485,-0.089221,-0.018383,-0.052903,0.018427,-0.024591,0.155459,-0.076343,-0.058834,0.030916,-0.085059,0.024555,0.003396,0.031954,-0.007082,0.055910,0.046655,0.008110,-0.011525,-0.051454,-0.029499,-0.040277,-0.012158,0.054900,-0.006315,0.030731,0.120714,-0.110471,0.035358,0.017708,-0.074333,-0.001401,-0.000000,0.023316,0.025972,0.066605,0.006653,-0.018993,-0.029892,-0.045679,0.037877,-0.067658,-0.069261,0.004809,0.036695,0.032514,0.016094,-0.019756,-0.128598,-0.033701,0.068707,0.097577,-0.040439,0.052723,-0.035356,0.010834,0.034444,0.060068,-0.013426,-0.020517,0.037273,0.016165,0.007215,0.104964,0.094004,-0.066304,-0.058080,-0.071635,0.009346,0.062754,0.040747,0.005175,0.004379,-0.023927,-0.064638,-0.064285,-0.034836,0.003839,-0.075068,0.035254,0.003337,-0.029579,-0.026023,-0.056588,0.081716,0.027978,-0.028225,-0.066597,-0.018499,-0.009467,-0.051216,0.013093,0.001676,0.018670,0.031010,-0.051478,0.007261,-0.145673,0.061098,0.029197,0.049205,-0.033036,0.100098,-0.016183,0.000407,0.037639,0.012992,0.011399,-0.037991,-0.020669,-0.020417,0.069281,-0.014110,-0.001883,0.008504,0.014474,-0.027350,0.066945,0.012911,0.048540,0.030414,-0.003643,-0.030229,-0.002843,-0.085998,0.073868,-0.008072,0.021899,0.000000,-0.030217,0.020055,-0.038118,-0.019671,-0.058867,-0.023236,0.008503,0.022274,-0.040323,0.030011,0.045495,0.022921,-0.021989,0.055525,-0.094221,-0.046354,-0.005021,-0.001734,0.001431,-0.061934,-0.028384,0.057093,-0.013135,0.035581,0.027389,0.029224,-0.062427,0.029318,0.038284,0.001082,-0.071719,-0.074797,-0.082497,-0.039780,0.055565,0.014812,-0.026251,-0.064147,0.019629,0.004155,0.026847,-0.086356,-0.001793,0.009666,0.041171,0.035451,0.001714,-0.031586,0.019028,-0.036736,-0.035790,0.004967,-0.042425,0.038330,-0.067743,0.134627,-0.035881,0.032344,-0.003805,-0.044511,-0.054364,0.055831,-0.020924,-0.055987,0.026456,0.030190,-0.025406,0.029881,0.035762,-0.014956,0.081208,0.030559,0.049621,0.050112,0.005402,-0.011655,0.005508,-0.057011,-0.002535,0.086776,0.045708,-0.012325,-0.005933,0.027880,-0.078939,0.004222,0.020503,-0.009489,0.001164,0.020490,-0.110733,-0.073116,-0.013910,0.040939,0.053717,-0.000000,-0.034542,-0.012140,0.050253,0.024606,0.150920,-0.065952,0.116992,-0.005945,-0.010358,-0.059878,0.051570,0.022389,-0.069608,-0.040796,-0.004912,-0.019978,-0.002307,0.026915,0.045152,-0.068538,0.009690,0.093211,0.035979,0.025914,-0.014739,0.044582,-0.067099,0.022520,-0.039383,-0.049780,0.072161,-0.017272,-0.042091,-0.017200,-0.064212,-0.034635,-0.023818,0.003139,0.107060,0.005880,-0.011954,-0.008421,0.047994,0.076823,-0.087924,-0.045880,-0.123519,0.033917,-0.024487,-0.152118,-0.010889,0.049161,-0.054579,0.084511,0.030986,-0.063068,-0.078526,-0.015450,-0.123618,-0.007978,0.004711,-0.018883,-0.059688,0.028424
-0.032440,-0.050957,0.001629,0.022074,0.020720,0.044237,-0.000999,-0.005698,0.047372,-0.022496,0.002179,0.160095,0.031035,-0.069477,0.044414,-0.065613,-0.002432,-0.034847,0.010740,0.010468,-0.137686,-0.045636,-0.025305,0.035119,0.019149,-0.014416,-0.003950,0.019866,-0.017002,0.021346,-0.083707,-0.011899,0.006533,-0.046406,0.012512,0.030047,-0.103098,-0.047186,0.008855,0.003713,0.001192,-0.021566,-0.041998,0.026218,-0.047525,-0.049239,0.035788,-0.038881,0.064723,0.025111,0.020477,0.028265,-0.043957,-0.080481,0.025390,0.126833,-0.004897,-0.029438,0.034197,0.002932,0.038910,-0.039092,-0.045048,0.006153,0.043621,-0.056344,-0.027923,0.058762,-0.080490,-0.002818,0.051269,-0.023507,0.039498,-0.002528,-0.031193,0.107240,0.143542,0.003382,0.029831,0.042651,0.031021,-0.003126,-0.060581,-0.063152,-0.043692,-0.039132,-0.009784,0.036000,0.074134,-0.048205,0.041265,-0.034423,-0.004129,0.035426,-0.046671,0.037235,-0.034592,0.071183,0.008962,0.012876,0.025969,0.083604,0.025633,-0.012844,-0.031697,-0.067515,0.034699,-0.011162,-0.008230,-0.006537,-0.066773,0.052132,0.031517,0.075099,-0.019212,0.035243,-0.092546,-0.073169,0.024050,-0.052448,0.009135,0.081397,0.093022,-0.013713,-0.015766,-0.002969,0.018831,-0.000000,-0.071614,0.080384,0.003089,-0.083500,-0.079056,0.016518,0.052055,-0.078069,-0.095291,-0.029985,0.002891,-0.023704,-0.060048,-0.023380,-0.037885,-0.035899,-0.038253,0.095576,0.085721,0.026531,-0.004474,-0.047655,-0.015343,0.023841,0.020838,-0.018814,0.016353,0.007532,-0.004386,0.018498,0.032868,0.077170,-0.061488,-0.012738,-0.051849,0.019635,-0.072624,-0.005640,-0.028515,0.019338,-0.039530,0.077934,-0.112911,0.000775,0.092544,-0.031183,-0.008116,-0.073782,-0.088911,-0.069037,-0.023059,0.035076,-0.002178,-0.076148,-0.080802,-0.026308,-0.005895,0.009717,-0.068094,-0.012939,-0.048335,-0.006622,-0.009095,-0.129030,-0.156418,0.112570,0.017950,0.058400,-0.127795,0.075022,0.039054,-0.025535,-0.030680,0.049966,0.048257,0.021607,-0.009714,0.085319,0.143050,-0.049134,-0.025061,-0.112769,-0.004963,0.027964,0.015393,0.009059,0.054496,-0.073646,0.018396,0.032165,-0.016774,-0.002703,0.067858,0.081773,0.012707,0.000000,-0.008840,-0.017770,-0.055705,0.036812,-0.075648,-0.028516,-0.019944,0.122849,-0.027550,0.045805,-0.006608,0.044113,0.034143,-0.013391,-0.041729,-0.037548,0.077209,-0.097829,0.061765,-0.064444,0.019965,0.079906,-0.030820,0.065893,-0.059460,0.015248,-0.084514,-0.028011,-0.050616,-0.061530,-0.092898,-0.054651,0.007274,0.065387,0.020345,0.032666,-0.016203,-0.044584,0.003364,0.076909,0.037173,0.012804,0.006659,-0.021195,-0.009359,0.076412,0.104053,0.010491,0.047237,0.097011,0.043341,0.041013,0.017602,-0.040893,-0.039461,0.028268,0.106835,-0.019057,0.005422,0.038836,-0.093893,0.040162,0.055670,-0.046320,0.043468,0.088049,-0.016493,-0.075081,0.069212,-0.037552,0.051505,0.016441,-0.069659,0.022602,0.001524,0.031991,-0.033571,-0.016532,0.022711,0.015340,0.034801,0.062696,0.040376,0.024118,0.010267,0.036932,-0.034989,-0.019441,-0.036542,-0.017745,-0.082519,-0.041476,-0.033926,0.039628,0.029408,-0.000000,0.017596,-0.026436,0.100677,0.058577,0.037177,-0.050105,0.025502,0.053252,0.019431,-0.025418,0.055090,-0.008984,-0.080935,0.041253,-0.019455,0.028684,0.024583,-0.000602,-0.016413,-0.005684,-0.025441,0.093470,0.048491,0.068901,0.021496,0.035883,-0.048357,0.053043,-0.001133,0.015833,0.003461,-0.010102,-0.029273,0.033644,-0.003611,-0.008003,0.055900,-0.029258,0.104446,-0.016589,-0.007004,0.038874,-0.058541,0.031403,-0.020286,-0.024638,-0.109484,0.024745,-0.000189,-0.101243,-0.003450,-0.080985,0.040761,0.005506,0.017796,-0.018429,-0.096257,-0.020207,-0.042832,-0.045311,-0.006786,-0.082682,-0.002711,0.046892
-0.053641,-0.043525,0.022158,-0.041013,-0.004856,-0.053017,-0.050229,-0.093486,-0.014902,-0.023728,0.003111,0.097273,0.022838,0.046130,0.017142,0.070130,-0.058742,-0.041288,-0.003886,0.024996,0.037149,0.044750,0.067687,-0.009448,-0.026524,-0.035073,-0.034946,-0.035383,0.015597,-0.016937,0.058780,-0.038241,-0.018575,0.004867,-0.010121,0.045424,-0.041364,-0.069312,0.054441,-0.088379,0.028655,-0.066710,-0.060426,0.066913,0.002672,0.010898,-0.056520,-0.050467,0.087374,0.081556,0.016998,0.010211,-0.034477,-0.016013,0.032329,-0.010802,0.025401,-0.008008,0.079421,0.020461,0.014585,-0.015914,-0.067077,0.071250,-0.079672,0.039433,0.027913,0.091854,-0.033960,0.092853,-0.094768,0.003399,0.036524,0.063400,0.010919,0.057058,0.028205,0.008531,-0.017371,-0.049899,-0.011280,-0.080032,0.039823,-0.077169,-0.067350,-0.050659,0.005078,-0.051662,0.093414,0.007435,-0.046778,-0.126722,0.050560,0.018942,-0.030973,0.018017,-0.032023,-0.048406,-0.000838,0.011238,-0.029873,0.057372,-0.095989,-0.065688,-0.001563,-0.103267,0.049756,0.000857,-0.007453,-0.116267,-0.001667,-0.004753,-0.038358,-0.002619,0.006407,0.010060,-0.070815,0.094171,0.004105,-0.012579,0.061753,0.055767,-0.083655,-0.021559,0.068067,-0.075563,-0.012081,-0.000000,-0.017054,-0.004614,0.038669,0.022161,-0.041873,0.047283,0.020540,0.049881,-0.047310,-0.029941,0.006215,-0.038209,-0.035448,0.073761,-0.025506,-0.083419,0.045651,0.122070,-0.040735,-0.051124,0.047030,-0.048883,0.007845,0.066775,0.053917,-0.004103,0.032960,-0.017282,0.019916,0.020453,0.027072,0.000542,-0.021552,0.059194,-0.066342,-0.011030,0.014724,-0.014840,-0.020060,0.013625,0.024150,0.038604,-0.117097,-0.015800,0.055470,-0.090898,0.123499,0.021523,-0.013114,0.018231,0.006200,0.015768,0.029266,-0.032522,-0.036392,-0.011198,-0.007496,-0.093109,0.028600,-0.039440,-0.006952,-0.053963,-0.084022,0.086669,-0.061186,0.039403,0.027488,-0.006539,-0.135925,0.039102,0.020223,0.030813,0.015322,0.083585,-0.086549,0.018285,0.092003,0.001399,0.016142,0.017528,-0.018657,0.003594,-0.045846,-0.016030,0.087125,0.036532,0.004485,-0.055711,-0.063142,-0.027910,-0.023948,-0.018226,-0.002554,0.086595,-0.015545,0.000000,-0.056799,-0.017231,-0.012650,0.008226,-0.028408,-0.048334,0.030144,-0.038666,-0.048299,0.001300,0.052941,-0.019030,0.009854,0.084548,-0.023724,-0.030902,0.084276,0.008078,-0.062666,0.046084,-0.000236,0.051970,-0.052052,0.108622,-0.038102,0.109270,0.005802,-0.011679,-0.019943,-0.002381,-0.023762,-0.076444,-0.096035,-0.070647,0.044377,-0.003177,0.102221,0.052619,-0.064134,0.018533,0.086474,-0.079700,-0.067905,0.070118,0.046404,-0.015958,0.092294,-0.016720,-0.063277,-0.005346,0.035514,-0.013552,-0.089358,-0.047594,-0.048571,0.034496,0.073902,0.011509,-0.010275,-0.062889,0.022828,0.046941,-0.008482,0.035000,0.149125,-0.023657,-0.012686,0.055458,0.021413,0.116890,0.056849,0.011199,-0.051737,0.030334,0.018277,-0.068544,0.016857,-0.044102,0.111046,0.028154,0.048826,-0.006603,-0.049736,0.019631,0.054097,-0.067550,0.049469,-0.018020,-0.017650,0.004917,-0.062936,-0.090232,0.062081,-0.108675,-0.068974,-0.000000,-0.010415,-0.028949,0.046979,0.046066,0.074180,0.068054,0.046807,0.001028,0.014510,-0.006122,0.057382,0.014314,0.053467,0.037324,0.045209,0.047194,0.006026,-0.033414,-0.026403,0.012870,-0.043673,0.073605,0.000479,0.054141,-0.009030,0.029638,-0.112277,0.102981,-0.005458,0.019362,0.027148,-0.088418,-0.077166,-0.027621,-0.037558,-0.049305,-0.042232,-0.051086,0.046793,0.008418,-0.029051,0.048673,0.005403,0.094615,-0.004182,-0.086052,-0.067907,0.034848,0.019416,0.026991,-0.018237,-0.004466,-0.017427,0.082667,0.104295,0.062155,-0.012117,-0.056481,-0.003333,0.027122,0.034707,-0.057451,0.012684,-0.015863
-0.037086,-0.026529,-0.073226,-0.046915,0.013254,-0.004953,-0.004754,-0.071607,0.065182,0.003552,-0.031557,0.012178,-0.008029,-0.025656,0.046080,-0.012408,-0.095653,0.009410,-0.012191,0.096164,0.075608,-0.002425,-0.006869,-0.001923,0.058301,0.021911,-0.038900,0.021347,-0.000245,-0.049873,0.028635,-0.001856,0.041700,0.014064,0.021689,-0.041287,0.006542,0.007786,0.001704,0.019521,0.006719,-0.024870,0.024494,0.024930,-0.013888,0.058319,-0.077366,-0.002547,0.057251,0.083555,0.025508,0.024552,-0.077635,0.076211,-0.028245,0.018422,0.001002,-0.025990,-0.008660,0.021422,-0.075163,0.015781,0.032381,0.053894,0.025291,-0.026267,-0.028881,0.052188,-0.110294,0.065250,-0.049337,-0.021638,-0.061628,-0.040137,0.016891,0.028843,0.018602,0.011937,0.055458,-0.083440,-0.067129,0.018364,0.000011,0.004912,-0.016224,-0.019325,-0.079548,-0.001467,0.013233,0.020773,0.013189,0.008234,0.094421,-0.010238,-0.065846,0.112683,-0.024930,-0.060528,0.023932,0.029630,0.041392,0.075726,0.076397,0.020994,-0.031359,-0.002113,0.050317,-0.024562,-0.004963,-0.027275,0.016888,0.013645,0.028430,0.051842,-0.019217,0.046671,-0.006987,-0.026025,0.041908,0.013081,0.039470,0.083236,-0.032789,0.007742,-0.065248,-0.025163,-0.098698,-0.000000,-0.011196,0.045250,0.059454,0.014402,-0.061872,0.049589,-0.052401,-0.006742,-0.027507,0.028807,-0.008177,0.077532,0.057533,0.046894,-0.017437,-0.022259,-0.056881,0.149710,0.109659,-0.013000,0.056736,-0.092072,0.055176,0.028134,0.087273,0.010669,-0.004692,0.024546,-0.076014,-0.017351,0.069956,0.007819,-0.047482,-0.024023,-0.071687,0.021906,-0.028744,0.016046,-0.017422,0.009589,-0.044309,-0.012484,-0.023668,0.004793,0.014700,-0.018875,0.066926,0.080143,0.057847,0.046734,0.002114,-0.009980,-0.045343,-0.103773,-0.050726,0.009295,-0.023082,-0.032900,-0.034770,0.023636,-0.076415,-0.028886,-0.090687,0.003386,-0.044668,0.113656,-0.012451,-0.002256,-0.003533,0.032830,-0.083911,-0.004050,0.056652,0.113238,-0.003605,0.031325,0.039575,0.046514,0.023861,-0.035954,-0.066779,-0.005831,0.039218,0.052788,0.046706,0.012689,0.105752,-0.034996,-0.035034,-0.014002,-0.093500,-0.023488,0.058694,0.026659,-0.007189,0.000000,-0.114525,-0.003736,-0.027350,-0.008713,0.054940,0.020443,0.067091,-0.082624,-0.055155,0.051620,0.068017,-0.016372,-0.062222,-0.001039,0.031549,-0.005184,0.041396,-0.031474,0.003353,-0.004567,0.020165,0.034877,0.008999,0.124398,-0.044670,0.082567,-0.096905,-0.111583,-0.029471,0.069460,-0.037969,-0.086303,-0.090602,0.014519,-0.044668,-0.099857,-0.024095,-0.024461,0.044437,0.039265,0.055838,-0.023831,-0.017019,0.059048,-0.021268,0.028899,0.062232,-0.030517,-0.110005,-0.017217,-0.049695,-0.067964,-0.130828,0.041257,-0.035800,0.097506,0.139817,-0.036583,0.035091,-0.008040,-0.025062,0.077697,-0.020457,0.007941,0.021301,-0.011062,0.014787,-0.010402,0.011939,0.020741,-0.042604,-0.011415,0.026608,-0.092640,0.062620,0.049130,-0.021437,-0.049602,-0.016745,-0.035463,-0.067573,-0.032930,0.003337,-0.011459,-0.015462,-0.078310,0.035437,-0.083044,0.070525,0.054270,-0.134130,0.015299,0.077135,0.033990,-0.016332,-0.000000,-0.016985,0.047986,0.049104,0.027289,-0.048240,-0.038396,0.018095,0.063826,0.016731,0.067397,0.077577,0.009788,-0.046811,-0.037342,0.015000,0.005864,-0.071387,0.018630,-0.056283,-0.077308,-0.056561,0.037460,0.002436,0.034203,0.053492,0.001259,-0.026503,0.054395,0.062889,0.059741,0.000332,-0.001746,-0.024798,-0.025346,-0.011195,-0.046614,-0.078799,-0.029394,0.047554,0.035937,-0.068716,0.016956,-0.085842,0.047297,0.067037,-0.043644,-0.197527,-0.017439,0.054955,-0.127257,-0.042194,-0.059683,0.057151,0.066848,0.083556,0.009961,-0.030571,-0.041618,0.004694,-0.044541,0.057147,-0.075281,0.088457,-0.042833
0.025849,-0.041627,-0.035772,0.021546,0.049778,0.042667,0.020077,0.014967,0.016814,0.013766,0.017831,0.071357,-0.122866,-0.038882,0.015012,0.021287,0.026982,-0.053452,0.023918,0.099225,-0.069419,0.020278,0.062336,0.017800,0.036004,-0.007732,-0.041365,-0.022838,0.004618,0.024383,0.045664,0.117844,0.025088,-0.053715,-0.023699,0.045940,-0.028863,0.012294,-0.029610,0.029853,-0.002983,-0.056696,-0.017675,-0.009698,0.026463,-0.025250,0.016096,-0.029123,0.069531,-0.019779,-0.089382,-0.010379,-0.074111,-0.015687,0.003666,0.029333,-0.077321,-0.068506,-0.096005,-0.000144,-0.034661,-0.023912,0.042838,0.041398,0.029482,0.001422,-0.009782,0.020956,-0.029119,-0.052901,-0.053298,-0.072830,-0.010420,0.066804,0.022632,0.012674,0.044200,-0.070152,0.111098,-0.029026,0.011756,0.070574,0.056018,-0.008643,-0.064518,-0.039728,-0.002937,-0.046971,0.052450,-0.012146,0.052229,0.019983,-0.006051,0.008927,-0.079529,0.054900,-0.083901,-0.077244,-0.049954,-0.012801,0.040854,-0.007396,0.018438,0.075794,-0.082059,-0.031056,-0.031461,0.013358,0.055243,0.055491,-0.053610,0.058200,-0.012449,-0.011054,-0.011913,0.032217,0.027985,-0.063481,0.103208,0.089352,-0.037206,0.026980,-0.047947,-0.006620,-0.047534,0.027096,0.010559,-0.000000,-0.060090,0.034740,0.112075,0.002535,-0.073096,0.039555,-0.013089,-0.026664,0.016202,-0.058658,0.005699,0.049334,-0.002252,0.041660,-0.000403,-0.057838,-0.100594,0.135178,0.054380,-0.010631,-0.070872,0.019385,-0.034493,0.031141,0.061189,-0.086982,0.034285,0.018345,-0.003635,0.001923,0.065975,0.015920,-0.072373,-0.096508,-0.060544,-0.001246,-0.108224,0.001610,0.035160,0.021623,-0.083184,0.017712,0.049994,0.027762,-0.044766,0.038667,0.088263,0.048096,-0.116235,-0.012853,0.043650,0.007572,-0.062473,0.028243,-0.002737,0.010975,-0.020867,-0.010997,-0.072690,-0.045440,0.012787,-0.029294,-0.019358,-0.025653,-0.023863,0.085773,0.015116,0.032966,-0.000089,0.073525,0.072129,-0.007421,0.019186,0.003872,0.008952,-0.001009,-0.014237,0.056835,0.009218,0.008284,0.066475,0.057110,-0.019220,0.033780,0.032778,0.012627,0.018264,0.015838,0.083901,-0.030757,-0.013171,0.011959,0.051632,0.057070,-0.063553,0.000000,-0.055726,-0.040998,-0.013032,0.029814,0.103124,-0.128646,0.019758,-0.062343,0.076517,0.020096,0.019414,0.028916,-0.011109,0.029621,-0.064952,-0.001958,-0.056486,-0.072451,0.006060,-0.014134,-0.045353,0.051682,-0.033567,0.138017,0.033464,0.024877,-0.168881,0.023592,0.091021,-0.045577,-0.073850,0.016210,-0.022581,-0.045627,0.045413,-0.005064,-0.132530,-0.039277,-0.012450,0.095523,0.025714,-0.014927,0.004030,0.057237,-0.021551,-0.027603,0.019310,0.027125,0.037843,0.034185,-0.041018,0.058800,-0.054368,-0.013760,-0.104834,0.097422,0.093401,-0.038583,-0.050648,-0.034087,-0.013987,0.023013,-0.059611,-0.002933,-0.019712,0.019762,0.013022,-0.035701,-0.029234,-0.059892,0.049189,-0.038728,-0.000196,-0.080525,-0.105612,-0.012089,0.132144,-0.041536,0.003612,0.044811,-0.040065,-0.071216,0.055111,-0.014755,-0.085725,-0.046722,-0.071251,-0.098367,-0.125379,0.046762,-0.070162,-0.058499,-0.085312,-0.029294,-0.014925,-0.000000,0.013442,-0.055027,0.099227,0.054594,0.068373,-0.060116,0.008211,0.049886,0.071842,0.080581,-0.010397,0.102696,-0.040634,0.058187,0.028621,0.010251,-0.039796,-0.025701,-0.058698,0.006305,0.026467,0.043253,-0.061153,-0.010285,-0.034700,0.081062,0.029850,0.010937,0.015400,0.011900,0.097044,0.055113,0.029292,0.010102,-0.021647,-0.027132,-0.011984,-0.011898,-0.029825,-0.041692,0.009095,0.063205,0.024153,0.021488,-0.023102,-0.063584,0.021193,0.026173,0.028912,-0.032013,0.043065,-0.079079,0.023903,0.011887,0.036551,0.032480,-0.011407,-0.009325,-0.088561,0.040742,-0.011823,-0.107886,0.081399,0.012272
0.021519,-0.019372,0.018855,0.052479,-0.032414,0.009093,0.025184,0.044604,-0.018313,-0.014222,-0.023160,0.034186,-0.068111,0.032937,0.061155,0.012472,0.143538,-0.017996,0.055858,0.077154,-0.001675,0.063826,0.009887,0.055878,-0.036834,0.024466,0.026142,0.053975,0.005807,-0.056956,-0.051435,0.077457,0.021318,-0.035801,-0.055662,0.057907,-0.019494,0.004959,0.027802,0.055164,-0.030755,0.001050,0.016644,-0.055718,0.052350,-0.026388,-0.029990,-0.100360,0.033384,-0.030068,-0.017638,-0.038189,0.024146,0.044245,0.102470,-0.075222,-0.028147,-0.022370,-0.013529,0.114847,-0.093568,0.130879,0.013717,-0.004614,0.033652,-0.027511,-0.033564,-0.060296,0.008641,-0.005730,-0.025230,0.044176,0.005239,0.023969,-0.068282,0.017341,-0.001219,0.022279,-0.049303,0.000838,-0.038236,-0.010269,0.022570,-0.100569,-0.034175,-0.028415,0.075971,-0.042994,-0.011148,0.019964,0.050671,0.003452,-0.001340,0.005160,-0.005391,-0.053574,-0.029212,0.024517,-0.010811,-0.027404,-0.040576,0.090144,-0.030243,-0.085003,-0.020163,0.014796,0.022698,0.031831,0.003356,0.004064,0.003260,0.015900,0.059587,-0.054589,-0.083836,0.012476,-0.051610,-0.032789,-0.047512,0.009045,-0.022361,-0.032217,0.051377,0.047461,-0.023323,-0.057420,0.089759,-0.000000,-0.003964,-0.011776,-0.032312,0.043089,-0.044219,-0.032552,-0.065773,-0.051315,-0.026713,0.030235,0.006213,0.061218,-0.046229,0.050242,0.014001,-0.036178,-0.024101,-0.067798,0.114154,-0.057852,-0.045666,0.001658,-0.053456,0.024270,-0.081319,0.099327,0.057105,-0.006797,-0.073675,0.019377,-0.014095,-0.057392,-0.110991,-0.061064,0.060518,0.034781,0.063375,0.042353,-0.104968,0.043627,0.057449,-0.035474,-0.086987,0.054742,-0.011128,0.006811,-0.007916,0.006616,-0.023675,0.009169,-0.027876,0.039166,0.074794,0.089785,-0.047087,0.003499,0.069618,-0.067236,0.007291,0.068272,-0.049488,0.056448,-0.088653,0.014260,-0.112355,-0.039230,-0.029960,0.043304,0.032714,-0.033359,-0.030821,0.043563,0.062673,-0.035872,-0.030165,-0.016998,-0.008764,0.006039,0.089823,0.047937,0.051329,-0.026474,-0.011587,0.070687,-0.036866,0.061398,-0.006261,-0.086710,0.056180,0.010344,-0.102838,-0.068435,0.004715,-0.011591,0.042791,0.000000,0.047088,-0.019885,0.007633,0.121513,0.062761,-0.000955,0.122718,-0.018439,-0.054747,0.007454,0.034924,-0.025677,-0.017149,-0.075977,0.082457,-0.045441,-0.065994,0.004763,-0.047584,-0.014045,-0.041096,0.013704,-0.001806,-0.025613,-0.030617,0.137084,0.003365,0.001128,-0.049788,0.097411,0.085562,0.013549,-0.053368,-0.034331,-0.077361,0.021608,-0.059471,0.091988,-0.068259,0.014040,-0.049979,0.066244,-0.067827,0.097457,-0.009623,0.017850,0.089031,-0.007149,0.095202,0.064776,0.000443,0.063938,-0.032282,-0.133077,0.024528,-0.076847,-0.041098,-0.050267,0.005679,0.026171,0.008858,0.065639,0.056902,-0.014694,-0.022778,0.038551,0.022569,-0.067881,0.079363,-0.021952,-0.001948,-0.013615,0.050635,0.064670,0.075856,0.002256,0.060135,-0.008185,-0.025306,0.004963,0.031635,-0.027863,-0.034376,-0.005749,0.048489,0.077181,-0.142595,-0.072644,-0.059229,0.005211,0.010117,0.011649,-0.017711,-0.016866,0.011865,-0.000000,-0.078321,0.017530,0.028612,0.048552,0.008825,0.020891,0.021159,-0.042322,-0.042159,-0.034453,0.030793,0.083702,-0.051619,0.110954,0.000436,0.021531,0.079777,0.000753,-0.037463,-0.010978,-0.025460,-0.015993,0.032689,-0.022627,-0.052665,-0.034176,-0.033047,-0.007923,0.068669,0.045676,0.068423,0.040652,-0.080841,0.068578,0.069720,-0.082523,-0.005108,0.045791,-0.061367,-0.001031,-0.092454,-0.034651,-0.007378,0.038047,-0.092671,-0.031051,-0.021967,0.011841,-0.001538,0.037289,0.065065,-0.019766,-0.076778,0.034815,0.009621,0.027038,0.015367,-0.085984,-0.050935,-0.101135,0.003780,-0.135132,0.031333,-0.030647
-0.029386,-0.061078,0.037252,0.096894,0.011040,-0.038535,0.013721,0.059609,0.048695,0.001253,-0.038398,0.015702,-0.078192,-0.001322,-0.010887,-0.034189,0.110275,-0.014606,-0.022832,-0.058374,0.161269,-0.018435,0.047584,0.073410,-0.040789,0.003241,-0.094181,0.016706,0.038416,-0.040208,0.003226,0.076501,-0.011179,-0.039461,-0.084947,0.086730,-0.067120,0.014879,0.100396,0.046812,-0.016573,-0.069176,0.020587,-0.023234,0.015443,-0.008796,-0.023475,-0.032583,0.045394,-0.084842,-0.000587,-0.026965,-0.050781,0.023405,0.085497,0.010015,0.017880,-0.017939,-0.018714,0.004373,-0.049935,0.068976,-0.009619,-0.015741,0.026945,-0.076549,-0.052131,-0.037249,-0.016532,-0.030535,0.014700,0.026022,-0.033623,0.002823,-0.023870,-0.008078,0.023875,-0.015995,-0.015537,0.025270,-0.008739,0.017441,-0.005899,-0.092717,0.017414,-0.064398,0.120458,-0.121895,0.024040,0.053235,0.033720,-0.017694,-0.038807,0.002488,-0.055872,-0.031117,0.076396,0.012393,0.020002,-0.054112,-0.017782,0.042388,-0.083829,-0.030536,-0.020722,0.014896,0.051908,0.078464,-0.003413,-0.018597,0.049001,-0.024033,0.100342,-0.027016,-0.164279,0.058127,-0.059815,-0.044135,-0.064985,0.046081,-0.063884,-0.004608,0.060610,0.072926,-0.028310,-0.048682,0.061892,-0.000000,-0.080373,-0.037013,-0.021910,-0.021268,-0.004581,-0.038964,-0.119955,-0.016217,0.007707,-0.028795,-0.006689,0.059872,-0.070374,0.061730,-0.080083,-0.100324,-0.065975,0.047196,0.059456,-0.050061,-0.128478,-0.033223,-0.022030,-0.031897,-0.030556,0.043011,0.021369,-0.001741,-0.117649,-0.002293,0.074476,0.034369,-0.010184,0.008545,0.032378,0.067071,0.018761,-0.003476,-0.077763,0.051915,-0.008049,0.048185,0.022581,0.004925,-0.045101,-0.006012,-0.017403,0.010836,-0.037120,0.013260,0.027518,0.091112,0.071956,0.113215,-0.021814,0.018463,0.066910,-0.095942,-0.007041,-0.019872,-0.086841,0.053898,-0.094539,0.015045,-0.021618,0.007493,-0.044311,0.058742,0.046257,0.060716,-0.064784,0.033541,0.094038,0.007949,-0.061856,-0.009686,-0.023959,0.040246,0.033222,-0.040295,0.051283,-0.029229,0.002727,-0.017832,-0.070257,-0.001113,-0.074428,-0.005793,0.079102,-0.000463,-0.015968,-0.109049,0.068733,-0.006869,0.056885,0.000000,0.081423,-0.040837,-0.003711,0.104186,0.078004,0.027210,0.073641,-0.063582,-0.057661,0.009734,0.044195,-0.048610,0.027963,-0.003122,0.040107,0.022475,-0.072244,0.082929,-0.048197,-0.057590,-0.036868,0.030332,-0.041116,0.032317,-0.052511,0.063633,-0.077969,-0.005158,-0.026323,0.011200,0.046017,-0.032512,-0.085637,-0.065915,-0.071035,0.021225,0.006540,0.045988,-0.029597,0.062533,0.019815,0.058615,0.069512,-0.004063,-0.002136,0.014517,0.071450,-0.059198,0.052829,0.055183,0.094424,-0.004714,-0.076284,0.002874,-0.012641,-0.007282,-0.004340,0.026002,-0.023350,0.005522,0.033415,-0.013370,0.016117,-0.005461,-0.062332,-0.018549,-0.087585,-0.009636,0.098705,0.064299,0.105927,0.001245,0.020395,-0.012297,-0.011721,-0.004061,0.040474,-0.046780,-0.020334,0.001539,-0.003093,-0.027845,0.001401,0.025113,0.007052,0.011969,-0.086507,-0.045200,-0.007313,0.005112,-0.074479,-0.014958,-0.032400,-0.051894,0.029821,-0.000000,-0.071402,-0.026356,0.006976,0.114541,0.059572,0.014798,0.082607,0.043601,-0.025287,-0.110120,0.026046,0.061053,0.039845,0.030743,0.097459,-0.008277,0.027083,0.027542,0.022443,0.000702,-0.089496,-0.029811,0.021211,-0.011575,0.009355,-0.019676,0.043301,0.119021,0.027308,0.029885,0.076253,0.038645,-0.020655,-0.006649,0.087497,0.041386,-0.041378,0.009989,-0.044895,0.011043,-0.021475,0.022217,-0.050481,0.030096,-0.031813,0.005360,-0.071990,0.041131,-0.026313,0.065563,0.095899,-0.015590,-0.022324,0.042693,0.042827,-0.020539,-0.014732,0.020340,-0.051117,-0.053118,0.094434,-0.004178,0.072741,-0.072472
-0.049402,-0.021938,0.041807,-0.078011,0.022142,-0.045782,-0.005216,0.138595,0.061098,-0.015065,0.007585,-0.079123,0.013022,0.017676,0.027730,-0.087469,-0.019952,-0.002480,-0.013759,-0.066692,-0.008328,0.060343,-0.013161,0.060183,-0.050372,-0.014764,0.006624,0.014377,-0.025018,-0.087851,-0.054143,0.022160,0.030565,0.003453,-0.028548,0.048117,-0.024083,-0.036917,0.002182,-0.004921,0.008556,-0.034486,-0.037593,-0.031791,0.034979,-0.036610,-0.028034,-0.032554,0.051574,0.044105,0.000281,-0.039236,-0.044794,0.006356,0.002402,-0.034453,-0.006939,-0.032026,0.030550,0.073831,0.054357,-0.009440,-0.025419,0.063148,0.054667,0.002207,-0.048386,0.028816,-0.042186,-0.057079,-0.042789,-0.097625,0.061685,0.168212,-0.050949,0.050308,0.031541,-0.011151,0.012598,-0.039214,0.034365,0.048910,0.021348,-0.008095,0.043467,0.060862,0.049919,-0.052774,0.062831,-0.019314,0.049910,0.008564,-0.049677,0.016916,-0.065428,-0.017135,-0.020541,0.000843,-0.060696,0.023889,0.002251,0.079922,-0.040564,-0.016153,-0.083933,-0.064807,0.116434,-0.020750,0.017439,0.008240,-0.050748,-0.048475,-0.073111,-0.035152,-0.065963,0.058301,-0.028759,0.014873,0.040838,-0.036811,0.000262,0.098597,-0.046567,-0.022166,-0.069314,-0.019049,0.086059,-0.000000,-0.046319,0.096244,0.063439,0.046146,-0.003476,0.039666,-0.110165,0.085841,-0.026794,-0.070126,0.004933,-0.021533,-0.030271,0.018823,0.027293,-0.013803,0.013157,0.003273,0.022629,-0.132806,-0.024891,-0.034182,-0.008612,0.038429,0.054556,-0.070938,0.040638,0.104380,-0.033019,-0.002721,-0.069006,-0.040837,0.040449,0.012064,-0.048392,0.061534,-0.050728,-0.107292,-0.003572,0.074603,-0.000458,0.031439,0.006135,0.023793,-0.061487,-0.002606,-0.073540,-0.046156,0.043291,-0.043260,-0.018164,0.036820,0.031506,0.002761,0.003843,-0.025297,-0.001065,-0.096102,0.028596,0.053401,-0.065120,0.013748,-0.058124,0.010695,-0.042532,0.105467,-0.067948,0.077949,0.003915,-0.031430,-0.050494,-0.011383,0.123833,0.068048,-0.015717,0.012883,-0.049017,0.097525,0.027392,-0.021089,0.009392,-0.036292,0.023211,0.011796,0.045221,0.022606,0.028178,-0.003414,0.004050,0.032190,-0.011966,0.031118,0.021732,0.061877,-0.033378,0.000000,-0.076325,0.002016,0.036267,-0.000822,0.055895,0.024253,-0.007823,-0.038292,0.018350,0.054715,0.001456,0.025928,0.039166,-0.052539,-0.002361,0.096312,0.027911,-0.016509,-0.006538,-0.035811,0.050293,0.046791,-0.052618,0.038049,-0.008934,0.049609,-0.056550,-0.008845,-0.007854,0.038754,-0.049231,-0.083060,-0.104518,0.082839,-0.074341,0.004587,0.042615,0.044291,0.007163,0.036816,-0.022387,-0.020641,-0.038094,0.010985,0.014222,0.015142,0.100718,-0.088713,0.005703,0.068385,-0.022988,0.062206,-0.050805,-0.058238,-0.087817,0.076504,0.030918,0.033368,-0.050207,-0.044875,0.063068,0.000088,-0.020601,-0.053571,0.077797,0.002768,-0.040423,0.077704,0.053939,-0.042325,0.096626,-0.057653,-0.047776,-0.071655,-0.176274,0.009480,0.064029,-0.093465,-0.032762,0.028891,0.080081,-0.047783,0.084149,-0.029612,0.020326,0.040413,-0.017987,-0.066239,-0.009607,0.034036,-0.088402,0.008488,-0.018862,0.057156,0.103920,-0.000000,0.036833,-0.066058,-0.008054,0.033393,0.058910,-0.044647,0.041469,0.027880,0.033518,0.001662,-0.048669,0.018490,-0.092179,0.106254,0.030635,0.049192,-0.047031,0.056562,-0.050282,0.036866,-0.053689,0.051533,0.017729,-0.007010,-0.070297,0.005470,0.037510,0.151178,-0.023923,-0.016935,-0.038503,-0.021090,-0.026281,0.013532,0.053861,-0.026519,-0.018630,0.008178,0.004813,0.031733,-0.032270,-0.052665,0.027093,0.108135,0.050211,0.005422,-0.057407,0.064067,0.003665,-0.030728,0.033122,0.011347,0.059646,-0.027858,-0.013294,-0.044902,-0.047995,-0.001109,-0.067654,-0.037466,0.017438,-0.092583,0.190384,0.001323
0.046526,0.061154,0.019694,0.039971,0.059030,-0.076352,-0.013691,0.081284,0.006566,-0.057160,-0.013931,-0.024687,0.000746,0.032269,0.020191,-0.060340,0.062896,-0.027218,-0.030572,-0.066517,0.091839,-0.000856,0.058244,0.069117,-0.040887,-0.013250,-0.075748,0.016309,0.037550,-0.024474,0.002550,0.085776,-0.041945,-0.040076,-0.049785,0.035944,-0.035793,0.052523,0.022336,0.021770,-0.034790,-0.074056,0.042912,0.028301,-0.038446,-0.007568,-0.021490,-0.062335,0.057988,-0.099823,0.016614,0.020723,-0.092187,-0.040910,0.021669,-0.076728,-0.021303,-0.001549,-0.016504,-0.013787,-0.006129,0.007718,-0.017735,-0.012097,0.041634,-0.067773,0.014050,-0.041954,-0.055561,0.047211,0.013426,0.005131,0.009918,0.024583,-0.077118,-0.049037,0.043805,0.018787,0.025941,0.028402,-0.034910,0.022228,-0.025556,-0.032311,0.058532,-0.001102,0.035105,-0.178477,-0.045350,0.053873,0.027611,0.038982,-0.010043,0.040621,0.001860,0.003527,0.055766,0.047662,-0.034215,-0.046168,-0.035322,0.073890,-0.084330,-0.023627,-0.069377,0.000464,0.050128,0.059874,0.004484,0.018393,0.040741,-0.020166,0.011707,-0.011734,-0.124553,0.068018,-0.024570,-0.041311,-0.036342,0.098505,-0.064731,-0.057852,0.013269,0.069031,-0.009797,-0.045620,0.085830,-0.000000,-0.049907,0.016134,0.006383,-0.075581,-0.022153,0.020215,-0.114489,0.018556,-0.002600,-0.083230,-0.036602,0.001520,-0.082120,0.011456,0.033003,-0.136504,-0.025123,0.014120,0.004459,-0.133680,-0.045081,-0.075599,-0.025710,-0.048112,0.037910,0.040468,0.062588,-0.002174,-0.098187,0.014592,-0.004557,0.013628,-0.016895,0.004327,0.019045,0.073854,-0.036044,-0.000110,-0.067659,0.076385,0.021399,0.068879,0.042211,-0.013991,-0.004712,-0.014408,0.016757,-0.005021,-0.053667,0.005501,0.055626,0.063392,0.002401,0.041205,0.067936,0.030616,0.098524,-0.105772,0.007547,-0.009144,-0.121172,0.062917,-0.019744,0.041634,0.068314,0.076129,-0.073103,0.052920,-0.060350,0.043649,-0.077840,-0.014781,0.084927,0.027475,-0.036618,0.031484,0.042731,-0.021547,-0.008028,-0.075517,-0.011569,-0.038231,0.006976,-0.062451,-0.034575,-0.046693,-0.029381,0.051168,0.078162,-0.018767,0.017113,-0.098274,0.013864,-0.047284,0.028504,-0.000000,0.001316,-0.010972,0.028082,0.055850,0.064379,0.045690,0.088122,-0.097141,-0.048505,0.018390,0.004507,-0.027550,0.034897,0.002030,0.052471,0.082618,0.000682,0.068385,-0.010450,-0.058836,0.037905,0.047367,-0.017361,0.090859,-0.062879,0.053900,-0.092362,0.026970,-0.044348,0.031153,0.028436,0.005353,-0.060766,-0.046354,-0.095139,-0.026488,0.023958,0.107449,-0.067554,0.015638,-0.027454,-0.003073,0.011212,0.047053,-0.034033,0.018154,0.108964,-0.082277,0.051179,0.068728,0.115309,-0.077137,-0.063189,0.015468,-0.016184,-0.012074,0.020246,0.084446,-0.075827,-0.022473,0.101405,-0.008711,-0.014045,-0.046692,0.031327,-0.077604,-0.034775,0.069945,0.118511,0.009178,0.112414,-0.002328,0.036248,0.004639,-0.061107,0.017836,0.038238,0.000844,0.012490,0.035392,-0.032149,-0.022613,0.011601,-0.075356,0.037196,-0.005583,-0.071168,-0.104482,0.007914,0.078933,-0.038023,0.010551,0.042742,0.035867,-0.016548,-0.000000,-0.004403,-0.018946,0.059760,0.067016,-0.019028,0.006082,0.099185,0.080651,0.012474,-0.017772,0.019416,0.031303,0.029903,0.052542,0.031291,-0.016945,-0.025097,-0.007367,-0.008290,0.008675,-0.039226,-0.043969,-0.073095,-0.019404,-0.003646,0.004266,0.044167,0.127102,0.057009,-0.022505,-0.017448,-0.047157,-0.023420,0.001672,0.017429,0.023165,0.000852,0.024840,-0.046542,-0.022124,-0.023440,-0.042307,0.004741,0.041771,-0.022446,0.018144,-0.099274,0.010790,-0.025881,0.035627,0.128242,-0.064184,0.013299,-0.007730,0.001847,-0.001276,-0.040201,0.050410,-0.046558,-0.067274,0.031042,0.003647,0.159957,0.015139
0.071738,0.006147,0.077337,0.056224,-0.023284,-0.000590,-0.090308,-0.045000,0.014422,0.019395,-0.042111,-0.005815,0.045677,-0.017087,-0.010218,0.055229,0.003877,-0.103541,0.074364,-0.008797,-0.067917,0.056433,-0.006253,-0.023589,-0.032100,-0.011197,0.000900,0.045670,-0.045489,-0.039017,-0.047449,0.083622,0.007495,0.011976,0.020628,-0.020277,-0.012920,-0.026659,0.067031,0.068676,-0.003257,-0.027635,0.073116,0.023080,-0.023209,-0.051482,0.002605,0.085110,0.077802,0.001050,0.085930,0.020768,-0.060819,-0.003491,0.032496,0.026341,-0.062716,-0.005438,0.045634,0.038252,0.046319,0.030487,-0.057449,-0.007624,0.058862,0.029384,-0.005130,0.015043,-0.003836,-0.076443,-0.023091,0.022438,-0.027522,-0.013962,0.077843,-0.003080,0.050581,0.017298,0.050779,-0.022429,-0.009104,-0.035898,-0.017416,-0.030657,0.061758,-0.006147,0.011569,-0.009970,0.032386,0.097858,-0.012117,-0.057916,0.035431,-0.018893,0.009868,0.049471,-0.080601,-0.051983,-0.036315,0.001112,0.069993,-0.026260,0.021446,-0.060504,0.036900,0.035971,0.023879,0.015776,-0.061419,-0.083638,-0.067937,0.049460,0.032676,-0.035289,-0.008854,0.062242,0.058318,-0.059633,-0.024849,-0.089944,-0.039753,-0.071812,-0.037200,0.036998,-0.046151,-0.017151,-0.009239,-0.000000,0.104953,-0.115564,0.031792,-0.032954,-0.012207,-0.013505,-0.027652,-0.071844,-0.061744,-0.046585,0.011734,-0.031793,-0.019300,0.015279,0.038289,-0.097104,-0.008285,0.007285,-0.064590,-0.033576,-0.047977,0.074913,-0.028308,-0.104275,-0.071256,0.031617,-0.018064,0.042176,-0.056307,0.064414,-0.015057,-0.061107,0.004473,0.011820,0.016336,0.041406,0.033668,-0.009779,-0.033096,0.016774,0.007946,0.022454,-0.044852,0.111048,0.043374,-0.025982,-0.033699,0.014568,0.068415,-0.031247,0.011375,0.016477,0.012377,-0.033076,-0.035338,0.108217,0.024230,-0.090876,0.047695,0.055784,-0.010326,0.014274,-0.043192,0.026912,0.044303,0.098704,0.066796,0.039259,-0.068079,0.058311,0.025847,-0.029999,0.101002,-0.020381,0.032237,0.018469,0.014310,0.004826,0.040529,0.079796,-0.035887,0.046227,0.116471,-0.049161,-0.032933,0.044339,-0.026765,-0.069835,-0.026137,0.000373,-0.129602,0.046344,0.039972,-0.011972,0.007381,0.000000,-0.035604,-0.009221,-0.018382,-0.008179,-0.082537,-0.050030,0.053113,0.025639,-0.021408,-0.017070,-0.049331,-0.007339,0.023930,-0.002636,0.111109,0.009039,0.021494,0.007604,-0.076199,-0.085895,0.006396,-0.128976,-0.055142,0.036325,-0.022718,-0.003895,-0.055648,0.004722,-0.083595,-0.041163,0.035714,0.049471,0.038365,0.060573,-0.050767,0.085729,-0.058920,-0.027930,-0.054034,-0.028024,0.026251,-0.026143,-0.004691,0.028464,-0.000519,0.096732,0.070669,0.092992,-0.009664,0.038831,-0.015168,0.016994,-0.013410,0.088506,0.007196,0.072744,0.040854,0.046633,-0.072103,0.016557,-0.022630,0.042410,-0.028930,-0.024020,0.104394,-0.004575,0.008323,-0.073690,-0.055335,0.026381,-0.041552,0.094696,-0.106264,-0.040879,-0.042053,0.069895,-0.087879,-0.024233,-0.103745,0.125356,-0.009858,-0.037871,-0.105717,-0.008509,-0.067593,0.085158,0.040864,-0.091878,-0.026356,0.040917,-0.088647,0.000592,-0.161094,-0.036137,-0.077791,-0.000000,-0.008429,0.097098,-0.020904,0.068010,0.010850,0.082423,0.031537,0.033886,-0.009044,-0.026995,-0.009254,-0.052101,0.016448,-0.012413,-0.013715,-0.114065,0.031479,-0.015688,-0.040478,-0.092335,0.052400,0.041185,0.013515,-0.017308,0.044556,-0.003421,-0.006384,0.090348,0.055150,0.046842,0.061128,-0.073002,-0.061565,-0.051410,-0.022367,0.018988,-0.042028,0.034302,-0.050428,0.006568,0.020147,0.138386,0.057835,0.058803,-0.036949,0.074099,-0.004549,0.016336,0.044910,-0.043253,0.077618,-0.017247,0.010919,0.057348,0.032809,0.054495,-0.023885,-0.058875,-0.019734,0.012094,-0.003174,-0.040913,0.031771,0.106034
-0.006943,-0.122283,0.061249,0.094619,0.006936,-0.035397,-0.053007,0.007897,-0.049128,0.033308,0.032269,0.026887,-0.103862,0.003488,0.018746,0.033068,0.069787,-0.067592,-0.130639,0.024771,0.097667,-0.001354,0.027317,0.114524,0.031816,0.032763,0.002034,0.025294,0.057015,-0.069620,-0.021842,0.087397,0.071892,0.002719,-0.038520,0.020519,-0.034695,-0.023749,0.105411,-0.007394,0.030571,-0.082261,-0.062187,-0.033629,-0.018559,-0.043934,-0.007410,-0.052185,0.050727,-0.039704,-0.054858,-0.086648,-0.023515,-0.065378,0.021601,0.012363,-0.011687,-0.063325,0.064377,0.009910,-0.064159,0.078410,-0.000470,-0.008569,-0.008227,-0.049849,-0.024637,-0.007454,0.038057,-0.015471,-0.016709,0.040934,-0.053774,0.040068,-0.019053,0.039165,-0.030422,-0.033306,-0.073675,-0.037369,-0.014893,0.019162,0.075809,0.016759,-0.006108,0.040292,0.014902,-0.060459,-0.017782,-0.012520,0.002100,0.020847,-0.018980,0.024964,-0.025323,-0.004993,-0.002126,-0.044522,0.053564,0.020739,-0.038313,0.021424,0.040032,-0.078301,0.001757,0.055570,0.064978,0.015637,0.023007,0.017536,0.043899,-0.026805,0.051303,-0.022304,-0.133894,-0.019720,-0.018610,-0.003437,-0.038495,0.026009,-0.021457,0.010829,0.021307,0.065066,-0.004923,0.014698,-0.004847,-0.000000,0.015562,0.038272,-0.024338,0.023813,-0.026266,0.017285,-0.080980,-0.031350,-0.019476,-0.032780,0.024649,0.058253,-0.122181,0.014548,-0.087294,-0.069609,0.020054,0.069725,0.002578,0.007653,-0.163301,0.043306,-0.018347,-0.000232,-0.068766,0.043980,0.020701,0.013385,-0.046904,-0.021881,0.113610,0.052015,-0.008141,0.012429,-0.024258,0.074853,0.033793,-0.022339,-0.073438,0.011717,0.014290,0.104166,0.022520,0.011360,-0.098779,0.057063,0.023339,0.033637,-0.000943,0.005196,0.016125,0.130736,0.053928,0.110826,0.015667,0.010821,0.063509,-0.069541,0.013439,-0.003097,-0.025785,-0.001405,-0.071044,-0.024723,-0.031895,0.045538,-0.046325,0.103637,-0.034303,0.050826,-0.023205,0.054815,-0.008794,0.046165,-0.049244,-0.026436,0.024262,-0.005917,0.096285,-0.019852,-0.010703,0.079957,-0.064210,-0.013409,-0.147750,-0.039367,-0.057297,0.028788,0.021934,0.031769,-0.055447,-0.062487,0.010145,0.004017,-0.041296,0.000000,0.048049,-0.039796,-0.063905,0.142083,0.055194,0.003936,0.021614,0.021015,-0.017031,0.027364,0.165219,-0.029494,-0.006465,-0.081729,0.044485,0.047669,0.043647,0.135566,0.008747,-0.034601,-0.017651,0.091495,-0.070763,0.000799,-0.009324,0.084632,-0.066280,0.028106,-0.050657,0.013191,0.065062,-0.095095,-0.055692,-0.095161,-0.072457,0.010760,-0.106648,0.044054,-0.002933,0.037127,-0.019551,0.009770,-0.030210,0.061630,0.017324,-0.019952,0.029883,-0.077562,-0.031027,0.022630,0.041066,0.003830,-0.036273,-0.039055,-0.065265,0.018421,0.035519,0.053431,-0.061043,-0.015044,0.005676,0.036289,0.031300,-0.026547,-0.072843,0.019243,-0.026949,-0.009141,0.015038,0.024265,0.063760,-0.030372,-0.020039,0.038683,0.020395,-0.074725,0.032470,-0.080784,-0.006651,-0.011140,0.016314,-0.024592,-0.003862,0.082074,0.037921,0.111039,-0.049827,-0.012446,-0.027889,0.065311,-0.082447,-0.060071,-0.049026,0.003073,0.042644,-0.000000,-0.067740,-0.019857,-0.033198,0.129089,0.046168,-0.011634,-0.017883,0.022058,-0.056443,0.012698,0.014265,0.075649,-0.050232,0.044418,0.042900,0.035757,0.016930,0.045473,-0.038052,0.019149,-0.095736,0.040008,0.015459,-0.026276,-0.037730,-0.061640,-0.029656,0.041861,0.029726,0.017089,0.101876,0.061934,0.015196,0.009903,0.024227,0.000431,-0.080015,0.000852,-0.029667,-0.022044,-0.058140,-0.000644,-0.044922,-0.007305,-0.040986,-0.037936,-0.022828,0.060812,-0.017029,0.061373,0.078338,0.034589,-0.064666,0.075034,0.033075,-0.030969,0.034567,0.023686,-0.027781,-0.007943,0.051514,-0.151753,0.049124,-0.024032
-0.014404,-0.022463,-0.041340,-0.023501,0.021776,0.068345,-0.054038,-0.013922,-0.023828,-0.006345,-0.027833,0.075840,-0.050482,0.047736,0.104376,0.006527,0.032796,0.001682,-0.067193,-0.023400,-0.010797,-0.030409,0.069068,-0.002343,0.052094,-0.025617,0.003733,0.009877,0.065380,-0.075875,-0.036285,0.066049,0.085502,-0.027265,0.025513,-0.043092,-0.043523,-0.036961,-0.032002,0.027147,0.037349,-0.039016,-0.107505,-0.000610,0.012088,-0.044922,-0.018339,-0.010994,0.043205,-0.077634,-0.071590,-0.043330,-0.029624,0.006523,0.006582,0.057904,-0.059018,-0.043381,0.019294,0.014295,-0.032813,0.003528,-0.030025,0.024431,0.119520,-0.074161,0.004996,0.025880,-0.033247,0.020754,-0.064741,-0.017158,-0.019186,-0.084143,0.012436,0.048879,-0.034310,0.020198,-0.024156,-0.044131,0.084386,-0.072261,-0.032914,0.010853,-0.020632,0.046114,-0.096174,-0.050172,-0.064232,-0.031274,-0.017859,0.019397,-0.004420,0.024177,-0.009718,0.078052,-0.038170,0.012005,0.073274,0.024797,0.081821,0.043907,-0.001949,-0.011328,0.026621,-0.011300,0.023542,-0.017124,0.019449,0.018696,-0.029404,0.010727,-0.041006,-0.030081,-0.078804,0.094133,0.059031,0.067933,0.070952,0.018985,0.070471,-0.009257,-0.052733,-0.002296,-0.011514,0.022672,-0.081317,-0.000000,-0.062947,0.045616,-0.016133,0.048980,-0.087250,0.065853,-0.018130,-0.047027,-0.028988,-0.059400,0.040287,0.052550,-0.025349,0.031891,0.045220,-0.053888,-0.050397,0.050337,-0.001678,-0.023996,0.068473,-0.075589,-0.035905,0.023955,0.011608,-0.025029,0.063892,-0.005381,0.024725,-0.016734,-0.017929,0.054119,-0.084228,-0.070780,-0.093918,0.119778,-0.038959,-0.011806,-0.025862,0.014809,-0.055466,0.107906,-0.005964,-0.063104,0.041418,0.041719,0.056421,-0.030559,-0.026864,-0.044959,-0.004018,0.012474,-0.000633,-0.023722,0.089739,0.007149,0.076027,-0.067308,-0.094819,0.018970,-0.064078,-0.023444,-0.013773,0.012514,-0.095170,0.202404,0.030895,0.052326,-0.068834,0.130269,0.006891,0.012508,0.049094,0.130246,0.014449,0.019086,-0.057910,-0.001323,0.092031,-0.052920,-0.041746,0.022339,0.010370,0.099033,-0.045079,-0.047978,0.066509,-0.063071,0.022036,-0.009986,0.015992,0.052629,0.008920,0.100605,-0.049706,0.000000,-0.050050,0.021495,-0.066045,0.062358,-0.026905,-0.033840,-0.003816,-0.021145,0.069280,0.057822,0.065311,0.030735,0.059603,-0.008399,-0.042325,-0.027351,0.072456,-0.090774,0.030626,-0.017243,0.089741,0.077567,-0.058098,0.047894,0.044419,0.027456,-0.075518,-0.015639,-0.034065,-0.034004,-0.074630,-0.162872,-0.029393,-0.056819,-0.002467,0.028920,0.001777,0.000238,0.002780,0.070717,0.008444,-0.003326,-0.009523,0.018197,-0.012560,0.021705,0.123148,-0.042110,-0.002653,-0.007214,0.021161,0.040002,-0.024485,-0.020050,-0.097553,0.052608,0.029955,0.021671,-0.028774,0.027198,0.047886,0.095279,-0.006410,-0.018384,-0.033253,0.006654,0.018814,0.029399,0.000574,-0.083456,0.007492,-0.051815,-0.008613,0.015098,-0.099257,0.000709,-0.009318,-0.030274,0.039714,0.002800,0.016028,0.022812,-0.020359,0.009253,0.049410,-0.003709,0.021990,-0.023308,-0.014048,-0.007524,-0.093333,0.003988,0.007128,0.060338,-0.031624,-0.000000,-0.017469,-0.060233,0.005136,0.068116,-0.030387,-0.015455,-0.032994,0.086832,-0.018790,0.086379,-0.035387,0.012292,-0.063060,0.031580,0.039013,0.146250,0.010484,-0.011885,-0.042574,-0.047427,0.037441,0.146294,-0.026209,-0.030335,-0.032507,0.035017,-0.040595,-0.014516,0.093110,-0.020960,0.001508,0.009694,0.107895,0.002192,-0.032688,-0.018164,-0.064376,0.020352,0.029006,0.028806,-0.027095,-0.053217,-0.062997,0.055862,-0.043860,-0.065166,-0.096378,-0.021163,-0.008759,-0.074207,0.037829,-0.048788,0.045742,-0.007459,0.082739,0.023280,-0.008420,0.041962,-0.029175,-0.030184,0.034081,-0.136772,0.019619,0.109007
-0.158048,-0.006289,-0.040134,0.000032,0.026783,0.075827,0.085353,-0.022420,-0.113504,-0.058774,0.023297,0.018161,0.030421,0.047672,0.037075,0.058231,-0.027316,-0.040802,-0.087528,0.056815,-0.037671,-0.039233,-0.039710,0.019586,0.013059,-0.002350,-0.019575,0.033307,-0.060939,-0.075037,-0.050197,0.011032,0.080201,0.028540,-0.035030,0.042430,-0.077223,-0.030821,0.055457,0.021263,0.048307,-0.069021,-0.050276,0.068669,-0.044772,-0.012566,-0.040428,0.035547,0.021787,-0.031441,0.038207,-0.000242,-0.043899,0.064947,0.143287,0.015525,0.004334,-0.044134,0.029311,0.022004,0.005152,-0.022314,-0.142013,0.074295,0.030354,-0.006895,0.010281,-0.062266,0.032452,0.088518,0.060547,-0.000900,0.085466,-0.097184,0.004335,-0.016898,0.034830,-0.022937,0.035713,0.041223,-0.017309,0.011066,-0.099522,-0.027129,0.028334,-0.044997,0.127641,0.099504,-0.023194,0.025239,0.007155,0.028237,0.102455,-0.075339,-0.074758,-0.086618,-0.040324,-0.063130,-0.009735,0.035719,0.103393,-0.032440,-0.018653,0.038036,-0.052192,0.031544,0.005984,0.058440,-0.010197,-0.016427,-0.046149,-0.008763,0.019969,-0.025395,0.026562,-0.023943,-0.012449,0.006182,0.037209,-0.058271,-0.004939,-0.003332,-0.004563,0.036867,0.025539,-0.092430,-0.000595,-0.000000,0.014072,-0.036903,0.014396,0.051252,0.016574,-0.023916,-0.057865,-0.047263,-0.035369,-0.009566,0.045170,0.031683,0.035464,0.050179,0.009679,0.029325,-0.011584,-0.036839,-0.009225,-0.023674,0.039551,-0.045751,-0.107920,-0.064243,-0.014690,-0.049604,0.032416,-0.057905,0.125001,0.053752,-0.006884,-0.011176,-0.070630,0.051285,0.025606,-0.066386,0.036464,-0.017954,-0.052557,-0.041522,-0.054817,0.022019,-0.049953,0.013388,0.004356,0.009595,0.056673,0.008433,-0.082322,0.007177,-0.009225,0.037870,-0.033119,-0.042709,-0.098697,-0.003528,-0.019978,0.035857,0.032641,-0.029102,-0.047309,0.020124,0.048022,-0.030452,-0.043366,0.023969,-0.063612,0.003310,0.035235,-0.029378,-0.039908,0.010376,0.021153,0.044819,0.108468,-0.030599,0.001112,-0.029517,0.093672,0.009850,0.014435,-0.028775,-0.030103,0.064842,0.053571,0.085869,0.046943,-0.001457,0.009621,0.024133,-0.058269,0.027058,0.026604,-0.001680,-0.080104,0.000000,-0.067882,-0.046125,0.008735,0.075789,-0.014612,0.025131,0.017139,0.031998,-0.123958,0.049812,0.008260,-0.101441,0.084998,-0.074367,-0.000081,-0.000028,0.060280,-0.006536,0.014879,-0.024379,-0.030455,0.042076,-0.025322,-0.058679,0.007139,0.100497,-0.003133,0.017736,-0.018357,0.017389,-0.051704,-0.025097,-0.002520,0.043287,0.016440,0.007439,0.013926,-0.021753,0.034396,-0.046224,0.004974,-0.114325,-0.044714,0.092901,0.008041,0.002088,0.053906,0.010781,0.037503,0.068494,-0.062644,0.011878,0.037812,0.019202,0.024901,0.032284,0.017493,0.034979,-0.005327,-0.007803,-0.068866,-0.040070,-0.040758,0.081049,0.042935,-0.082448,-0.063402,-0.065951,0.074368,-0.047530,0.044854,-0.039486,-0.108116,0.016299,0.049041,-0.001021,0.054233,-0.059615,0.060625,-0.039504,-0.057486,0.042485,-0.017442,-0.058213,0.113263,-0.003961,0.052782,0.062371,-0.059776,-0.016678,0.037674,0.009848,0.064486,-0.067376,0.014006,-0.000000,-0.017602,0.021864,0.063092,-0.027089,-0.046670,-0.031727,-0.132495,-0.007008,0.023526,-0.003656,0.070726,0.010448,0.005487,0.024605,-0.007720,0.062678,-0.107024,-0.051993,-0.047111,-0.021567,0.098246,0.140728,0.052164,0.028921,0.028080,0.052791,0.090220,-0.011292,-0.009376,-0.008066,0.043972,0.006086,0.015300,-0.003268,0.061156,-0.100502,-0.119227,-0.036857,-0.044583,-0.008802,0.011895,0.039331,-0.004465,0.024491,0.010096,-0.056389,0.064666,-0.187697,-0.055902,-0.021914,-0.054401,-0.016112,0.036895,0.011386,0.053109,-0.010235,0.034396,0.004763,0.035178,0.020552,0.081261,0.027904,0.109304,-0.007123
0.001195,0.002327,0.053343,-0.031092,0.013234,0.029021,-0.055556,0.069608,0.043291,0.027019,0.012605,-0.116634,0.089958,0.041691,0.047932,-0.052484,-0.026589,-0.071666,0.052417,-0.114851,-0.034211,0.051387,-0.009569,0.079328,-0.042938,-0.003819,0.014444,-0.020298,-0.027638,0.013436,0.050376,0.030486,-0.031140,-0.033205,-0.012952,0.026068,-0.072828,-0.038795,0.038970,0.001875,-0.028879,-0.047561,0.017452,-0.090672,-0.009570,-0.017848,-0.043171,-0.038950,-0.010797,0.023335,-0.002310,0.017505,0.057970,0.000534,0.003453,-0.022028,-0.042042,0.039864,0.053170,0.035139,0.068722,-0.017858,-0.025931,-0.036370,0.014195,-0.029544,-0.004200,0.008804,0.009730,0.019297,0.054862,0.046226,0.004215,-0.015050,-0.012102,0.110651,-0.025602,0.005287,-0.012359,-0.101021,0.058026,-0.047753,0.011826,-0.099305,0.069430,0.094629,0.013898,0.009645,-0.011469,0.018965,0.005615,0.090029,-0.108532,0.048126,-0.019933,-0.133214,0.019200,0.034925,0.028692,0.061204,-0.023801,0.069556,-0.063310,0.038141,0.010427,0.008689,0.135442,-0.024206,-0.004718,-0.025775,0.000596,-0.019578,0.002858,-0.067095,-0.057368,-0.020075,-0.022307,0.027978,-0.002803,-0.027717,0.032302,-0.010752,-0.072460,0.017902,-0.036573,-0.016809,0.052469,-0.000000,0.102020,-0.064332,0.021112,-0.095339,0.047025,-0.082704,-0.076027,0.043307,-0.015753,-0.075282,0.076721,-0.076475,0.010825,-0.106190,0.053588,-0.052152,0.011181,-0.055498,-0.033730,-0.012331,-0.017424,-0.013948,0.031320,-0.032891,-0.028567,0.059849,-0.000471,0.050144,-0.074571,0.017395,-0.043608,-0.029869,-0.053495,0.071852,-0.006047,0.033720,0.049703,-0.042402,-0.051565,0.030003,0.063927,-0.016574,-0.005856,-0.026312,-0.045482,0.039657,-0.097745,0.017258,0.084034,-0.033605,0.073143,0.049049,-0.041906,0.000403,-0.009567,0.103527,0.027190,-0.097969,0.096612,0.070553,0.024929,0.016064,0.047677,-0.096268,-0.033627,0.144444,-0.026355,0.019543,-0.027346,-0.012205,-0.003081,0.018726,0.002039,0.006358,0.119220,-0.004736,-0.000427,0.037025,0.050358,0.057469,0.006166,-0.048728,0.045354,-0.065456,0.052205,0.051396,0.040848,-0.025925,-0.030314,-0.038036,-0.023344,0.004592,0.063069,0.001050,-0.009158,-0.000000,-0.044920,0.075828,-0.019772,0.016450,0.072157,-0.024129,-0.085543,0.096885,0.062070,0.029608,0.091178,-0.068219,0.010321,0.034225,0.059526,0.099420,-0.002132,0.002760,-0.034007,-0.033390,0.006083,-0.065366,-0.011149,0.063955,-0.017091,0.008943,0.014977,0.010247,-0.071239,-0.049180,-0.003564,-0.013356,-0.030945,-0.049498,-0.080796,0.011401,0.042502,-0.031106,-0.028166,0.046637,-0.053007,-0.021405,-0.042654,0.155037,-0.017840,0.038758,-0.004408,0.046367,0.008346,0.027994,0.039521,0.066299,-0.113133,-0.057892,-0.042175,0.038060,0.029933,0.013146,0.022897,-0.037350,0.007754,0.005764,-0.046582,-0.062325,0.032452,0.039513,-0.051788,-0.037756,0.005938,0.071266,-0.025613,-0.086010,-0.105737,-0.019343,-0.123864,0.041546,-0.025313,-0.043371,-0.014276,-0.006487,0.027485,0.000305,-0.007316,-0.000380,0.014092,0.090359,-0.013377,-0.148247,-0.069604,0.027390,-0.026936,-0.004352,-0.056291,-0.013286,0.024916,-0.000000,-0.003413,0.108813,-0.103908,0.036024,0.120092,0.034073,0.043412,-0.013015,0.040386,-0.057975,-0.014502,-0.029867,0.017497,0.013947,-0.029286,0.046900,-0.004980,0.025528,-0.032495,0.008449,-0.002069,0.017202,0.097403,-0.045280,-0.022183,0.017879,-0.140850,0.043411,-0.040778,-0.064818,0.026007,0.004589,0.039585,-0.069862,0.021500,0.034908,-0.022692,0.053019,-0.039992,-0.053926,-0.012838,0.043780,0.069157,0.088563,0.000112,-0.006824,0.057400,-0.018116,-0.019596,-0.048358,-0.008627,0.000345,0.033181,0.043715,0.045581,0.001711,-0.099955,-0.012963,-0.048104,-0.084500,0.095377,-0.116186,0.047753,0.051699
-0.000470,0.022868,0.087934,0.069573,0.031589,0.023087,-0.120671,-0.022349,-0.015797,-0.009211,-0.050238,0.000239,0.065232,0.027298,0.051805,-0.008217,-0.043665,-0.106949,0.045008,-0.046988,-0.006975,-0.006268,-0.070811,0.027851,0.037237,0.036803,-0.072683,0.031016,-0.031552,0.039214,-0.043703,0.009861,0.032731,-0.041312,0.020315,0.074183,-0.024203,-0.041084,-0.042069,0.008603,-0.018383,0.001877,0.048223,-0.007258,-0.014608,0.034768,-0.000546,0.066808,0.012733,0.075581,-0.016921,0.162546,-0.061627,0.034787,-0.025506,0.128828,0.009991,0.024031,-0.046270,0.004625,-0.059923,0.023709,-0.041844,-0.012309,0.040538,-0.088388,-0.012831,0.012306,-0.058178,0.050703,0.000655,0.004195,-0.012572,-0.047529,0.038963,0.092272,-0.044965,0.001415,0.100490,0.007610,0.027492,-0.040435,0.046325,0.007715,-0.073243,-0.001685,0.022591,-0.011762,0.014585,-0.031426,-0.015522,-0.030981,0.029577,0.055492,0.070372,-0.001731,-0.004125,-0.009903,-0.017504,0.048772,0.009273,-0.023803,0.020030,0.037827,-0.012189,-0.056920,-0.006916,-0.073558,-0.031306,0.007765,0.029343,0.003986,0.008855,-0.000125,0.025760,-0.069414,-0.045092,0.019346,0.030689,0.060525,0.045976,0.097178,-0.070609,0.098127,-0.023348,-0.018651,0.089490,-0.000000,0.126110,-0.011924,0.024401,0.039182,-0.039340,-0.045881,-0.030791,0.018430,-0.064138,-0.021621,0.059190,0.031929,-0.008540,-0.123270,0.068625,-0.050516,-0.127759,-0.017435,0.020016,0.038887,-0.050700,-0.118127,0.056869,-0.011163,0.018816,-0.044912,-0.012580,0.022239,-0.066744,-0.008442,0.111193,-0.060709,-0.091434,-0.013404,-0.023076,-0.039588,0.099533,0.010718,0.077288,0.008506,-0.009748,-0.003264,0.083523,-0.050903,0.038996,0.021223,-0.016390,-0.018045,-0.010179,-0.045318,0.052852,0.016035,-0.027305,-0.079951,-0.044684,0.057364,0.047604,0.025141,-0.038406,-0.022730,-0.053283,0.051561,0.071446,-0.130996,-0.052394,0.003558,0.016786,0.066229,-0.077280,0.005718,0.032814,-0.041165,0.007799,-0.013863,0.113864,0.036816,0.105250,0.015044,0.117708,-0.000618,-0.033779,-0.102104,0.020890,-0.059484,0.031485,-0.014986,0.098986,0.035381,0.012620,-0.026338,0.019388,-0.041012,0.088768,0.078350,-0.054145,-0.000000,-0.030205,0.028391,0.067300,-0.030451,-0.005778,-0.046230,-0.075109,0.042454,-0.006143,0.059090,0.116261,0.007880,0.047485,0.012256,-0.036148,-0.008071,0.031289,-0.021990,-0.066612,-0.012412,-0.028522,0.015361,-0.075233,0.019773,-0.053615,0.015814,-0.029392,-0.049458,-0.039052,-0.072719,-0.001235,-0.037168,-0.052861,-0.060537,-0.042110,-0.034245,-0.020355,-0.093792,-0.052372,-0.030068,0.067703,-0.052578,0.011590,0.101707,0.018506,-0.003370,0.030425,-0.004616,0.039154,0.017261,-0.034797,0.018846,-0.183449,-0.025794,-0.067038,0.008072,-0.001508,0.000277,-0.022163,-0.074147,-0.075075,-0.006628,-0.009340,-0.037800,0.034569,0.032591,-0.045810,-0.075158,0.009904,0.066882,0.034866,0.034425,-0.024942,-0.003068,-0.010234,0.068905,-0.011275,0.001548,-0.036127,0.002821,-0.027830,0.088961,-0.073452,0.056800,-0.014579,0.034355,0.050650,-0.076051,0.024042,0.100757,-0.031165,0.005968,-0.008368,0.019395,0.018276,-0.000000,0.050826,0.097375,-0.041689,0.022823,0.010711,-0.058289,-0.000634,-0.027758,0.063650,-0.002465,0.020032,0.076015,0.005910,0.006234,-0.002502,0.061565,0.029512,0.067628,-0.022875,-0.113219,-0.065628,0.053480,0.000946,0.041998,0.035060,-0.017999,-0.042866,0.007422,0.025211,0.030575,-0.051101,0.023873,0.004070,-0.088127,-0.059371,-0.039943,-0.004318,0.013108,0.015474,-0.110275,-0.019903,0.020154,-0.043115,0.044283,-0.057269,-0.057658,-0.037450,-0.024323,0.009205,-0.105373,0.001357,-0.027363,0.020020,0.112768,0.044647,0.026756,-0.095311,-0.034766,-0.087152,-0.092496,0.018436,-0.022869,-0.098863,0.063225
-0.027354,0.084526,0.086276,-0.016776,-0.016422,0.001469,-0.049993,-0.011131,0.048255,-0.040126,0.074708,0.041138,0.079230,-0.023113,0.077648,-0.095889,0.055347,-0.054990,-0.054648,-0.014930,-0.069835,-0.033843,-0.097764,0.041769,-0.014187,-0.060422,-0.050853,0.023790,-0.015906,-0.010024,-0.095003,0.155127,0.093825,0.001934,-0.043371,-0.018117,0.009984,0.027012,-0.033318,-0.003536,-0.020626,-0.016069,0.008753,-0.046501,-0.010865,-0.042250,0.037416,0.044732,-0.009598,0.054212,0.012737,0.020661,-0.043458,0.044766,-0.014443,0.053467,-0.013307,0.002033,-0.004584,0.051714,-0.026972,-0.067205,-0.010528,0.016287,0.080170,-0.008863,-0.099603,-0.000749,-0.136648,0.036983,0.043003,-0.066241,0.059687,0.039176,-0.052942,0.099208,0.047066,-0.012575,-0.002319,-0.048378,0.054820,0.021233,0.013820,-0.009088,-0.063584,-0.068427,0.079690,-0.094149,0.045898,-0.007441,0.044802,0.040181,0.046942,-0.055901,-0.013125,-0.007649,-0.045177,0.004397,0.048268,-0.007138,0.049683,0.054847,-0.027893,-0.028932,-0.009154,-0.096595,-0.011880,-0.013783,-0.004565,0.009444,-0.041424,0.021441,0.033096,-0.112948,-0.034129,-0.005526,0.023286,0.050270,0.062182,-0.004658,0.029287,0.134655,-0.094848,0.044735,-0.078972,0.070760,0.085168,-0.000000,-0.033813,0.041511,0.016411,-0.060725,0.101855,-0.032211,-0.052308,0.042254,0.028749,-0.003386,0.084690,0.067646,0.004017,-0.015299,0.014014,-0.003464,-0.064348,0.026683,-0.033038,-0.029174,-0.059522,-0.089778,-0.020008,0.033085,0.015475,-0.009202,-0.005538,0.032337,-0.004314,-0.002618,0.056984,-0.010950,0.020507,-0.039678,0.001369,0.039154,0.014365,-0.008443,0.001174,0.016449,-0.128887,0.043785,0.009078,-0.010045,-0.036633,0.051724,0.044260,0.003826,-0.005743,-0.028599,-0.008669,-0.014146,-0.002596,0.027459,-0.051705,0.005713,0.034822,-0.103435,0.007832,-0.039411,0.014172,-0.014353,0.041451,-0.063057,-0.077365,0.050878,-0.021648,0.027079,-0.063692,0.018699,0.061988,0.047941,0.021047,0.015447,0.047431,0.041951,0.017841,0.053452,0.091869,-0.127563,0.047447,-0.063850,0.102195,-0.002862,0.053599,0.030408,0.143286,0.013655,-0.000205,-0.061297,0.001219,0.024632,0.011967,0.105930,-0.010927,-0.000000,-0.091326,0.059385,-0.015236,-0.005292,-0.013148,-0.011802,-0.048716,-0.040047,0.039170,0.062399,0.013094,0.048296,-0.035245,-0.047083,0.001966,-0.001951,0.084912,-0.037316,-0.023255,0.005288,0.070156,-0.048425,-0.126568,0.012010,-0.079466,0.076398,-0.058441,-0.085155,-0.061856,-0.080110,-0.052923,-0.031416,-0.036120,-0.023922,-0.020070,-0.019701,-0.090535,-0.010008,-0.017823,0.010144,0.028836,-0.063817,-0.011754,0.009612,0.013427,-0.074610,0.080861,-0.025032,0.113238,0.065195,-0.072407,0.021960,-0.073074,0.088719,-0.112431,0.056394,0.051113,-0.047055,-0.035000,0.057987,-0.022907,0.022675,0.035880,-0.079196,0.004118,-0.021223,0.017644,-0.024882,0.089117,-0.066208,0.060750,0.001765,-0.017444,-0.074066,-0.124605,0.016107,0.060395,-0.066271,-0.102004,0.079710,-0.030345,0.021976,0.002212,0.042264,-0.077026,0.023133,0.000877,-0.006707,-0.011124,0.072831,-0.026706,0.016600,-0.036487,0.081088,0.065861,-0.000000,0.020810,-0.037408,0.055069,0.081008,0.037527,-0.141426,0.002374,0.050647,0.003071,0.041605,-0.027086,0.048304,-0.082582,0.006612,-0.017227,0.070018,0.032258,-0.048999,-0.060828,0.020800,-0.063561,0.050616,0.025206,-0.027547,0.001739,0.045455,-0.001561,0.054036,0.035724,-0.046052,-0.057189,0.047757,-0.020628,-0.047616,-0.028997,-0.031564,-0.062468,0.024562,-0.000768,-0.026365,-0.024364,-0.043787,-0.005522,0.063510,-0.009176,-0.028896,-0.073161,-0.017642,-0.034109,0.015223,0.010347,0.014067,0.058127,0.070104,0.051132,-0.006315,-0.041956,0.007630,-0.024519,-0.004959,-0.007606,-0.099749,-0.009208,0.023830
0.037593,-0.017933,0.057738,-0.007244,-0.016036,0.007718,-0.094817,0.000678,0.057853,0.005701,0.036064,0.135461,0.020316,-0.005025,-0.021003,-0.050821,-0.052612,-0.100108,0.029853,0.020954,0.001845,0.052323,0.066694,0.004029,0.046193,-0.037688,-0.028592,0.008122,0.071890,-0.102298,-0.004343,0.076849,0.054194,0.039725,-0.020965,-0.037428,0.034163,-0.035900,0.063739,-0.026596,0.049036,-0.029842,0.090878,-0.008468,-0.022100,-0.070738,-0.054570,0.037473,0.008386,-0.013761,-0.017549,0.027577,-0.053841,0.066854,0.000239,-0.026566,-0.046562,-0.049610,-0.000002,0.056043,-0.006359,0.030415,-0.066432,-0.028928,0.045118,-0.029154,-0.009676,-0.094484,-0.076292,0.199340,0.033465,-0.050413,0.023639,0.068331,-0.040693,0.036503,-0.005058,-0.000117,-0.043283,-0.059967,-0.090440,-0.003236,-0.038016,-0.007122,-0.012197,-0.068591,0.009345,-0.107920,-0.011087,0.008794,0.022880,-0.052767,0.063851,0.014306,0.051499,0.034225,0.064452,0.023885,-0.015051,0.022049,-0.001703,0.059683,-0.029373,0.019179,0.041896,-0.071377,-0.035874,-0.067979,0.013645,-0.052544,-0.027372,-0.000572,-0.019085,-0.030272,-0.037992,0.017138,-0.015316,0.087235,0.038873,-0.008390,0.049304,-0.004629,0.001225,0.011372,-0.030175,0.015862,0.015714,-0.000000,0.003709,0.039571,0.041954,0.030896,0.021590,0.025209,-0.063792,-0.039128,-0.085283,0.043546,-0.047462,0.033890,0.035254,-0.018641,-0.076862,-0.029130,0.039639,0.071909,-0.004948,-0.029153,-0.002818,0.022172,-0.001086,-0.057538,0.018100,-0.012872,0.027119,0.027304,-0.094753,0.027288,0.011489,-0.003155,-0.048080,-0.016123,0.019164,-0.023398,-0.062015,-0.147888,0.038607,0.032222,-0.053562,0.021315,-0.068295,-0.026549,0.048516,0.006936,-0.087644,0.029650,0.065027,0.012884,-0.062215,0.050292,0.074911,0.018394,-0.005188,-0.058829,0.038979,0.001842,-0.012530,-0.004987,-0.036921,0.030832,-0.027276,0.039973,0.046320,0.034843,-0.008516,-0.001875,-0.020922,0.073831,-0.040765,0.033893,0.093569,-0.102811,-0.015487,0.011654,0.052949,-0.079429,0.003292,0.002579,-0.073900,0.025335,0.083216,0.006006,-0.032712,0.044220,0.081908,0.020482,0.015569,-0.041217,-0.024135,0.000504,0.065540,-0.109297,-0.023774,0.000000,-0.105012,0.007599,0.073937,0.034373,0.051851,-0.013086,-0.043202,-0.066164,-0.050458,0.061755,0.130169,0.070824,-0.027076,-0.073364,0.103445,0.024453,0.088884,-0.032928,-0.002770,0.022272,0.092379,0.035501,-0.000007,0.062632,-0.037399,0.074908,-0.017290,-0.016160,-0.110365,-0.029075,0.000645,0.026578,-0.006652,0.017432,-0.018553,-0.017970,-0.022658,-0.007729,-0.020470,0.093935,-0.046071,0.005549,0.044184,0.097673,0.004948,-0.025541,0.035681,0.075072,-0.062708,0.034410,-0.080545,0.088875,-0.132969,-0.031351,-0.038152,0.000956,-0.035055,0.041569,0.018674,-0.001796,-0.046404,0.058963,0.059059,-0.007910,0.032024,0.011830,-0.048953,-0.050893,0.021926,-0.042328,-0.038999,-0.035694,-0.013718,0.009424,-0.014792,-0.042204,0.021738,-0.013578,0.028581,0.055802,-0.020945,0.032928,0.009819,0.036966,-0.031570,0.025920,0.031994,-0.059468,0.046088,0.056477,-0.003250,0.018476,0.059417,0.006464,0.041216,-0.000000,0.034618,-0.073380,0.060182,0.040880,0.022883,-0.017805,0.005772,0.050869,-0.061414,0.039315,0.063824,0.089903,-0.017313,0.002038,0.054164,-0.049264,-0.036709,-0.061592,-0.113739,-0.049934,-0.059553,0.052256,0.101194,-0.062130,-0.054788,0.032008,0.010041,0.044708,0.067396,0.058707,0.093927,-0.069412,-0.005377,-0.046911,0.025434,0.053586,-0.077331,0.006856,0.067394,-0.095998,-0.017605,-0.031168,-0.040002,0.136629,0.057422,-0.013754,-0.089833,-0.082343,0.008964,-0.065422,-0.042736,0.088016,0.018970,0.036013,0.000853,0.076833,-0.080574,-0.052925,-0.073345,-0.014567,0.136035,-0.051602,0.098723,-0.037280
0.013482,0.050426,-0.035663,0.002139,-0.045624,-0.025889,-0.033914,-0.012019,-0.081132,-0.011165,0.062987,0.013538,0.027811,0.034705,0.016030,0.021869,0.060664,-0.078221,0.106843,-0.064660,0.027317,0.030829,0.012231,-0.007693,0.059032,-0.036486,-0.006181,0.065142,0.051580,-0.061306,-0.004266,0.047288,-0.013418,-0.053081,-0.021672,-0.043710,-0.026577,-0.024176,0.020954,0.024996,-0.041070,-0.029086,0.043927,0.056265,-0.052341,0.050026,-0.036607,-0.000737,0.049366,-0.058675,0.034630,-0.016606,-0.085941,0.014243,0.103240,-0.032294,-0.036958,0.008816,0.033553,0.129857,-0.074181,-0.033561,-0.155677,0.085679,-0.029515,0.029709,-0.002442,-0.052948,0.013920,-0.008240,0.043958,-0.025016,0.042735,-0.067769,0.041910,0.020103,0.051138,-0.017358,0.070545,0.037143,0.032609,-0.041075,-0.024509,-0.051445,0.104308,0.057390,0.076879,0.013305,0.010162,0.042192,-0.107605,-0.022869,0.065383,0.084900,-0.053632,-0.035799,0.007354,0.005096,-0.042158,0.094798,-0.023567,0.060545,-0.007587,0.105053,-0.026915,-0.079743,0.027348,0.002012,-0.014136,-0.035423,-0.022266,-0.011702,0.061749,0.091580,-0.036500,0.096718,-0.139065,0.036205,0.040184,-0.030837,0.024773,0.054192,0.036872,-0.039765,-0.108770,-0.036141,0.031176,-0.000000,0.018244,-0.054859,0.110491,-0.026170,0.022070,-0.083416,-0.019468,-0.029959,-0.034951,-0.059699,-0.055126,-0.018159,-0.040409,-0.022207,0.042912,0.070961,0.018436,0.005953,-0.030532,-0.008106,0.013496,0.028200,-0.009181,0.013984,-0.011889,-0.016758,0.040429,-0.017003,0.082477,0.070867,-0.034774,0.048568,0.032866,-0.008411,0.020250,0.021429,-0.003385,-0.050671,0.065966,0.044903,0.016835,0.021398,-0.068026,-0.044348,-0.046612,0.035414,0.007440,-0.018674,-0.019818,0.036329,0.009558,0.018276,0.042853,-0.041834,0.009809,-0.025162,0.013118,-0.027675,0.039146,0.042985,-0.004597,0.010977,0.063537,0.047837,-0.050623,0.006710,-0.013097,-0.008430,-0.033051,-0.006811,-0.008221,0.013974,0.003811,0.078137,-0.027268,0.020697,-0.000435,0.019258,0.014501,0.026404,-0.082005,0.007499,0.041901,0.034821,-0.015467,0.063004,0.060834,0.064818,-0.041600,-0.014423,-0.055726,0.017277,0.006761,-0.039893,-0.126781,0.000000,-0.077187,-0.017417,-0.046850,0.038492,0.000542,0.007754,0.022846,-0.015070,-0.049662,0.107557,0.119723,-0.040047,-0.044553,0.001762,0.021340,0.077250,-0.030196,-0.094661,0.023442,0.009435,0.011678,-0.006583,-0.081373,0.107994,-0.007121,0.041165,0.014409,-0.051827,-0.043823,0.048997,-0.039194,-0.129448,-0.073226,-0.023125,-0.034073,0.041990,-0.055432,0.003491,-0.024265,-0.024020,0.053403,-0.058362,-0.055527,0.192366,-0.043029,-0.009935,0.044201,-0.052449,-0.024786,-0.039932,-0.024507,0.011898,-0.054682,0.038444,-0.001593,0.007751,0.016074,-0.088629,-0.074273,-0.085954,0.080153,0.015721,-0.025244,-0.007408,-0.013179,-0.025171,0.007282,0.013158,-0.014301,0.039184,0.116275,0.004877,0.003077,-0.066767,0.018519,-0.013874,0.042936,-0.095937,0.012080,-0.077372,-0.064963,-0.018738,-0.036366,0.090417,0.063976,-0.015738,-0.002222,-0.020386,0.047058,0.055720,-0.024485,0.010116,0.042331,-0.048487,-0.031497,-0.000000,0.055099,0.104346,-0.021097,0.003937,0.098453,0.033815,0.106221,-0.060526,-0.034164,0.066136,0.101066,-0.114163,-0.012727,-0.121209,0.007218,-0.044495,-0.039356,-0.132242,-0.029094,0.059270,-0.020507,0.089144,0.011012,-0.010424,0.023494,0.013616,0.076800,-0.042410,0.104648,0.004994,0.030569,0.012607,0.014309,-0.070196,0.078423,-0.016433,0.016661,-0.016683,0.033548,-0.030657,0.012765,0.031034,0.008444,0.084296,0.020655,0.086404,-0.018973,-0.010518,0.013817,-0.121198,0.014578,0.079225,-0.067166,0.013943,-0.015656,-0.005848,0.017284,0.004948,0.008864,-0.061161,0.002488,0.063549,0.063692,0.005709
-0.059371,-0.051158,-0.016484,-0.101678,-0.016918,-0.077788,0.105921,0.049618,0.018733,-0.103686,-0.034193,0.027644,-0.027652,-0.007215,0.135713,-0.043157,0.111491,0.007546,-0.033084,0.028979,0.038974,0.042615,-0.045954,0.045522,-0.081467,-0.067961,0.019927,0.080943,0.023679,0.024888,0.007778,0.057643,0.122367,0.023227,0.001874,0.005169,-0.084309,0.008634,-0.051999,-0.031105,-0.058957,0.001349,-0.059841,0.050537,0.024865,-0.149097,-0.007228,0.048104,-0.011524,0.078750,-0.039800,-0.035157,-0.009728,0.053022,0.000620,0.024699,-0.017164,0.050392,0.004841,0.042793,-0.007002,-0.062771,0.016575,0.095246,0.007981,0.096047,-0.107553,0.034283,-0.038847,-0.112985,-0.063943,-0.012441,0.000641,0.012227,-0.044146,0.016380,0.060455,-0.023380,0.037307,-0.030308,-0.024778,-0.057890,-0.022868,-0.034328,0.002717,-0.008986,0.004330,0.005047,-0.064726,0.010761,-0.031690,0.035176,0.018694,-0.035269,-0.047603,-0.003315,0.008394,-0.049438,-0.044917,0.074591,-0.012834,-0.031927,-0.005376,-0.029428,-0.055877,-0.016474,-0.046026,-0.002291,-0.028981,0.060880,-0.116757,-0.014922,0.012898,-0.012783,0.069771,-0.022240,-0.012188,0.020676,0.057917,0.019254,-0.065150,0.043194,-0.023047,-0.054352,-0.008869,0.037404,0.031627,-0.000000,-0.014195,0.071729,0.036662,0.070154,0.041715,0.052656,-0.005704,0.012357,0.027288,-0.012257,0.060403,0.029911,0.078571,-0.075349,0.064246,0.040801,-0.055263,0.061867,0.005120,-0.027147,0.013031,-0.045695,-0.052904,0.112179,0.071218,-0.006772,0.085082,-0.009094,0.112671,0.004422,0.032391,0.007003,0.014902,0.050020,0.015993,0.003981,-0.033310,-0.082678,-0.006982,-0.014224,-0.024521,-0.004518,0.006931,0.007413,0.016927,0.032592,0.012296,-0.023999,-0.077359,0.054783,-0.056183,0.062128,-0.056595,0.114950,0.000810,-0.014225,0.039094,-0.073587,-0.016839,-0.002291,0.004009,-0.011596,-0.020422,-0.111111,-0.021025,-0.031044,-0.035937,-0.076618,-0.013086,-0.042749,-0.017021,0.047173,0.050757,0.015616,-0.107568,0.027747,-0.024957,0.119045,-0.017029,0.050799,-0.049366,-0.045628,-0.006643,0.039212,0.003386,0.058206,0.034151,0.014594,-0.061685,0.040474,-0.056422,0.079731,-0.005488,0.119286,0.028817,0.000000,-0.072626,0.030933,0.003506,0.051457,0.022593,0.008539,0.023270,0.007589,0.010493,0.069341,-0.070218,-0.001796,0.015981,-0.035298,-0.022380,0.041921,0.034629,-0.032883,0.031669,-0.001637,0.000563,0.044685,-0.097774,0.026089,-0.005796,-0.054050,-0.044391,-0.063626,-0.031365,-0.074870,-0.048365,0.012997,-0.111901,0.021002,-0.036636,-0.011054,0.006202,-0.044517,0.029795,0.011598,0.142035,-0.084219,0.026422,-0.005148,-0.029513,-0.049988,0.011433,-0.108471,-0.018457,0.033405,-0.051272,-0.006459,0.078229,0.006172,-0.048909,0.036504,0.151132,-0.039586,0.002195,0.005885,0.082947,-0.017635,0.079885,-0.012045,0.025153,-0.008722,0.037801,-0.000767,0.036691,-0.002651,0.036973,-0.033228,-0.009791,0.030413,-0.050070,-0.035728,-0.015931,-0.098293,-0.093309,-0.048032,0.045626,0.066616,0.051208,0.044615,0.029507,-0.016361,-0.002142,-0.025269,-0.003025,-0.094632,-0.100623,0.017390,-0.002615,-0.109627,-0.041999,-0.000000,-0.056881,-0.039968,0.084654,-0.016007,0.018540,-0.019513,-0.042210,0.001123,0.039768,0.022390,-0.079936,0.014277,-0.131284,0.081685,0.105426,0.006189,0.021097,-0.019621,0.007633,0.000207,-0.009581,0.102733,-0.002858,0.096757,0.048865,0.014486,0.037466,0.071363,0.001254,-0.026420,-0.059318,0.033470,0.027051,-0.002147,-0.020488,-0.010592,-0.066043,-0.039407,0.011036,0.007723,-0.011327,0.013458,0.039794,0.017275,0.090084,0.068111,-0.066353,-0.092896,-0.020586,0.091679,-0.072610,0.012492,0.097868,0.012362,-0.021711,0.035336,0.023404,-0.057116,0.052127,0.039250,0.020641,0.100571,-0.041356,0.030590
-0.087863,0.016842,0.057728,-0.017153,0.037066,-0.052046,0.014664,0.068829,-0.010002,-0.085986,-0.026416,0.089916,-0.048932,-0.054598,-0.103560,0.011946,0.088106,-0.019713,-0.024432,-0.021170,0.019159,0.067347,-0.073158,0.003684,-0.082686,0.115383,-0.026502,0.071628,0.087327,0.013502,0.074196,0.075779,-0.021829,0.039258,-0.069106,0.024072,-0.040800,0.063169,0.027763,0.053149,0.043208,-0.139172,0.012791,-0.045228,0.034059,-0.050471,0.012693,-0.042482,0.077886,-0.099787,0.031458,-0.004478,-0.044056,-0.007861,-0.003836,0.007357,-0.007609,0.010160,-0.027315,0.044325,0.035651,0.033520,-0.052661,0.067705,0.062097,-0.032273,0.007386,-0.048113,0.040357,-0.105129,0.029864,-0.001388,-0.029545,-0.017754,-0.021619,0.025675,0.009651,0.008720,0.032304,-0.053835,0.035645,0.002869,0.056034,0.021534,0.013459,0.032639,-0.008246,-0.088925,0.061975,-0.031353,-0.009956,0.012522,-0.130843,0.034971,-0.050144,0.030754,-0.040520,0.052740,-0.029510,0.060415,-0.012723,-0.011445,-0.044729,-0.101227,-0.096676,-0.043235,-0.013988,0.018996,0.000377,-0.007883,-0.026933,-0.032065,-0.013624,-0.008507,-0.115256,-0.001783,-0.001605,-0.014098,0.010355,0.018851,-0.016141,-0.002414,0.012175,0.008563,-0.027631,-0.014986,0.046342,-0.000000,-0.064317,-0.038494,-0.021652,-0.022043,-0.025017,0.029411,-0.051942,-0.018544,-0.036820,0.022300,0.070055,0.068600,-0.037636,0.083084,0.041707,-0.086139,-0.038205,0.058485,-0.003929,-0.053080,-0.017148,-0.006366,-0.012822,0.012177,-0.001679,0.063766,0.030838,-0.052595,0.078062,0.053741,0.045550,0.073293,-0.044039,0.021979,-0.029665,0.103080,-0.067611,-0.054402,-0.010057,0.031779,0.008395,-0.066494,0.042111,-0.033335,-0.023045,0.000578,0.043527,0.009716,0.027798,-0.050126,0.049462,0.043057,0.056529,-0.021495,-0.011979,0.056548,0.065154,-0.058148,0.032379,0.016127,-0.075449,0.046299,-0.085891,0.039512,0.021823,-0.009871,-0.018902,0.058371,0.044935,0.051317,0.005495,-0.001950,0.084568,0.046825,-0.034451,-0.033534,-0.028598,0.061465,0.025750,0.001517,-0.109550,-0.022763,0.006468,-0.094179,-0.063870,0.032295,0.000492,0.051056,-0.023300,-0.074124,-0.052850,0.008205,-0.079242,0.014388,0.043981,0.000000,-0.027737,0.030967,-0.068254,0.076703,0.094266,0.079715,0.066929,0.053375,0.017767,0.036669,-0.003888,0.019594,0.048876,-0.022830,-0.018728,0.035956,-0.095499,0.001727,-0.087459,-0.058622,0.000658,-0.008555,0.026358,0.074235,-0.051714,-0.055445,0.004989,-0.064839,-0.053705,0.032271,-0.042768,-0.003637,-0.047292,-0.056379,-0.097395,0.056718,0.017071,-0.071902,-0.089455,-0.088740,0.002255,-0.072759,0.103486,0.042495,-0.061080,0.020089,0.017894,-0.002783,0.055946,0.001827,0.066701,0.046359,0.021264,0.119242,0.016506,0.100962,-0.059547,0.002452,-0.098208,0.067337,0.083528,0.044216,-0.043951,-0.009791,0.005638,-0.017560,-0.067912,-0.040450,-0.024742,0.039481,0.068945,0.038188,0.035980,0.006601,-0.043261,-0.059622,0.100305,-0.039506,-0.084267,0.033264,0.016093,-0.085977,-0.008227,0.078435,0.029512,-0.108760,-0.036116,0.019396,0.043278,0.013748,0.000354,0.032800,-0.088430,0.032267,-0.059568,-0.000000,-0.018005,0.004493,0.047481,-0.061656,-0.056238,-0.044152,0.114848,0.054618,-0.038576,-0.076561,-0.043709,-0.001997,-0.095787,0.045528,0.084320,0.000714,0.009341,0.034286,-0.047401,-0.054663,0.047029,-0.065402,0.066114,-0.015772,-0.003427,0.015563,0.065667,0.017068,0.009585,0.034680,-0.071467,0.068147,0.032453,-0.014671,0.023565,0.120411,-0.032631,-0.023350,-0.040334,-0.030766,-0.041865,-0.037240,0.011472,0.005601,0.007345,0.070774,-0.093416,0.064003,-0.024885,0.046277,0.046028,0.032679,0.016555,0.033984,-0.012049,-0.001018,-0.028370,-0.069210,-0.002001,-0.051171,-0.065698,0.032368,0.124547,0.066388
-0.055232,-0.039930,-0.000682,0.023516,-0.019707,0.031711,-0.053792,-0.035059,0.044463,-0.035065,0.083916,0.127559,-0.033399,-0.018032,0.043656,-0.059030,0.049975,-0.054527,-0.023011,-0.048212,-0.065761,-0.096804,-0.037870,0.033912,0.106635,0.017905,-0.083802,0.081100,0.012472,-0.084302,-0.044521,0.064045,0.009578,0.006551,0.045367,-0.091136,0.030893,-0.059051,-0.001920,-0.022080,0.038316,-0.020275,-0.116237,0.042812,0.067696,-0.045120,0.018672,0.085881,0.041463,-0.028648,-0.010230,-0.062937,-0.062870,-0.025240,0.029913,0.103783,0.014265,0.029772,0.021528,0.070708,0.025885,-0.052885,0.000700,0.095854,0.052083,-0.014982,-0.018707,-0.022950,-0.066780,0.005932,-0.049474,-0.026805,0.012082,-0.007963,-0.036772,0.071062,0.034380,-0.004816,-0.010415,-0.030879,0.011317,-0.127331,-0.007111,-0.004699,-0.040330,0.002150,0.050633,-0.021834,-0.001859,-0.095130,0.033699,0.034334,0.059299,0.048669,-0.050146,-0.028180,-0.012976,0.065024,0.045762,-0.039944,0.007233,0.041856,0.029521,-0.013511,-0.026565,-0.089796,-0.024405,0.039827,-0.008385,-0.031076,-0.068650,0.054183,0.039082,-0.013959,-0.070959,0.176066,0.036364,0.124303,0.072013,-0.004341,0.035446,0.024089,-0.013449,-0.062301,-0.094714,-0.041007,0.000585,-0.000000,-0.103823,0.038204,-0.004000,-0.055583,0.013819,-0.033118,0.018846,0.053280,-0.049263,-0.021984,0.008656,-0.041767,-0.113391,-0.019237,-0.027917,-0.057488,-0.056980,0.039747,0.045993,0.023001,0.028222,-0.029273,-0.032197,0.041057,0.020297,0.070409,0.088096,0.067386,0.028529,0.020133,0.016109,-0.006430,-0.032298,-0.070712,-0.009825,0.036346,-0.030462,-0.022299,-0.013138,-0.034293,0.031844,0.060799,-0.056942,-0.067254,-0.031585,-0.027126,-0.025915,-0.013877,0.062416,-0.034115,-0.054788,0.053906,-0.021996,0.025114,0.039163,-0.081271,0.055173,-0.065277,-0.037905,0.041111,0.019958,0.032576,-0.019705,-0.023326,-0.060078,0.099954,0.003992,0.025826,-0.090766,0.157620,0.031359,0.004766,0.043051,-0.014658,0.049705,-0.052169,-0.079898,0.020710,0.055180,-0.036577,0.045300,-0.000687,0.009544,0.063404,-0.027127,-0.062512,0.027744,-0.002691,0.033721,0.056510,-0.041575,0.023981,0.062442,0.046673,0.068481,0.000000,-0.023389,-0.031435,-0.067041,0.073367,-0.082194,-0.005971,-0.055901,-0.007293,-0.010489,0.056232,0.024612,0.037009,-0.015692,0.011863,-0.031542,0.016607,0.040389,-0.063488,0.063181,-0.035867,0.031485,-0.044718,-0.010596,0.039015,0.006327,0.025381,0.069015,0.012441,-0.022843,-0.068004,-0.042965,-0.179577,-0.043363,0.009812,-0.021097,0.002815,-0.036243,-0.021983,0.041715,0.060349,0.020956,-0.011958,-0.023668,0.019032,0.001387,-0.007500,0.117075,-0.085756,0.074751,0.030335,0.009949,0.004981,0.033174,-0.000138,-0.133010,0.051740,0.025421,0.093348,-0.035655,0.015918,0.019304,-0.000448,0.005879,-0.031387,0.022766,-0.018187,0.054208,0.011801,0.023529,-0.011897,0.016023,-0.000314,0.037579,-0.023548,-0.058111,0.031925,-0.108572,-0.045149,0.020334,-0.084330,0.027990,-0.006874,0.022384,0.069086,0.021293,-0.019940,0.053657,0.043418,-0.045767,0.021184,0.016188,0.038031,-0.041597,0.115600,-0.012598,-0.000000,0.050902,-0.096522,0.040931,0.007108,0.106858,-0.010842,0.035971,0.076491,0.025351,0.032750,-0.098293,-0.000828,-0.038256,0.023542,0.005574,0.051545,-0.038751,-0.010212,0.014651,-0.076696,-0.037020,0.038486,0.096685,-0.023130,-0.038293,0.034482,-0.010311,0.039000,0.156554,0.016085,0.027915,-0.040519,0.068167,-0.055334,-0.041466,-0.064695,-0.057004,0.034421,0.060719,-0.054158,-0.038971,-0.049973,-0.075184,0.059968,0.040059,0.021991,-0.101458,-0.033507,-0.063652,-0.020460,0.007092,-0.080502,0.006237,-0.013086,-0.001725,-0.009615,-0.048742,-0.015424,0.016769,-0.016141,-0.006832,-0.080335,0.071515,0.068881
0.043416,0.076245,-0.013166,0.005062,-0.078618,0.000714,0.004164,-0.003967,-0.057744,-0.002062,0.101989,0.032972,0.033378,0.019224,0.059958,0.028107,0.042645,-0.058162,0.071948,-0.050239,0.017643,0.048508,0.020011,-0.004955,0.092871,-0.037025,-0.024919,0.038616,0.084801,-0.073329,-0.016567,0.048702,-0.018973,-0.056779,-0.043294,-0.019997,-0.028627,-0.034247,0.009017,0.034296,-0.032910,-0.030632,0.036420,0.072745,-0.030391,0.012134,-0.015858,-0.012197,0.050613,-0.037567,0.037761,-0.005615,-0.117555,-0.000799,0.114673,-0.037119,-0.023184,-0.019315,0.014617,0.136158,-0.058060,-0.011883,-0.133491,0.091080,0.006220,0.015435,-0.010503,-0.060476,-0.012898,-0.029082,-0.031528,-0.017994,0.043880,-0.063359,0.032356,-0.004070,0.029661,0.003727,0.065943,0.017712,0.032349,-0.030021,-0.010011,-0.021409,0.062543,0.051446,0.084556,0.008769,0.011101,0.036418,-0.062014,-0.044062,0.058534,0.089993,-0.075088,-0.033292,0.012454,-0.003278,-0.019798,0.127310,-0.050077,0.047104,0.016306,0.074657,-0.033561,-0.057210,0.011278,-0.013290,-0.030228,-0.040555,-0.029399,-0.018736,0.065815,0.083203,-0.020159,0.094434,-0.151240,0.039712,0.062838,-0.017261,0.039094,0.067275,0.043251,-0.024155,-0.099761,-0.058817,0.049382,-0.000000,0.031934,-0.065862,0.109401,-0.054520,0.021261,-0.085950,-0.026288,0.005346,-0.031411,-0.063859,-0.093587,-0.051347,-0.050017,-0.045027,0.044841,0.066208,-0.003256,0.050379,-0.056360,-0.011643,0.009953,0.014014,-0.012102,0.004451,-0.026760,-0.005171,0.043232,-0.017870,0.061507,0.067789,-0.024049,0.053421,0.013196,-0.023994,0.007398,0.015555,0.006385,-0.060666,0.069380,0.025822,-0.000828,0.020210,-0.072169,-0.050558,-0.031294,0.014892,0.012985,0.003077,0.009415,0.038296,0.020354,0.020927,0.020958,-0.051804,0.036407,-0.041498,0.010331,-0.001507,0.031987,0.042098,-0.005413,0.018371,0.022622,0.056390,-0.042788,0.012643,-0.020345,-0.013919,-0.051252,0.020250,-0.017647,0.045510,0.021905,0.094923,-0.044514,0.017915,0.005149,0.003040,0.001923,0.038948,-0.073484,-0.009663,0.031924,0.063156,0.007570,0.080057,0.083430,0.052038,-0.048027,0.007377,-0.039803,0.008925,-0.003413,-0.027403,-0.142340,0.000000,-0.078834,-0.019635,-0.017251,0.059321,-0.001562,0.023768,0.034841,-0.013598,-0.034579,0.078259,0.110326,-0.052531,-0.064244,0.002170,0.006358,0.095588,-0.023795,-0.064044,0.027973,0.041369,-0.003948,-0.011095,-0.087634,0.103288,-0.002832,0.040563,0.006347,-0.039019,-0.058905,0.048407,-0.026341,-0.127828,-0.069665,-0.018994,-0.040725,0.020633,-0.030382,-0.012381,-0.001087,-0.018808,0.031802,-0.051862,-0.058059,0.189348,-0.065855,-0.024026,0.081820,-0.061813,-0.035360,-0.052578,-0.033490,-0.019310,-0.039383,0.040768,-0.017410,0.009772,0.030855,-0.057979,-0.033013,-0.093661,0.079476,0.017833,-0.002586,0.001477,0.010454,-0.016479,-0.014958,0.026892,-0.015552,0.071376,0.094111,-0.002731,-0.040732,-0.074689,0.024207,-0.040725,0.032050,-0.071262,0.029262,-0.073161,-0.040970,-0.039341,-0.012454,0.102841,0.044358,-0.032023,0.006374,-0.019792,0.054054,0.052808,-0.034941,-0.004531,0.028622,-0.065671,-0.054579,-0.000000,0.058285,0.077374,-0.016069,0.025201,0.092503,-0.014941,0.112059,-0.092189,-0.037571,0.067977,0.095795,-0.096222,-0.005589,-0.125021,-0.016372,-0.051432,-0.061593,-0.092596,-0.039385,0.042569,-0.040322,0.095856,0.047059,0.002159,0.028380,-0.009048,0.035931,-0.035899,0.096946,0.000636,0.051317,0.018364,-0.002208,-0.060201,0.087035,-0.001532,-0.017307,-0.021468,0.029577,-0.077119,0.027201,0.025575,-0.024144,0.060750,0.005700,0.100317,-0.051284,-0.016392,0.031093,-0.124829,0.016649,0.067393,-0.075251,0.026147,-0.007862,0.012473,0.014778,-0.009846,0.018995,-0.028601,0.005732,0.042432,0.026982,0.008511
0.087324,-0.060277,-0.007977,-0.016258,-0.045501,0.034642,-0.012854,0.043106,0.057506,-0.052069,0.060955,0.042223,-0.022316,-0.009925,-0.025989,-0.045336,0.096807,-0.121221,-0.079424,0.016937,0.078634,-0.013023,0.014854,-0.050193,0.077384,-0.101893,0.009890,-0.033030,0.017646,0.005867,-0.049865,0.036286,0.063162,-0.007848,0.011829,-0.042679,-0.041329,0.023065,0.002638,0.063907,0.015814,-0.028196,-0.048470,-0.039597,0.046823,0.008572,-0.052484,0.026240,-0.047372,0.115412,0.002727,0.012692,-0.012695,0.109965,0.020978,-0.041458,-0.001560,0.034552,0.015234,0.079807,-0.050537,-0.057890,-0.070806,0.045355,0.101694,0.031500,-0.082241,-0.093096,-0.049462,-0.057672,-0.051718,-0.030309,-0.043903,0.031476,0.003568,-0.039839,0.048011,0.033353,0.014937,-0.099555,-0.018163,0.042202,0.016132,-0.047110,0.021101,-0.064815,0.010965,0.094837,0.068630,0.059773,0.017623,-0.035534,-0.004806,-0.049498,-0.055216,-0.001951,-0.061046,0.022860,0.072989,-0.012003,-0.029555,0.003441,0.038166,0.008741,-0.059496,-0.045311,-0.022331,-0.008687,-0.045240,0.016520,-0.088948,0.012702,0.068049,-0.046629,-0.026808,0.012948,-0.040116,0.016745,0.145280,0.040188,0.050789,0.081575,-0.001892,-0.098371,-0.173256,-0.062238,-0.015545,-0.000000,-0.014786,0.025610,0.024347,0.094356,0.038222,-0.030893,0.016500,-0.001501,0.064749,0.086858,-0.020035,0.087489,0.003386,-0.000749,0.048431,0.031057,-0.018272,0.121317,0.003124,0.034769,0.001296,-0.020192,-0.017024,0.022932,0.046639,-0.037056,-0.021503,0.038467,0.003637,-0.012446,0.105095,0.034452,0.075607,-0.052637,0.052668,0.047099,0.025320,-0.015678,0.027048,-0.035402,-0.064757,0.005412,0.058711,-0.012287,-0.073606,-0.007490,0.045482,-0.014741,-0.007732,0.083023,-0.054320,0.020485,0.049320,-0.011142,0.056867,0.014595,0.038674,-0.050708,-0.008897,0.084138,-0.003563,0.041744,-0.000283,0.043571,-0.011520,0.112206,-0.013263,0.042037,0.014995,-0.018902,0.040602,0.020815,-0.018608,-0.042742,-0.060234,0.002005,0.008595,-0.066435,0.076237,0.087322,-0.096452,0.025719,0.035724,-0.021782,0.016465,0.029412,0.042199,0.022685,-0.048583,0.001503,-0.016957,-0.023354,-0.016372,0.067211,0.042695,0.000000,-0.050332,0.025087,-0.024459,0.068919,0.056884,0.006540,0.041899,0.092065,0.024855,0.075044,-0.140787,-0.031759,-0.007855,0.020522,-0.029019,-0.036636,0.016674,-0.047781,-0.006910,-0.024628,0.014173,0.008051,0.033795,0.048434,-0.007582,0.017290,-0.071406,-0.067930,-0.039341,-0.048877,-0.045065,-0.084192,-0.112912,0.082138,-0.102355,-0.090497,-0.024478,-0.009041,0.058486,0.067609,0.051180,-0.028991,0.055926,0.069038,-0.023636,-0.024427,0.019935,-0.159270,0.074147,-0.100829,-0.038591,0.036269,0.002131,0.028021,-0.080034,0.035096,0.032344,-0.058064,-0.045766,0.020013,0.076557,0.023863,-0.044050,0.085892,-0.058339,0.032053,0.022419,-0.050899,-0.007671,-0.023160,0.015229,-0.046402,-0.024602,-0.059285,-0.147678,-0.018294,0.095091,-0.059999,-0.016409,-0.022692,-0.053157,-0.067638,-0.028141,0.041042,-0.033083,-0.108774,0.037349,-0.062668,-0.000195,0.049050,-0.084981,-0.075525,-0.045125,-0.014646,-0.071812,-0.000000,-0.038354,0.041504,0.033104,-0.010797,0.054146,-0.004712,0.071522,-0.014762,0.016697,0.025979,0.042944,-0.024135,-0.071319,-0.031015,0.008739,0.014001,0.038130,-0.000533,0.007863,0.022706,0.013693,0.066351,0.012093,-0.026477,0.003937,-0.030036,0.014763,0.089320,-0.004303,0.011503,0.034688,0.051208,0.026578,-0.050332,-0.012712,0.001299,-0.020363,-0.042312,0.016459,0.022234,-0.044519,-0.075784,0.050798,0.046925,0.042646,0.037458,-0.142579,0.032927,0.001055,-0.052794,0.080718,0.029831,0.012586,-0.056360,0.025963,-0.006204,0.056107,-0.051717,-0.010278,-0.049854,-0.028132,-0.041273,0.029781,-0.009999
0.046680,-0.059741,-0.026122,-0.020772,0.107416,0.043631,0.000742,0.074348,-0.053623,-0.068285,-0.031601,0.015020,-0.004986,-0.005763,0.052283,-0.004801,0.052381,-0.052071,-0.076291,-0.086731,0.018016,-0.001512,0.100301,0.016041,-0.030761,0.010724,-0.063623,-0.009521,-0.029103,-0.058498,-0.044724,0.044600,0.025065,-0.059435,0.006006,0.001930,-0.079833,0.001102,0.041217,0.026778,0.005379,-0.071379,-0.097350,0.018045,-0.013839,-0.040258,0.033725,0.013371,0.062464,0.036200,-0.074529,0.025961,-0.008675,-0.013249,0.064315,-0.083636,-0.055506,-0.048443,-0.020986,-0.125721,0.042215,-0.020588,-0.015420,-0.065155,-0.034531,-0.066843,-0.089294,-0.006810,-0.050085,-0.024643,0.020179,-0.043745,0.036649,-0.000030,-0.030644,0.070028,0.081153,0.032841,0.056185,-0.031875,0.022779,-0.065630,-0.072080,-0.053554,0.007262,-0.003002,0.009247,0.016439,0.003095,0.030161,-0.026524,-0.026495,0.041699,-0.028469,-0.054753,0.053526,-0.003857,-0.005733,0.071767,-0.020055,-0.029405,0.061643,-0.006048,-0.130575,-0.090210,-0.054709,-0.037304,0.129312,0.017107,0.005930,-0.078813,-0.033538,-0.027923,0.002026,-0.031495,-0.037361,-0.012201,-0.084710,0.050347,0.030905,-0.023105,0.058718,0.072907,0.062723,-0.086455,0.041912,-0.086388,-0.000000,-0.077564,0.022789,-0.034842,0.039911,-0.135207,0.030185,-0.034883,-0.002598,0.032215,-0.010013,-0.070013,0.043871,-0.023388,0.062819,0.042336,-0.028262,0.008226,0.031356,-0.002920,-0.088205,-0.120143,0.056857,-0.057365,0.012920,0.026841,0.007879,0.000275,0.017897,-0.076647,-0.008449,0.044445,0.067761,0.033264,-0.096710,-0.037355,0.046685,-0.021368,0.017113,0.012483,0.033784,-0.053960,0.064927,0.031992,0.029552,-0.005125,0.063587,-0.030214,-0.013340,-0.003850,-0.006513,-0.073499,0.016894,0.010706,0.045196,-0.019508,0.015629,-0.025388,-0.082038,0.076647,0.011274,-0.048988,0.112090,-0.009450,-0.028819,-0.029446,0.088831,0.037666,-0.024574,-0.053601,0.144121,0.042942,-0.034771,0.014609,-0.067758,0.099965,-0.011037,0.041515,0.009970,0.051556,0.004802,-0.026391,0.000667,0.029502,-0.031622,0.029504,0.009136,-0.032185,-0.072732,-0.020618,0.069397,0.043618,-0.054133,-0.039250,0.046518,-0.004255,-0.000000,-0.021748,0.075125,0.091190,0.059988,0.004041,0.012122,-0.023421,-0.117858,-0.019620,0.103790,-0.034385,0.026367,0.033817,0.063907,-0.128210,0.078313,0.090601,0.025514,0.020206,-0.132900,0.012904,0.029567,-0.077233,0.106523,-0.048611,0.007170,-0.042258,-0.041637,-0.005429,-0.121342,-0.001749,-0.009461,-0.019469,-0.003664,-0.041956,-0.032961,0.020663,0.013855,0.049710,0.016491,0.025132,-0.050927,0.022916,0.034051,-0.059952,-0.074959,0.095202,-0.003577,0.084380,0.022872,0.046792,0.001166,-0.043222,-0.047302,-0.054311,0.117566,0.059574,0.050474,-0.021956,0.041658,0.073499,0.061379,0.055665,-0.030114,0.007620,0.006573,0.025955,0.003393,0.027899,-0.001240,0.053290,0.003565,-0.031806,0.036606,-0.115185,-0.059085,0.029710,-0.028658,0.003489,0.019499,0.025994,-0.032621,0.001037,-0.056828,0.031575,-0.000299,-0.000719,-0.042954,0.005170,0.042845,-0.044118,0.007807,-0.076419,0.008854,-0.004813,-0.000000,-0.021404,0.010666,0.021314,0.089780,0.001420,0.071656,-0.034221,0.083866,0.016535,-0.035726,0.033141,0.034481,-0.070231,0.039089,0.013922,-0.057370,-0.005828,0.048378,0.030197,-0.025080,0.061051,0.082707,0.038295,-0.019904,-0.031708,-0.039354,0.072224,0.084573,0.023654,-0.008248,0.055329,-0.008986,0.002732,-0.037310,0.059342,-0.033719,-0.010591,0.011339,-0.083257,0.057487,-0.015397,-0.011588,-0.008967,0.059911,-0.103408,-0.005924,-0.134166,0.000371,0.017343,-0.002313,0.112659,-0.035740,0.015616,0.001958,0.011810,-0.014498,-0.070413,-0.045983,0.008928,-0.061224,0.058825,-0.043305,0.052710,0.104399
0.054461,-0.057673,0.111317,0.019387,0.015516,-0.044389,-0.025117,0.047563,0.003670,-0.131352,0.031485,0.069597,-0.063892,-0.014286,-0.018080,-0.020649,0.059810,-0.073209,-0.077936,0.024114,-0.038740,0.014679,0.053844,0.016528,-0.063968,0.088740,-0.056251,0.060158,0.007294,0.027985,0.046757,0.090096,-0.030393,-0.045665,-0.051405,0.023732,-0.051366,0.029846,-0.023026,0.072051,0.007075,-0.117078,-0.006487,-0.073722,-0.005862,0.031898,0.015482,-0.047697,0.089925,-0.025195,-0.017978,0.052104,-0.065599,-0.082950,0.083866,0.009158,-0.061578,-0.021205,-0.058354,0.076075,-0.058457,0.031727,0.012078,0.023915,0.005796,-0.064201,-0.013750,-0.055014,0.025834,-0.037182,-0.038013,0.042916,-0.014257,-0.001740,-0.028295,0.084299,0.008308,0.006944,0.050165,-0.058425,0.030843,0.003792,0.032964,0.008975,-0.029420,-0.050612,0.028054,-0.061706,0.024217,0.039859,0.065613,-0.001431,-0.027411,0.021099,-0.039515,0.068038,-0.010359,0.088075,-0.132390,-0.002931,-0.001516,-0.051278,-0.036973,-0.021991,-0.028663,0.068053,-0.070537,0.042374,-0.029701,-0.004035,-0.068324,-0.016504,-0.030337,-0.029152,-0.056329,0.045660,0.001819,-0.106901,0.020147,0.096652,0.005131,-0.075717,0.014062,0.012500,0.000687,-0.014523,0.111763,-0.000000,-0.021788,0.006969,0.031229,-0.027078,-0.066865,0.067706,-0.067807,-0.021178,0.045724,0.003914,0.030739,0.053987,-0.022675,-0.040086,-0.017765,-0.062901,-0.136086,0.043387,-0.018431,0.015673,-0.012457,0.038753,-0.048717,0.009761,0.013320,-0.041810,0.057156,0.006228,-0.018147,-0.000384,0.011199,-0.003907,0.033020,-0.068644,-0.048664,0.085186,0.032044,-0.039645,-0.057487,-0.064756,-0.071845,0.026939,0.027653,0.009707,0.002930,0.032499,0.026517,-0.003844,-0.107479,-0.117669,0.018039,0.051795,0.024979,0.021921,0.043844,0.007247,0.030652,0.069847,-0.002152,0.005125,-0.010783,0.084118,-0.035255,0.038742,0.038561,0.080396,0.056636,0.088955,-0.043428,0.119169,0.031870,0.020135,0.007480,0.026967,-0.065664,-0.002512,0.009333,-0.008139,-0.010940,-0.016119,-0.065892,0.063742,0.062730,0.052896,0.041002,0.040479,0.025528,0.114559,0.036395,-0.056193,-0.011164,-0.004824,0.085578,0.028068,0.017998,0.000000,-0.078349,0.069746,0.033740,0.061665,0.079717,0.002389,0.062997,-0.024446,0.018458,0.042939,-0.059482,0.030740,0.050283,-0.019520,-0.004460,-0.029201,-0.082276,-0.029139,-0.078773,-0.022119,-0.014110,0.132280,-0.020876,0.125883,-0.117061,0.018340,-0.115039,0.015695,-0.014180,-0.050613,-0.001960,0.029478,-0.045347,-0.005733,-0.062030,0.013336,-0.054910,-0.033149,-0.031536,0.075349,0.062929,-0.064169,0.044462,0.023880,0.007095,0.035097,0.022039,-0.077728,0.049887,-0.004089,-0.091071,-0.028550,-0.046548,0.055571,-0.062139,0.019185,0.092808,-0.125862,-0.131028,-0.015226,0.046883,-0.027877,-0.039652,0.043075,-0.034510,0.025570,-0.022914,-0.052305,0.018643,0.013596,-0.043815,-0.058432,-0.072168,0.024570,0.027713,-0.013084,0.107129,0.030525,-0.036479,0.074434,0.022270,-0.051044,-0.020019,-0.055212,0.051618,0.051565,-0.033916,-0.060343,-0.005287,0.023838,-0.076969,-0.000865,-0.135010,-0.071886,-0.092277,-0.000000,-0.017278,0.076549,0.111722,0.071427,0.021515,-0.090117,-0.012351,0.110000,0.040586,0.042217,-0.011383,0.059533,0.010518,0.004562,0.011446,-0.009831,-0.031636,-0.012069,-0.004492,0.023718,0.014724,-0.013693,0.003045,0.025512,-0.041086,0.046387,0.011452,0.025858,-0.027437,0.065779,0.035171,-0.022401,0.044822,0.007033,0.042703,-0.068764,0.017191,-0.000362,-0.085661,-0.004748,-0.028738,-0.049780,-0.004094,0.064863,0.049649,-0.006357,0.007033,-0.000767,0.047821,-0.042769,0.064118,-0.007165,0.027807,0.004626,0.059375,-0.007834,-0.063920,0.039063,-0.023315,-0.046360,-0.037913,-0.047966,0.055633,0.047133
0.126116,-0.047644,-0.021155,-0.069326,0.033414,-0.038241,0.025649,0.039255,0.002747,0.012620,-0.082482,0.000904,-0.041662,0.029648,0.066002,-0.023267,0.039340,-0.024050,-0.098918,-0.041540,-0.095961,0.006494,0.023116,-0.010874,0.023981,-0.025246,-0.010104,-0.001872,-0.010616,-0.065079,-0.086767,0.048635,0.060065,-0.013790,-0.004872,0.017295,-0.106021,-0.003138,0.084633,0.058731,-0.018424,0.006999,-0.096724,0.020427,-0.053409,-0.051132,0.009521,-0.005161,0.067010,0.073535,-0.087827,0.034130,0.007038,0.010651,-0.018283,0.035279,-0.048193,-0.038176,-0.010303,-0.056833,-0.026897,0.008373,0.023166,-0.022208,0.008641,-0.059489,-0.075703,0.067152,-0.109284,-0.062756,0.071333,-0.045519,-0.006496,0.064920,0.057405,0.075508,0.037503,0.061582,0.094005,-0.041682,0.065089,-0.070962,-0.015374,0.015895,0.017127,-0.000890,0.018998,0.024250,0.038273,-0.006849,-0.000459,-0.131252,-0.013918,0.006171,-0.000977,0.064963,-0.063707,-0.023600,-0.066870,0.011585,-0.064565,0.052892,0.051516,-0.008831,-0.068491,-0.065874,0.001659,0.065448,0.024179,-0.034916,-0.034985,0.004466,-0.053515,0.003174,0.033247,-0.068608,-0.002334,-0.003064,0.026495,-0.011214,-0.008521,0.128237,-0.083856,0.017818,-0.057263,-0.054038,-0.051541,-0.000000,0.023994,0.059886,0.013941,0.035771,-0.070018,0.016801,-0.017410,0.034008,-0.007538,-0.012077,-0.012758,0.024437,0.073822,-0.035628,0.051607,-0.004130,-0.042118,0.024219,-0.023281,-0.030132,-0.046287,0.031180,-0.110481,0.002515,0.041553,-0.033225,-0.030792,0.050001,-0.030042,-0.012949,0.022892,0.038792,0.002973,-0.051355,0.009508,0.028356,0.003328,-0.001035,0.019983,0.007056,-0.127341,0.026378,0.000567,-0.007868,0.029483,0.041158,0.048674,-0.044920,-0.016985,-0.001442,-0.008904,0.039541,0.001138,0.019060,-0.001746,-0.008711,0.010909,-0.042785,0.037708,0.011792,0.005045,-0.024790,-0.049199,0.017988,-0.019166,0.097756,0.051331,0.032170,-0.026471,0.116159,0.037780,-0.004683,0.024459,-0.036207,-0.036394,0.044683,0.046678,0.029109,0.131025,-0.046986,-0.084414,-0.035118,-0.009522,-0.048340,0.063120,0.075443,0.083764,-0.040214,-0.034843,0.019841,-0.000592,0.015891,-0.052749,0.076943,-0.059832,-0.000000,-0.083681,0.046547,0.032664,0.075129,0.024297,0.004339,0.061366,-0.078493,-0.022198,0.161767,-0.022175,0.024055,-0.039064,0.039311,-0.084339,-0.029436,0.069278,0.044048,-0.031376,-0.040712,0.034091,0.108601,-0.065121,0.170189,0.006086,0.036543,-0.139579,-0.061449,0.002587,-0.071419,-0.059564,-0.026499,-0.083635,-0.027521,-0.096640,-0.014237,-0.068739,-0.039654,0.056075,0.024577,0.033221,-0.083998,-0.063323,0.029071,-0.021006,-0.052178,0.117092,0.006530,0.015501,-0.038265,-0.036878,-0.010868,-0.012205,0.022650,-0.023381,0.120213,0.053879,-0.048755,-0.015461,0.030374,0.107614,0.089609,0.044073,0.026600,0.018240,0.007988,-0.005677,0.088853,-0.029608,-0.023326,0.031487,0.016598,0.015456,0.046077,-0.107236,-0.018644,0.071769,-0.015373,0.030103,0.061872,0.097924,-0.065151,-0.036509,-0.043526,-0.003932,-0.009875,0.017606,-0.072415,0.022968,-0.009413,-0.123650,-0.040308,0.024919,-0.016351,-0.029910,-0.000000,-0.056138,0.032842,-0.002111,0.035791,-0.035377,0.005114,-0.047088,0.044297,0.068252,0.019681,-0.026478,-0.060693,-0.121793,0.061921,0.050775,-0.010819,0.024806,0.047345,-0.002571,-0.016907,0.066257,0.081590,0.025491,-0.004829,0.007505,0.032749,-0.003323,0.062373,0.036288,-0.012348,0.013402,-0.008332,0.053505,-0.031108,0.049900,-0.015961,-0.007361,-0.018572,-0.029008,0.041539,-0.058986,-0.018923,-0.016299,0.065951,-0.031921,-0.022375,-0.099079,0.032510,0.014131,-0.036712,0.095502,-0.008421,0.054441,-0.003215,0.013259,-0.030252,-0.028116,-0.032112,-0.114584,-0.066678,0.034806,-0.082726,0.026076,0.085282
0.075710,-0.029666,-0.020565,-0.006855,-0.071016,-0.037643,-0.010468,0.135715,0.023694,-0.001807,0.028778,0.023876,0.028332,0.038410,0.057204,0.038657,0.082503,-0.080398,-0.030112,-0.002722,0.015510,0.014618,0.091347,0.014743,0.136308,-0.080220,-0.021142,0.072081,0.030547,0.044845,-0.030378,0.071777,0.039697,-0.102075,0.010046,-0.016106,0.025116,0.021662,0.012144,0.017003,0.005960,0.037381,0.050400,0.046142,-0.102750,0.035383,-0.110912,-0.005938,0.012442,0.018233,0.029808,0.040304,-0.035459,0.012419,0.013559,0.017183,0.001835,-0.032711,0.050019,0.006415,-0.068297,0.003499,-0.060697,0.043814,-0.070492,-0.078003,-0.004692,-0.116869,-0.036232,-0.025491,0.012758,0.004523,0.029735,-0.033051,-0.039810,-0.062022,-0.007037,0.038627,0.044798,0.001176,0.064978,-0.040811,-0.064005,0.051108,-0.025607,-0.022672,0.120459,-0.026193,0.000793,0.099804,0.034207,-0.010009,-0.004228,0.054986,-0.048615,0.000566,-0.013316,0.029282,-0.053341,0.106516,-0.067661,0.040413,-0.073908,0.005646,-0.025419,-0.005598,0.010896,0.011512,-0.001683,0.003665,-0.005558,-0.021917,-0.013469,0.027201,0.015738,0.021689,0.032104,0.021908,0.020775,0.012378,0.053680,0.018933,-0.010115,0.008723,-0.039463,-0.027859,-0.038249,-0.000000,0.090375,0.106036,0.069772,-0.092007,0.040926,0.016720,-0.069486,0.012964,-0.017662,0.047835,-0.102520,0.026749,-0.018707,-0.060299,-0.007711,-0.027789,-0.067412,0.011585,-0.047986,-0.017712,0.004652,-0.068590,-0.011040,0.040035,0.017601,0.012399,0.007563,0.001876,-0.026499,-0.000591,-0.011793,-0.028861,0.044688,-0.063213,0.018526,0.043740,0.069154,-0.043631,-0.005332,0.027406,-0.025459,0.018790,-0.036649,-0.081984,-0.013487,-0.002541,0.006617,-0.110476,-0.029595,0.011992,-0.066744,-0.009072,0.062883,-0.068936,0.041457,-0.038404,0.070958,0.032252,0.069427,0.018662,-0.015041,0.063301,0.050248,0.043124,-0.057601,0.088068,0.009162,0.010994,-0.028074,0.097921,-0.010655,-0.020472,0.036562,0.002142,-0.094633,0.050821,0.034991,-0.112835,0.052747,0.059437,-0.085879,-0.018977,0.062495,-0.064000,0.020292,0.009219,-0.034584,0.061705,0.003670,-0.036536,0.021125,-0.069285,0.040867,-0.070499,-0.080879,0.000000,-0.022862,-0.011542,0.063384,0.098681,0.005154,-0.022097,0.116765,0.044457,-0.094988,0.026143,0.058071,0.004244,0.080851,0.005811,0.118027,0.023451,0.029856,0.004314,0.022294,-0.035914,0.001034,0.094030,-0.005259,0.182910,-0.006022,0.004870,-0.005862,-0.006918,-0.007679,-0.053149,0.001391,-0.075115,-0.024479,-0.043934,-0.001947,-0.008997,0.027571,-0.077231,0.023778,-0.027631,0.013504,-0.031608,-0.034054,0.076907,0.004772,0.031302,0.082713,0.009205,0.097622,-0.039668,-0.060143,-0.017563,-0.043817,0.090154,-0.037990,-0.038985,0.045668,0.046129,0.009994,-0.090218,0.101069,0.035495,-0.019652,0.017762,-0.025455,0.046035,-0.048264,0.045513,0.008850,0.016791,-0.008834,-0.073417,0.031856,-0.000410,-0.039596,-0.068309,0.166298,0.020989,0.025603,-0.001637,-0.096423,-0.031195,0.002201,0.008945,0.013933,0.002776,0.012622,-0.026864,0.053973,0.016740,-0.101334,0.004273,0.006977,-0.127959,-0.069429,-0.000000,0.007898,0.034362,-0.043620,0.007735,0.081303,0.077330,-0.002817,0.020527,-0.014179,0.033717,0.131878,-0.035332,-0.037196,-0.077321,0.025949,0.006420,-0.046977,-0.036141,0.027032,-0.019203,-0.004100,0.097721,0.071897,-0.009533,-0.006556,0.004774,0.011409,0.104969,-0.033246,-0.039712,0.057129,-0.016049,-0.043866,-0.030780,0.082249,-0.000189,-0.060484,0.058178,-0.010165,-0.023065,-0.078343,-0.089878,0.018922,0.032312,0.040024,-0.006985,-0.020098,-0.039454,0.063227,-0.084674,0.048332,0.127530,-0.018762,-0.003241,0.047042,-0.037443,-0.014718,0.006763,-0.130660,0.038445,0.016532,-0.038211,0.006313,0.009972
0.150029,-0.034147,-0.002550,0.012146,-0.023655,-0.049650,0.016019,0.092945,-0.013765,0.034154,0.043844,-0.005248,0.005258,0.080448,0.023109,0.080670,0.072192,-0.082786,-0.089291,0.004375,-0.039653,-0.030495,0.054485,-0.024832,0.121913,-0.005815,-0.031713,0.046855,-0.037555,0.010445,-0.113647,0.000991,0.009083,-0.076785,-0.068613,-0.022609,-0.098515,0.018899,0.008043,0.004302,0.024948,0.032336,-0.102394,0.070097,-0.102195,0.015790,-0.048204,0.018499,0.029262,0.066212,-0.015381,0.047716,-0.040211,-0.017896,0.007010,-0.047301,0.080183,-0.012181,0.039966,-0.059097,-0.040463,0.040986,-0.016130,0.009678,-0.018001,-0.049978,-0.030753,-0.039927,-0.064733,0.003409,0.021526,0.004646,0.076472,-0.038469,-0.034732,0.011236,0.027803,0.002339,0.027342,-0.022705,0.044367,-0.016149,0.030437,0.009324,0.032403,-0.023265,0.074954,0.004429,0.031748,-0.058169,-0.107325,-0.055112,-0.061099,-0.029134,0.004228,0.108211,-0.048622,-0.035372,-0.081755,0.048836,-0.094290,0.010029,0.013329,-0.074567,-0.037177,-0.036991,0.079335,0.047081,0.002125,0.008772,-0.012004,-0.001673,-0.008800,0.063368,0.039705,-0.059440,0.027294,0.028477,0.080924,0.041279,0.034466,0.054877,-0.011490,-0.028621,0.017349,-0.042075,-0.062769,-0.000000,0.077387,-0.006617,-0.037351,-0.026522,0.008201,-0.040299,-0.007685,0.072775,0.009033,0.066191,-0.132570,-0.084584,-0.006898,0.013765,0.006174,-0.044302,-0.093826,0.087477,-0.071995,-0.032618,-0.079881,0.067236,-0.019997,0.016252,0.045807,-0.036110,0.007453,0.011748,-0.014278,-0.015939,-0.003679,0.056119,0.024913,-0.100362,0.059079,0.038865,0.085007,0.042650,-0.024570,0.063618,-0.067432,-0.021128,-0.006590,-0.066001,-0.082317,-0.012858,0.030939,-0.078778,-0.008142,0.062563,-0.040956,0.051848,0.037549,0.035421,-0.012185,-0.030440,0.011181,-0.032231,0.058502,0.067443,0.035467,0.043683,0.008992,-0.039917,0.003657,0.052905,-0.028522,-0.033505,-0.012514,0.146791,0.008836,0.011082,-0.045411,0.004283,-0.076025,0.024025,-0.010224,-0.015731,0.082081,-0.002678,-0.052091,-0.061333,0.001227,-0.109155,0.042687,0.014527,0.079660,-0.002427,-0.038105,-0.019895,0.017948,-0.052320,0.020205,-0.039571,-0.063417,-0.000000,-0.110785,-0.028892,0.068992,0.146604,-0.003096,0.008482,0.016347,0.024116,-0.077671,0.092977,0.013300,0.079760,0.015135,-0.003655,-0.039441,0.027431,0.033102,0.037063,-0.019470,-0.014862,0.033493,0.052681,0.027642,0.198063,0.005179,0.025059,-0.039325,0.010867,-0.000204,-0.032150,-0.003000,-0.013312,-0.012656,-0.064151,-0.108367,-0.046836,0.001615,0.076858,0.060893,-0.069395,0.027178,-0.092612,-0.082977,0.067988,-0.004523,0.035369,0.110985,-0.046120,0.010644,-0.036841,-0.015288,0.000989,-0.059008,0.061042,-0.055754,-0.012034,0.003312,-0.031661,-0.034426,-0.023492,0.034077,0.088161,0.043446,-0.009567,0.053869,-0.004824,-0.000743,0.060190,-0.001091,0.065372,0.039307,-0.022061,-0.013553,0.048242,0.059245,-0.016158,0.117373,0.028792,0.033811,-0.012423,-0.041951,-0.115853,-0.001689,-0.053715,-0.072957,-0.052165,-0.012654,-0.059239,0.073381,0.020187,-0.057767,-0.025294,-0.013909,0.018810,-0.006887,-0.000000,-0.020305,0.036161,0.036674,0.034725,0.021770,0.077457,-0.012114,0.029186,0.003433,0.076087,0.048920,-0.025613,-0.109141,-0.029204,-0.071276,-0.048170,0.057209,0.060405,0.037342,0.026051,-0.016364,0.036892,0.047937,0.026398,-0.017733,0.040376,0.052586,0.118357,0.015785,-0.036692,0.000069,-0.047580,-0.023318,-0.003250,0.060483,0.001541,-0.060187,-0.006107,-0.002416,0.019021,-0.008216,-0.059029,-0.000005,0.025348,-0.012708,-0.004104,-0.033382,-0.010478,0.053001,-0.104665,0.136445,0.040261,-0.046316,-0.010910,-0.025029,-0.023290,0.028023,-0.079822,-0.048715,-0.001644,0.024304,-0.024791,0.057625,0.011576
-0.129198,0.035191,0.014236,0.033648,0.035818,0.028737,0.116457,-0.021013,-0.090361,-0.106221,0.037583,0.090524,-0.025750,0.070183,0.077335,0.053922,-0.057031,-0.089543,-0.045250,-0.004972,-0.058613,-0.007364,-0.055836,0.032232,0.028646,-0.007110,-0.042122,0.027520,-0.031003,-0.032395,-0.005393,-0.001624,0.021046,0.015999,-0.014030,0.036680,-0.040233,-0.031001,0.051573,-0.003784,-0.003108,-0.058880,-0.039140,0.065288,0.009012,0.013795,-0.054921,0.044962,0.059790,-0.074304,-0.019424,0.011446,-0.002298,0.020413,0.145074,-0.060270,0.055197,0.011534,0.002813,0.048430,0.019921,-0.025219,-0.135478,0.146013,0.011989,0.004409,-0.079716,-0.143145,-0.023307,0.004519,-0.011278,0.020299,0.111782,-0.087239,0.031544,0.036714,0.013743,0.031676,0.064929,0.034032,-0.009172,-0.008975,-0.048108,0.001839,0.006504,-0.041871,0.100288,0.056360,0.057070,0.054436,-0.003319,-0.035322,0.066327,-0.016536,-0.074169,-0.069541,0.012127,-0.066138,-0.020415,0.071797,0.019006,0.017300,0.005167,-0.026794,-0.010121,-0.035647,0.017907,0.024205,0.060261,-0.073074,-0.022195,-0.044720,-0.028957,-0.002878,0.022241,0.028897,-0.014725,-0.026510,0.013115,-0.007086,0.027044,0.022695,-0.010577,0.086642,0.071689,-0.087319,-0.020206,-0.000000,0.021859,-0.033760,0.080430,0.006448,0.003788,-0.038586,-0.114515,-0.015282,-0.023691,-0.035175,-0.010355,-0.033107,-0.038242,0.043034,0.032877,-0.008033,-0.033101,0.065739,-0.035371,-0.035461,0.044071,0.089675,-0.001388,-0.042999,-0.029619,-0.081926,0.062614,0.005783,0.086652,0.061155,-0.036035,-0.002771,-0.013549,-0.016500,-0.002102,0.025016,-0.002625,-0.060336,-0.006845,0.004867,-0.105243,-0.023217,-0.032559,-0.005351,-0.035584,0.011082,0.021481,-0.018669,-0.101882,0.044666,0.007501,0.003787,-0.080016,-0.017739,-0.027274,0.006852,-0.031231,-0.024101,0.038384,0.045837,-0.009356,0.034121,0.064912,-0.032460,-0.035086,0.029798,-0.017554,0.073163,-0.004652,-0.001144,-0.063213,0.062255,-0.045531,0.059381,0.021382,0.036565,-0.003306,0.020121,0.015696,-0.045537,0.108225,-0.001185,-0.039264,0.074766,0.075453,0.044515,0.026498,0.009588,0.021761,-0.019456,-0.056988,-0.006168,-0.005780,0.029659,-0.057379,0.000000,-0.115761,-0.055985,-0.021227,0.076429,-0.002229,0.018811,-0.002325,0.053632,-0.155822,0.073408,0.067979,-0.088610,0.012836,0.004119,0.050837,0.013890,0.028195,0.012342,0.046709,-0.055311,-0.031900,-0.012121,-0.007485,-0.053257,-0.051018,0.102131,0.024765,-0.015619,-0.069974,0.016397,0.044858,-0.033039,-0.012023,0.008138,-0.006806,0.069448,0.037085,0.026690,0.081613,-0.031418,-0.030199,-0.081685,-0.072437,0.255428,-0.008399,0.000511,-0.007275,-0.015664,0.009517,0.032670,-0.090680,0.060402,0.031359,0.024173,0.002072,0.046980,0.014488,0.006039,0.036324,0.032242,0.045390,0.003913,-0.027456,-0.029920,0.039835,-0.003715,-0.015557,-0.102578,0.029980,-0.005136,0.044399,-0.055775,-0.062099,-0.003134,0.031993,-0.028804,0.031849,-0.074161,0.035376,-0.126986,-0.071437,-0.023926,-0.040262,-0.011631,0.100548,-0.020397,-0.010772,-0.033717,0.015156,0.032254,0.024919,0.031577,0.031477,-0.026510,0.000565,-0.000000,-0.035963,0.063364,-0.026805,-0.021336,-0.054711,-0.011557,-0.074367,0.005695,-0.017001,-0.011389,0.086551,-0.049702,0.065893,-0.015806,0.020378,0.039028,-0.008544,-0.014055,-0.058360,-0.036247,0.104325,0.115890,-0.014024,-0.018327,-0.006934,0.001136,-0.013852,-0.013880,0.001175,-0.017518,0.063910,0.038285,-0.048739,0.033526,0.119714,-0.095985,-0.061907,-0.029722,0.006486,-0.011117,0.019049,-0.024333,-0.005631,0.079855,-0.049539,0.010484,-0.014924,-0.101763,-0.000228,-0.079566,-0.105139,0.022102,-0.023789,0.008754,0.062054,-0.000352,0.019950,-0.014450,0.027234,0.024741,0.116940,-0.033172,0.070711,-0.018669
0.024996,-0.051134,0.021782,0.060558,0.040008,-0.047062,-0.108841,0.023969,-0.020315,-0.068592,0.010630,0.013900,-0.078905,0.051069,-0.028507,-0.010384,-0.023591,-0.087074,-0.055390,-0.031633,0.021767,0.038015,-0.002669,0.025482,0.032060,0.065292,-0.061969,0.028331,-0.027002,-0.051911,0.018831,0.062427,-0.084470,-0.022201,0.064326,-0.052624,-0.024694,0.006970,0.043623,-0.031567,-0.013806,-0.129453,0.030207,-0.075340,0.027939,0.094125,0.028329,-0.069405,0.121366,-0.062990,0.012614,-0.041364,0.021723,0.044501,0.055528,-0.098953,0.082854,-0.023516,0.031803,0.002507,-0.048596,0.070285,-0.031264,0.029024,-0.010338,-0.037869,-0.040618,-0.026771,-0.067812,0.051014,0.082105,0.058860,0.015724,-0.013322,-0.009181,-0.068485,0.029825,0.004639,0.113362,-0.006385,-0.102062,-0.039013,-0.003522,0.042675,-0.062444,0.018888,0.048555,-0.070505,-0.091480,0.043317,-0.064645,0.030210,0.065344,0.122699,-0.008844,-0.007311,0.058767,0.031831,0.054850,0.030099,-0.040559,0.043419,-0.054109,-0.005381,-0.093980,0.022024,-0.027406,0.075599,0.001082,-0.034639,0.062415,0.036527,-0.015054,0.053877,-0.060409,0.001918,0.002875,-0.067922,-0.064345,0.038679,-0.046453,0.015266,-0.025514,0.077646,0.063168,-0.010263,0.055563,-0.000000,-0.021793,-0.103947,0.023931,0.046192,0.007696,0.002138,-0.061598,-0.052517,0.046992,0.028393,-0.019129,0.144804,-0.118945,-0.000517,0.026981,-0.142458,0.032763,0.068459,-0.064652,-0.094614,0.000580,-0.085066,0.005793,0.009463,0.026342,0.055708,0.042649,0.015967,-0.066290,0.054521,-0.027136,0.088185,0.009516,-0.001912,-0.069542,0.037807,-0.064144,0.038669,-0.125116,0.025244,0.042706,0.035874,-0.049150,-0.064632,-0.043604,0.039921,0.007668,-0.049805,0.025711,0.058414,-0.022904,0.045548,-0.000480,-0.037061,0.036823,0.040845,0.075599,-0.025608,-0.029675,0.006132,-0.030771,0.117358,0.002224,-0.031397,0.009636,0.041783,0.024151,-0.004300,-0.031280,0.017269,-0.048436,-0.071901,0.116382,0.027119,-0.047756,-0.016696,-0.060645,-0.012129,-0.022333,0.027830,-0.037848,0.012282,0.034098,-0.079645,0.060324,-0.051759,-0.039562,0.031487,-0.023424,0.007815,-0.080529,-0.068733,0.019273,-0.049053,-0.046836,0.000000,-0.023973,0.075608,-0.060384,0.032572,0.013820,0.063019,0.071325,0.070414,0.022663,0.124146,0.024403,0.001293,-0.071721,0.013342,-0.006351,0.003822,0.015634,-0.031283,0.003617,0.031717,-0.036547,0.009599,-0.008474,0.091671,-0.085871,0.106481,-0.095429,0.045435,-0.077326,-0.043009,-0.000874,-0.029146,-0.028078,0.015252,-0.018977,-0.027130,-0.008077,0.071459,-0.031929,-0.042732,-0.022716,0.023367,0.046403,0.022473,-0.064339,-0.015235,0.058337,-0.093452,0.050472,0.055730,0.041859,-0.018766,0.026889,0.070077,-0.048556,-0.005116,0.000132,0.041857,-0.038370,-0.025472,0.092772,0.028724,-0.025342,-0.013683,-0.072464,-0.063284,-0.024495,-0.017592,0.101651,0.014613,0.023324,0.005076,0.085934,-0.045781,-0.038395,-0.041522,-0.080057,-0.000814,0.030922,-0.009155,0.031307,-0.027074,0.010280,0.055539,0.105636,0.006922,0.019865,-0.008834,0.075139,0.030798,0.023721,0.076003,-0.004230,0.053951,-0.020161,-0.000000,-0.008150,-0.036282,0.017165,0.061392,-0.027877,-0.072011,0.037217,0.117167,-0.021555,0.017291,0.041702,0.004606,0.005399,-0.031734,0.033762,-0.048787,-0.097497,0.048848,-0.019117,-0.050777,-0.010306,-0.024816,-0.011818,0.051989,0.076584,0.004646,-0.011958,-0.024305,0.061688,0.038729,-0.012353,0.054518,-0.020665,0.020425,0.025925,-0.016408,0.090138,0.072156,-0.022560,-0.037308,-0.028087,-0.040296,-0.036687,-0.006963,0.042890,0.026210,-0.082559,0.071043,-0.022313,-0.032857,0.068748,-0.010014,0.014024,0.073675,0.034002,-0.054396,-0.105024,0.016500,-0.085379,0.028733,0.027067,-0.028129,-0.039257,0.016399
-0.017804,-0.015805,0.019953,-0.001506,0.008154,-0.083268,0.079997,-0.009235,0.014499,0.049133,0.080353,-0.093720,0.014079,0.028193,-0.066063,-0.066289,0.029711,-0.137051,0.021865,0.024907,-0.141923,-0.011983,-0.085233,-0.043851,0.074211,0.053386,-0.057844,0.029432,-0.040948,-0.042115,-0.053052,0.016881,-0.003390,0.007719,0.031427,-0.010986,0.065091,0.079438,-0.016991,0.035957,-0.036565,-0.047401,-0.008690,-0.003966,0.016795,-0.036766,-0.079008,-0.028428,0.023682,-0.023164,-0.041302,0.015602,0.020448,0.003847,-0.009434,0.058904,-0.090275,-0.043460,-0.001137,0.036344,0.067167,0.008359,-0.112382,0.008397,0.009711,0.031601,-0.001774,-0.012187,-0.022603,0.127850,0.002967,-0.020737,-0.041759,0.009768,-0.004375,0.058275,-0.022471,-0.032312,-0.023853,0.022361,0.047718,-0.052011,0.029864,-0.020020,0.006546,-0.038781,0.002956,-0.025605,-0.026259,0.098725,-0.059279,-0.060640,0.031745,0.005280,-0.022529,0.036790,-0.023873,0.033241,-0.050878,0.078440,-0.056285,0.027027,0.034333,-0.056425,0.048093,-0.020227,-0.016265,0.020037,0.068015,-0.016468,-0.065126,-0.003502,0.061366,0.010217,-0.004860,-0.016679,0.030104,0.074572,-0.022212,-0.105248,-0.028057,-0.006997,-0.029283,0.040462,0.018514,0.014989,-0.005786,-0.000000,-0.013447,-0.001296,0.026339,-0.026401,-0.065845,-0.035884,-0.006216,-0.020883,-0.042723,0.037454,0.027943,0.077374,-0.037794,0.024133,0.088844,0.071021,0.000156,-0.090474,-0.154948,-0.025909,-0.004686,-0.033785,-0.043723,-0.025845,-0.027537,-0.030676,0.033270,-0.113353,0.024039,0.013390,-0.027825,0.042907,-0.032404,0.013651,-0.015755,-0.072165,-0.026313,-0.021731,-0.032237,-0.009268,-0.089835,0.029932,-0.028037,-0.048644,0.065498,0.090580,0.064182,0.005581,-0.063651,-0.018234,0.029650,0.025674,-0.002136,-0.018839,-0.073822,0.023346,0.034488,0.110122,0.026751,0.049298,0.033160,0.002982,-0.048215,-0.030365,-0.072963,0.054639,-0.080984,-0.031729,0.023889,0.033989,-0.093161,0.003067,0.075015,-0.023041,0.004989,-0.023003,0.014078,-0.054378,0.051118,0.003382,-0.009459,-0.005449,0.012029,0.061405,0.006464,-0.061328,0.006415,-0.064651,0.053329,-0.054967,0.033183,0.008001,0.014956,-0.042593,-0.055695,0.000000,-0.056999,-0.077524,0.002804,0.065351,-0.052838,0.028354,0.115919,0.005711,-0.035765,0.068392,0.054221,-0.013308,0.006512,0.012335,0.105091,0.026777,0.002219,-0.199583,-0.012291,-0.040627,-0.045017,0.134440,0.005245,0.010390,0.010255,0.066619,0.071443,-0.014364,-0.032410,-0.021914,0.021727,0.022898,0.007654,-0.000827,-0.080433,0.016662,-0.047010,0.059983,-0.029056,0.007508,0.013482,-0.048298,0.073449,0.111556,-0.029653,-0.048784,-0.041978,0.141366,0.012634,0.035032,-0.069214,0.004237,0.021264,-0.016127,0.031477,-0.010549,-0.021349,0.064040,-0.059559,0.011672,-0.015958,-0.018563,-0.048933,0.015923,0.033157,0.018296,-0.004920,0.005931,0.080946,-0.000393,0.169708,0.092364,-0.022515,-0.000150,-0.086583,-0.077751,0.055203,0.039177,0.042063,-0.003216,-0.146150,-0.033230,-0.022249,0.016827,-0.031261,0.011868,-0.057017,0.039007,-0.022654,0.129238,-0.054941,0.026286,0.000997,-0.020563,0.076273,-0.000000,-0.023736,-0.030414,0.103839,0.071687,0.026699,0.035450,0.062930,0.049831,0.020410,-0.045173,0.048758,0.014433,-0.098338,0.074326,0.046770,0.049707,0.025380,0.011193,-0.058026,0.119464,-0.011361,-0.018751,-0.035759,0.080709,0.003465,0.016174,-0.006374,0.083945,0.002003,0.086181,0.088124,0.045930,0.010039,-0.020333,0.049520,-0.067980,0.010222,0.045560,0.037107,-0.053740,-0.003216,0.007924,0.013217,0.056822,-0.023097,-0.015655,0.046731,-0.063974,-0.006757,-0.018438,0.063350,0.065886,0.001899,0.001809,-0.003187,-0.015247,0.009425,-0.001946,-0.068582,0.017669,0.082369,-0.109371,-0.058576,-0.055609
0.165464,-0.095650,-0.081208,0.006426,0.008042,-0.064005,0.028391,0.051163,-0.019590,0.030227,0.006577,-0.050420,-0.045799,0.005071,0.039316,0.043699,0.115330,-0.092242,-0.088120,0.018683,-0.031195,-0.016106,0.144643,-0.031883,0.120716,-0.053372,-0.000545,-0.010104,-0.044041,0.002845,-0.124547,0.043627,-0.027880,-0.088690,-0.002277,0.010762,0.000809,-0.006089,-0.017500,0.030066,0.038365,0.096225,-0.039319,0.015347,-0.027670,0.052049,-0.073633,0.034266,0.054449,0.027444,-0.023196,0.004979,0.038153,-0.002867,-0.004706,-0.025181,0.016163,0.045830,0.032189,-0.004111,0.034040,0.041210,-0.002716,0.023546,0.065805,-0.026752,-0.102474,-0.104147,-0.044926,-0.020778,-0.033085,0.036441,0.047005,-0.054343,-0.013921,-0.034821,0.060917,0.027930,0.037348,-0.056542,0.063479,-0.020152,0.027885,0.046536,0.021980,-0.035753,0.017600,0.003225,0.003920,0.058896,-0.027925,0.004887,0.010215,-0.011431,0.013477,0.145304,-0.015441,-0.009308,-0.050957,0.054169,-0.080860,0.086293,0.022173,-0.043493,-0.018119,-0.006901,-0.017311,0.080458,-0.025383,0.039258,0.015076,-0.052820,0.016263,0.028890,-0.050723,-0.025059,0.089966,-0.031387,0.077297,0.080723,0.055944,0.055688,-0.021608,-0.013894,-0.027263,-0.025530,-0.061348,-0.000000,0.016879,0.049933,-0.032983,0.012449,-0.051019,-0.023362,-0.003996,0.003481,0.012846,0.065455,-0.060546,-0.080471,0.011441,0.058867,0.045127,-0.074207,-0.084501,0.020750,-0.044547,-0.022232,-0.039903,0.079196,-0.039040,0.057693,0.013560,-0.024152,-0.001108,-0.032341,-0.016483,-0.009631,0.005618,0.035974,0.047244,-0.100798,0.027241,0.033890,0.041271,0.001422,-0.009378,0.119776,-0.067546,-0.016168,0.032178,-0.047251,-0.074152,-0.053947,0.036754,-0.081310,0.024326,0.044010,-0.007271,0.040362,0.018910,0.052295,-0.035177,-0.004315,0.020205,-0.003862,0.080203,0.038244,-0.014411,-0.001037,0.014092,-0.013317,-0.079377,0.012691,-0.015178,-0.006310,-0.040700,0.092264,-0.013810,-0.012065,-0.063871,-0.018371,-0.051373,0.083284,0.029104,-0.060546,0.049099,0.013802,-0.063951,-0.028671,0.017233,-0.071678,0.005399,-0.036797,0.043085,-0.012648,-0.038095,-0.018397,0.032801,-0.029660,-0.025747,-0.041209,-0.028097,0.000000,-0.104745,0.049385,0.026996,0.094616,-0.059310,-0.021974,0.018853,0.113530,-0.043583,0.088430,-0.016548,0.071641,0.029558,0.002353,0.036918,-0.008896,0.049817,0.047565,-0.015138,-0.014175,0.086740,0.005531,-0.007458,0.152323,-0.069382,0.029509,-0.075729,-0.054635,-0.009817,-0.028297,-0.006356,-0.055347,-0.060142,-0.113518,-0.070003,-0.024111,0.010330,0.044095,0.043493,-0.004146,0.046698,-0.019468,-0.100298,0.039334,0.003454,0.032058,0.136013,-0.032899,0.029048,0.028077,0.005757,-0.024814,0.028247,0.074936,-0.011081,0.011620,0.016189,-0.034059,-0.060904,0.015255,0.034301,0.092248,0.021537,-0.040915,0.058285,-0.015855,-0.077205,0.013938,0.049877,0.066829,0.052206,-0.026599,0.014259,0.021085,-0.008195,-0.032789,0.096004,0.016242,0.043806,0.006322,-0.024533,-0.074906,0.029748,-0.055142,-0.022726,-0.091247,0.058614,-0.037042,-0.009114,-0.003934,-0.097715,0.011873,-0.032024,-0.030148,-0.056985,-0.000000,0.039097,0.021107,0.084839,0.051068,-0.028868,0.104933,0.045511,0.084665,-0.039766,0.040960,0.044746,0.007087,-0.161209,-0.098699,-0.009694,-0.036641,0.065370,0.079470,0.002914,-0.047764,0.017396,0.028042,0.030788,-0.074046,-0.009158,0.080805,0.037823,0.110815,-0.001587,-0.068406,0.001025,-0.065828,-0.005103,-0.008431,-0.030633,-0.031869,-0.071990,-0.053070,0.008313,-0.030296,0.010487,-0.010533,0.021066,0.041354,-0.056632,-0.017837,-0.044698,-0.021177,0.066709,-0.096928,0.073970,0.004426,-0.024072,0.039649,-0.003156,-0.041754,0.006529,-0.007124,-0.109828,-0.013922,0.007708,-0.033983,0.043610,0.066030
0.054180,-0.062183,0.017748,0.040861,0.043516,0.030650,-0.061683,0.098647,-0.009980,-0.030925,0.010828,0.050578,-0.083279,0.037010,0.077826,-0.050570,0.018262,-0.132245,-0.002776,-0.067648,0.027468,-0.041073,0.054604,-0.004623,0.040445,0.008512,-0.062111,-0.003489,0.000929,0.016778,-0.029866,0.110114,-0.005484,0.015341,0.017395,-0.021393,-0.049949,0.032445,0.067496,0.004975,-0.057921,-0.089558,-0.021282,-0.107870,0.013306,0.003895,0.019534,-0.074409,0.070499,-0.054018,-0.014579,0.018723,0.027837,0.008685,0.059534,-0.123631,0.032004,-0.051599,0.007908,0.088965,-0.087234,0.026650,-0.007441,-0.017626,-0.008739,-0.033843,-0.056119,0.008094,-0.077660,0.003226,0.086106,-0.023286,-0.000850,-0.014048,-0.048258,-0.074333,0.094620,0.046063,0.161119,-0.066256,0.036328,-0.018319,0.010246,-0.006316,-0.006959,0.027745,0.047150,-0.087001,-0.015870,0.065059,-0.047283,-0.015966,0.056083,0.053658,0.016864,0.075725,0.053204,0.090484,0.033152,-0.075198,-0.034168,0.019853,-0.075778,-0.006461,-0.113673,-0.046760,-0.031712,0.049573,0.038637,-0.037842,-0.003843,0.036347,-0.049271,0.018053,-0.088524,0.049622,0.048609,-0.079052,0.026273,0.134318,-0.073973,-0.001080,-0.010187,0.120143,-0.018292,0.011822,-0.003149,-0.000000,-0.124863,-0.022543,0.038351,-0.053876,-0.092223,-0.017556,-0.061401,-0.035359,0.047933,-0.009622,-0.029172,0.061921,-0.063114,0.098766,0.006231,-0.024417,-0.006637,0.025890,-0.000694,-0.010734,-0.031145,-0.070642,0.051720,0.032862,-0.025299,-0.004553,0.108027,0.004024,0.033855,0.037580,0.037071,0.019549,-0.015952,0.034636,-0.056565,0.020074,0.016273,0.022034,-0.104477,0.082045,0.013115,0.034883,-0.070944,-0.058384,-0.015783,0.065566,-0.005661,-0.042262,-0.007280,0.019795,-0.089609,0.090796,0.001555,-0.046170,0.042591,-0.014753,0.048383,-0.095065,-0.028517,0.052632,-0.120191,0.071445,0.000593,0.013722,0.033191,0.010630,0.038539,0.016911,-0.120872,0.051996,0.005845,-0.040607,0.027951,-0.021710,0.000404,0.026203,-0.032909,0.046392,0.019884,0.028190,-0.053997,-0.040294,0.044454,-0.065361,0.044628,-0.056213,-0.013772,-0.054174,0.015108,0.032257,-0.040921,-0.051612,-0.023938,0.094826,-0.007292,0.000000,-0.003362,0.113372,-0.028164,0.028066,0.003194,-0.007377,0.021908,-0.065999,0.069077,0.116584,-0.014191,0.013297,-0.008205,0.032696,-0.020001,-0.038719,0.025863,-0.048910,-0.021923,-0.044381,-0.031116,0.051396,-0.023728,0.046949,-0.059717,0.072325,-0.173828,0.026066,-0.003624,-0.053780,-0.038320,0.026824,0.010698,0.012534,-0.025125,0.009570,-0.020173,0.040695,0.052330,-0.021681,0.009104,-0.060592,0.033688,-0.040909,-0.014790,-0.009856,-0.019994,-0.011623,0.109310,0.084377,0.077297,0.015531,-0.024999,0.014518,-0.093252,0.014612,-0.001095,0.036216,-0.089786,0.003205,0.109421,0.079473,-0.023673,0.047700,-0.066811,-0.036798,-0.044419,-0.110517,0.055839,-0.072023,0.004309,-0.017820,0.014677,0.051355,-0.143580,0.006051,0.023872,-0.021218,0.040485,-0.005942,0.074837,0.043066,0.011641,-0.047158,-0.007971,-0.009729,-0.028148,-0.037398,0.048264,0.009354,-0.059775,-0.002289,-0.070594,-0.018880,-0.031051,-0.000000,-0.018891,-0.055068,0.077952,0.030609,0.054565,-0.036192,0.067363,0.140854,0.033500,0.041823,-0.000620,0.020245,-0.011159,-0.030113,-0.005427,-0.023586,-0.042708,0.006083,0.021759,-0.027524,0.018924,0.001102,0.026330,0.044740,-0.006337,-0.003803,-0.012169,-0.027956,0.009600,0.028437,-0.037097,0.013211,0.038438,0.038470,0.034926,-0.000196,0.010209,-0.022193,-0.027522,0.000782,0.034030,-0.027323,-0.029565,0.007544,0.010172,-0.037159,-0.091098,0.016804,0.036807,0.018897,0.040644,-0.055516,0.024395,-0.022338,-0.021721,-0.005796,-0.076413,-0.048161,-0.077890,-0.040627,0.047934,-0.061803,0.057785,0.097772
0.067689,0.021204,0.004226,0.036835,0.037709,0.035893,-0.111169,0.099314,-0.081630,-0.026314,-0.023193,0.045389,-0.011238,0.053644,0.039859,-0.012629,0.018358,-0.072667,-0.003873,-0.018779,-0.044409,-0.014809,-0.021718,0.008473,0.025193,-0.000943,-0.068601,-0.024950,-0.013054,0.010787,-0.076195,0.103144,-0.067104,-0.004482,0.051449,-0.006716,0.006043,0.028359,0.061980,-0.024434,-0.002254,-0.054903,-0.057933,-0.087026,-0.020396,0.054741,0.048569,-0.073375,0.030701,-0.042729,0.006847,0.055052,0.039547,-0.007465,0.030417,-0.086131,-0.006058,-0.049769,0.014885,0.104116,0.006559,-0.009784,-0.027595,-0.008952,0.024413,-0.036910,-0.047243,-0.030236,-0.068150,0.038646,0.058498,-0.030896,-0.025207,0.016930,-0.071396,-0.009923,0.094909,0.034000,0.100098,-0.054644,-0.032011,-0.019744,-0.039832,-0.044608,-0.100576,0.010953,0.079747,-0.072986,-0.007584,0.023685,-0.059692,0.030187,0.057678,0.065098,0.023266,0.059940,0.120900,0.102274,0.024916,-0.028088,-0.018900,0.066614,-0.109075,-0.089649,-0.091920,-0.046175,-0.046327,0.036214,0.004626,-0.046081,-0.028083,0.052053,-0.019095,0.021727,-0.122994,0.061842,0.042611,-0.072469,-0.040755,0.106991,-0.058778,0.053670,-0.009280,0.066521,0.002515,0.011935,0.001403,-0.000000,-0.060743,-0.055161,0.006760,-0.014158,0.005929,-0.034241,-0.090942,-0.053821,0.042827,0.054526,-0.032088,0.071876,-0.092869,0.030655,0.006329,-0.093255,0.024123,0.001684,0.039676,-0.039407,-0.053242,-0.074625,-0.029431,0.046726,-0.008364,0.065185,0.047937,0.004155,0.008396,0.009192,0.003962,0.001811,-0.019972,-0.019867,-0.029565,0.032607,-0.056646,0.023208,-0.101906,0.012869,-0.055571,0.035832,-0.115408,-0.083051,0.005335,0.044811,0.043413,-0.089645,-0.052032,-0.000021,-0.032539,0.044907,-0.008669,-0.000172,0.060108,0.022921,0.047139,-0.083465,-0.038418,-0.000981,-0.044386,0.053867,-0.051877,0.002390,0.035991,0.022515,0.066754,-0.033806,-0.133641,0.062929,-0.009607,-0.002958,-0.027742,-0.033776,-0.006836,0.023316,0.030821,0.014190,0.026108,0.019402,-0.019680,-0.001610,0.056307,-0.101451,0.076272,-0.028351,0.009376,-0.052445,0.024663,-0.022751,-0.097802,-0.081344,-0.025421,0.026951,0.024427,0.000000,-0.074063,0.041508,-0.003249,0.052226,-0.031241,0.061465,0.073823,-0.003241,0.024123,0.116207,0.014529,0.010557,-0.045954,0.032046,-0.020824,-0.008471,0.088104,-0.003330,0.013551,-0.032316,-0.032984,0.107251,-0.085259,0.037867,-0.072324,0.066515,-0.135902,0.048264,-0.022006,-0.044526,-0.033926,0.075985,-0.051768,0.045152,-0.012230,-0.023752,-0.015316,0.033496,0.024780,0.001776,-0.008571,0.039384,0.028314,0.002244,-0.017081,-0.004366,0.028823,-0.016778,0.115276,0.130245,0.002632,0.019308,-0.000990,0.025809,-0.093177,-0.004115,0.056893,0.003044,-0.140239,0.072133,0.011160,0.023372,0.037429,0.038319,-0.069442,0.020261,-0.024646,-0.056675,0.116922,-0.020264,0.041318,-0.021759,-0.009836,0.005019,-0.076859,-0.057392,-0.017487,0.050375,0.042414,-0.035892,0.083659,0.070368,0.043415,-0.029933,0.098995,-0.002892,-0.057297,0.014160,0.053512,0.016739,-0.031447,-0.000044,0.008062,-0.029484,-0.039575,-0.000000,-0.010402,-0.036655,0.082013,0.069221,0.025678,0.035852,0.024374,0.142951,0.024906,0.017166,-0.025328,-0.037308,-0.060197,-0.008714,-0.011339,0.004339,-0.038319,0.025022,0.044630,-0.017912,0.028426,0.003310,0.033901,0.083232,0.025314,0.000057,0.009377,-0.030987,0.015049,0.079264,0.000073,0.056529,0.048572,0.031082,0.034567,-0.045512,0.068936,0.032927,-0.035086,-0.045481,-0.053672,0.007556,-0.072912,-0.005381,0.013742,-0.002885,-0.032311,0.022637,0.062048,-0.024946,0.094764,-0.024171,0.079834,-0.006841,-0.032344,0.023380,-0.065197,-0.033246,-0.069659,-0.055268,-0.000090,-0.131883,0.020941,0.047043
0.044080,-0.016055,0.050414,0.049125,0.013113,0.018303,-0.068270,0.092848,-0.041658,-0.066479,0.049925,0.056083,0.018005,0.037350,0.035630,-0.059468,-0.012210,-0.113011,-0.010355,-0.021441,-0.005038,0.002973,-0.019764,-0.012135,0.043363,-0.041025,-0.019406,-0.000137,0.018736,-0.011929,-0.058461,0.104025,-0.026692,0.028554,0.095793,-0.053955,0.003399,-0.004120,0.017996,-0.029516,-0.012060,-0.098435,-0.056149,-0.076391,0.051084,-0.008002,0.045995,-0.069886,0.054554,-0.065697,-0.016505,0.027275,-0.000853,-0.015151,0.040308,-0.074939,-0.025040,-0.049516,-0.024168,0.063579,0.018032,-0.027487,-0.028819,-0.020006,0.030810,-0.014615,-0.043597,-0.061439,-0.083208,0.069075,0.044085,-0.017402,0.018052,0.022040,-0.081056,-0.037934,0.088850,0.003133,0.101294,-0.043135,-0.039615,0.002818,-0.064012,-0.007115,-0.062486,0.000513,0.102931,-0.097290,-0.015452,0.051619,0.024235,-0.007592,0.004456,0.069086,-0.032958,0.027627,0.098564,0.085454,0.056049,-0.023131,-0.015666,0.024943,-0.089395,-0.069029,-0.088512,-0.031855,-0.049001,0.017613,-0.022060,-0.030778,-0.062725,0.036945,-0.008816,-0.027851,-0.108628,0.025336,0.049204,-0.049805,-0.007252,0.080293,-0.054110,0.037622,0.021881,0.095454,-0.071994,0.013164,0.013471,-0.000000,-0.068647,-0.078018,-0.037848,-0.097530,-0.029340,-0.020543,-0.064333,-0.035790,0.040595,0.018648,-0.002994,0.063128,-0.092102,0.021406,0.012995,-0.035980,-0.020364,0.051024,0.073528,0.007747,-0.076317,-0.057235,0.004872,0.018090,0.009591,0.050332,0.017717,0.001371,0.027126,0.039755,0.018854,0.047107,-0.026919,-0.022593,-0.035879,0.055185,-0.034516,0.024463,-0.081659,0.046417,-0.039518,0.066268,-0.077135,-0.030565,-0.006995,0.024494,0.036552,-0.049776,-0.074043,0.016147,-0.045197,0.060689,-0.021410,-0.008284,0.050174,0.025836,0.064190,-0.099140,-0.063701,0.037707,-0.060405,0.088006,-0.018977,-0.045354,-0.020309,0.019305,0.052061,-0.025032,-0.145127,0.029518,-0.006115,-0.030900,0.007321,-0.026338,0.056535,-0.009647,0.007327,0.041402,0.056305,-0.079166,0.014757,-0.018462,0.057715,-0.030511,0.076748,-0.015574,0.058959,-0.050224,0.023891,-0.045496,-0.073005,-0.046251,-0.036304,0.072351,0.037353,0.000000,-0.040919,0.105600,-0.058311,0.043368,-0.043058,0.040175,0.044419,-0.007934,0.094385,0.105924,0.076612,-0.002640,-0.047309,0.073371,-0.019685,0.007650,0.075242,-0.102109,0.028381,-0.023885,-0.036757,0.079236,-0.027606,0.093246,-0.055130,0.102845,-0.139583,0.059790,-0.026103,-0.112456,-0.004973,0.016959,-0.050091,0.064988,0.030268,0.008019,-0.033000,0.045667,0.006550,-0.006524,-0.012561,-0.023352,0.082013,0.041991,-0.019099,-0.058495,0.053279,-0.055383,0.166261,0.100950,0.011647,0.007589,-0.033583,0.032532,-0.112403,-0.007897,0.060976,0.004903,-0.080388,0.068331,0.037327,0.010023,-0.004399,-0.037101,-0.050157,-0.056949,-0.003374,-0.057894,0.112462,-0.054993,0.103637,-0.027685,0.013935,-0.038716,-0.066828,-0.029534,-0.030202,0.016835,0.003035,-0.000973,0.050849,0.058024,0.012226,-0.020143,-0.003132,-0.014091,-0.066874,-0.013504,0.092225,0.080798,0.012011,0.032484,0.004453,-0.044566,-0.050773,-0.000000,-0.036700,-0.032539,0.089572,0.101814,0.052823,-0.000736,0.060456,0.099150,0.023507,0.002103,-0.025067,0.001278,-0.033832,0.004303,0.002254,-0.015342,-0.008131,-0.005654,0.026889,-0.017319,-0.009514,0.019209,-0.018993,0.043944,-0.019294,-0.001881,0.046040,-0.045142,0.010766,0.027055,-0.004050,0.057607,0.020290,-0.014239,0.020886,-0.033575,0.053390,0.038579,-0.029242,-0.009046,-0.021869,-0.009403,-0.051254,-0.001534,0.056285,0.018981,-0.048357,-0.022110,0.062328,0.004080,0.113643,-0.017072,0.021843,0.034114,-0.024961,-0.034380,-0.072265,-0.001987,-0.074941,-0.045089,-0.025544,-0.110969,-0.040628,0.075346
0.078404,-0.004784,0.050340,-0.018485,0.013839,-0.032142,0.007457,0.009571,-0.013647,0.005236,0.153446,0.167990,0.057625,0.038711,-0.006893,-0.013455,0.124726,-0.040902,-0.003224,0.063029,0.052519,-0.011589,0.022247,0.026293,-0.012166,-0.035639,0.003915,0.064852,0.020517,0.025452,-0.085360,0.001438,-0.064998,0.003160,-0.076555,-0.073286,0.017501,0.047271,0.036874,-0.032150,0.015836,-0.042260,-0.039360,-0.045037,0.022449,-0.028735,0.062628,-0.036643,-0.020763,-0.030535,-0.016672,0.037350,0.019925,0.066387,-0.034405,-0.062427,-0.041739,0.064871,-0.005058,0.054521,-0.008852,-0.015308,-0.011032,0.044354,0.017059,0.026444,-0.046488,-0.050574,0.009319,0.093651,0.017225,0.023362,0.027429,-0.012223,0.055709,-0.035240,-0.005714,0.041512,0.001815,-0.037098,-0.042913,-0.041186,0.048275,-0.031609,0.053822,-0.076151,-0.057768,-0.022021,-0.047160,0.037900,-0.081185,-0.032192,0.060621,-0.011882,-0.052884,-0.051101,-0.031697,0.054718,0.017449,-0.011581,-0.023962,0.050428,-0.022650,0.064625,-0.043872,0.036591,0.007718,-0.065644,-0.027946,0.022356,0.017559,-0.023169,0.052866,-0.010665,-0.057965,-0.008288,-0.047982,0.042449,0.016117,0.041334,-0.081226,-0.062583,0.070322,0.013967,0.015427,-0.049481,0.049166,-0.000000,-0.151940,0.000849,0.044615,0.030747,-0.029274,-0.038184,-0.085345,0.031923,0.083490,0.010600,-0.012119,-0.001181,0.013179,-0.032849,0.049721,0.064693,-0.059904,0.028685,-0.020357,-0.005419,0.046768,-0.052510,-0.000859,-0.034009,0.037813,0.046006,0.008711,0.035480,0.050008,0.013141,0.001640,0.063515,0.017819,0.097994,-0.024749,0.071029,-0.084819,-0.003709,-0.037000,0.000613,0.030170,-0.085457,-0.072966,0.004378,-0.030354,-0.022583,0.044674,-0.085023,-0.166320,0.079393,-0.095818,0.024105,-0.023124,0.002122,-0.061451,0.043179,0.042792,0.046819,-0.011178,0.031450,-0.099096,0.070053,0.059802,-0.087828,0.012487,-0.010907,0.008691,0.026893,-0.005972,0.050961,0.049834,0.056990,-0.087676,0.063391,-0.006091,-0.031779,-0.027526,0.015990,0.071656,-0.026669,-0.052223,-0.027360,-0.017449,-0.025105,0.143961,0.019465,-0.021801,-0.058315,-0.011825,0.073470,-0.046688,0.019431,-0.060040,0.025249,-0.046777,-0.000000,-0.001686,0.027549,-0.024759,0.013853,0.019420,0.018022,0.077452,-0.075800,-0.001210,0.027488,-0.054532,-0.035407,0.011249,0.029603,0.076332,-0.053197,0.021617,-0.024151,-0.049689,0.002824,-0.050311,0.009777,0.003863,0.074096,-0.006253,-0.001842,-0.099589,0.032880,-0.015076,-0.074516,-0.035057,0.015461,-0.013257,-0.040778,-0.079584,0.018192,-0.043888,-0.021146,-0.037485,0.029641,0.011850,0.000605,0.012441,0.069140,0.019398,-0.056728,0.029706,-0.040901,0.004277,-0.024954,-0.000839,-0.012633,0.043606,0.048932,0.024028,0.095894,0.087408,-0.025966,-0.063343,-0.023105,0.080912,0.013710,-0.043692,0.008718,0.002785,-0.049690,-0.058898,0.037744,0.072218,-0.025767,0.144002,-0.051723,-0.039557,0.002237,-0.086523,-0.024549,0.041661,0.027298,-0.034887,-0.097807,-0.032531,-0.063593,0.003682,0.040735,-0.023970,-0.050922,-0.050834,-0.120820,0.000255,0.049904,-0.049235,0.089127,-0.049387,0.025916,-0.128503,-0.000000,-0.034316,0.067479,0.009409,-0.034423,-0.025537,0.037690,0.107503,-0.018595,-0.182401,0.043343,0.044576,-0.055930,0.044133,0.040400,-0.031462,0.035870,0.033262,-0.009783,-0.054180,0.058891,-0.019627,0.053870,-0.026733,0.118807,0.034243,-0.003114,-0.070939,-0.007982,0.056137,-0.021720,-0.037505,0.038555,0.087555,0.007211,0.057034,-0.051100,0.088972,0.091888,0.014161,-0.053062,-0.028072,-0.039603,-0.000233,0.083243,0.045807,0.054043,-0.080062,0.041615,-0.145014,0.013785,0.003498,-0.051859,-0.034568,0.040857,0.033627,-0.044977,0.003362,-0.011422,-0.040067,-0.019330,-0.038077,0.059097,0.058863,0.026119
0.020491,0.040304,0.007050,0.050928,0.052070,0.004096,-0.043507,0.050856,-0.077630,-0.078217,0.008280,0.070254,-0.003935,-0.007500,-0.006697,0.008899,0.020799,-0.030105,-0.018563,-0.040760,0.004005,-0.012839,0.026267,0.004481,0.040206,0.120826,-0.050320,0.009896,0.030727,0.029993,-0.053545,0.106040,-0.008320,0.049048,-0.022413,0.037292,0.012011,0.060423,0.007666,-0.038333,0.005972,-0.035223,-0.028712,-0.032563,-0.113258,0.008283,0.068515,-0.064860,-0.019024,-0.004043,0.026861,0.010964,-0.055247,-0.086182,0.030252,-0.022727,-0.087529,-0.035467,0.053470,0.009109,0.014492,-0.032022,0.000859,0.042359,0.061337,-0.073941,-0.035978,0.002820,-0.115646,-0.067044,0.121206,-0.057898,-0.103988,-0.060793,-0.037921,0.034687,0.088012,0.062191,-0.026144,-0.125416,-0.023697,0.084333,-0.008551,-0.032132,-0.091415,-0.001604,0.000288,-0.039534,0.053860,-0.047529,0.015042,-0.096405,-0.018649,0.056221,0.055225,0.015597,-0.009116,0.056491,0.053832,-0.010398,0.078277,0.053283,-0.107724,-0.071521,-0.094345,0.003291,-0.076128,0.087704,0.017930,-0.015690,-0.004672,-0.001308,-0.010325,-0.028390,-0.043954,-0.027854,-0.016317,-0.057349,0.040935,0.032450,0.045169,0.017067,-0.070183,0.011598,-0.051846,-0.036076,-0.032753,-0.000000,-0.065537,-0.038437,0.013655,0.009116,0.045846,0.074065,-0.050004,-0.012964,-0.001971,0.065840,-0.036738,0.053855,-0.011045,-0.014177,-0.016674,-0.079468,-0.074034,0.010422,0.057424,-0.050015,-0.058081,-0.004626,-0.006685,0.012170,0.042351,-0.000338,0.032409,-0.044362,0.009806,0.010003,0.098489,-0.044892,-0.028864,0.017071,0.018424,0.082874,0.008605,-0.074871,-0.069714,-0.075832,-0.042602,0.018311,-0.057387,0.001127,-0.018038,0.093249,-0.042485,0.008874,-0.005670,-0.008657,-0.003935,0.036453,0.066894,0.009727,0.077652,0.002976,-0.020953,0.009818,0.012961,0.027432,-0.008659,0.090721,-0.047314,0.119367,-0.005787,0.081386,0.040424,0.026023,-0.029639,0.052154,0.004810,0.045539,0.012629,0.044781,-0.060081,0.063578,-0.046495,-0.000560,-0.024621,0.046463,-0.057379,-0.009614,0.046261,-0.035165,-0.067699,-0.007088,0.011689,0.028593,0.040913,-0.016111,-0.143190,0.011774,0.002323,0.053583,0.050332,0.000000,-0.039935,0.035076,0.053101,-0.048131,0.019380,-0.006137,0.084534,-0.123184,-0.017286,0.039803,-0.000451,-0.005562,-0.050398,0.049266,0.020735,0.028449,0.030607,0.034025,-0.051970,0.025826,-0.067933,0.090259,-0.123359,0.033015,-0.038514,0.071222,-0.078242,-0.061727,-0.008113,0.031295,0.065909,0.116307,-0.049399,0.024906,-0.057908,0.013870,0.017810,0.013030,0.046731,-0.075495,0.012441,-0.033835,0.031481,0.096007,-0.032181,0.030942,0.039048,-0.048049,0.046789,0.019553,-0.031425,0.016279,0.011403,-0.032229,-0.035469,-0.002619,0.076139,-0.024202,-0.101527,-0.025295,0.047102,0.036731,0.091259,0.016416,-0.054743,0.082855,0.020987,-0.054971,0.123876,-0.063753,-0.071877,0.049446,-0.039681,0.079153,-0.030403,0.005939,0.045308,0.004049,-0.054629,0.005339,-0.008809,-0.017535,0.008026,-0.001163,0.049106,0.084030,-0.025818,-0.090275,0.038363,-0.068314,-0.121859,-0.100615,-0.028736,-0.006185,-0.074270,-0.000000,-0.071456,-0.000956,0.041496,0.043017,-0.008710,-0.003620,0.029266,0.130803,-0.032869,0.055110,-0.056766,-0.020347,-0.009298,0.035156,0.024583,-0.057948,0.043978,-0.009599,0.040657,0.019554,0.102748,0.033649,0.031629,-0.014151,0.010246,0.000197,-0.010492,-0.006876,0.043946,-0.002462,0.051190,0.028967,-0.046168,0.006310,-0.005613,-0.032595,0.039508,0.029368,-0.038298,-0.084519,-0.095624,0.108786,0.039496,0.053491,0.013919,0.003292,-0.083445,-0.011217,0.029666,-0.099225,0.005497,0.020428,0.093430,-0.022756,0.084908,-0.015897,-0.027948,-0.044240,-0.082524,-0.060229,-0.052744,-0.021481,0.078382,-0.017718
-0.030065,-0.083112,0.025523,0.004286,0.047637,0.058610,-0.045559,0.030589,0.044133,-0.018345,-0.002611,0.076348,0.019616,0.019422,0.104439,-0.012243,-0.112755,-0.101667,0.012151,0.004879,-0.071496,-0.013105,0.066884,0.005179,0.034043,-0.050144,-0.026285,0.025335,0.019572,-0.015720,-0.011895,0.061256,0.020116,-0.008505,-0.004857,-0.050930,0.028191,0.016850,-0.032693,0.037659,-0.011300,-0.090689,-0.047850,-0.008844,0.025981,0.003705,0.005843,0.044451,-0.052795,-0.070885,-0.010236,-0.066368,0.010131,0.043671,0.043331,0.045715,-0.025979,0.073865,0.065751,0.032149,-0.021369,0.032173,-0.062138,0.051269,0.058288,-0.043987,0.052306,0.042116,-0.048920,0.062223,-0.088495,-0.002654,-0.035797,-0.020746,0.049707,0.029014,-0.008606,0.048957,-0.002315,-0.074701,0.087364,-0.065784,-0.046729,0.008886,-0.070607,-0.011014,-0.024430,-0.085596,-0.042657,-0.037930,-0.018182,-0.024863,0.031328,0.043509,0.002397,0.038050,-0.043581,-0.035005,0.116748,0.011340,-0.000334,0.008778,0.022621,-0.021202,0.055422,-0.006001,0.026470,0.018105,0.013707,-0.034911,-0.029604,0.047134,0.020136,-0.059476,-0.049032,0.041484,0.079761,0.127820,0.018302,0.040832,0.036920,0.012201,-0.076429,-0.019673,0.019285,0.023743,-0.094081,-0.000000,0.058871,-0.006785,0.024540,0.043958,-0.010554,0.003893,-0.042876,-0.000591,-0.010178,-0.101216,0.021275,0.042624,-0.082421,0.003010,0.048410,-0.104005,-0.077714,0.017693,0.002295,0.001325,-0.008903,-0.035250,-0.012188,-0.001535,0.041235,0.063713,0.092861,-0.001687,0.002933,-0.007025,-0.016701,0.043796,-0.147369,-0.092388,-0.063677,0.029198,0.026213,0.011169,0.004630,-0.032242,-0.037092,0.057884,-0.051432,-0.114049,0.068698,-0.033507,0.092803,-0.039443,-0.029109,-0.052773,-0.023572,0.016203,0.014551,0.012135,0.031460,-0.027859,0.014297,-0.001661,-0.034952,0.041940,-0.006481,0.035770,-0.009029,-0.002702,-0.076270,0.155976,0.030125,0.026725,-0.104207,0.178912,0.053695,0.029882,-0.075720,0.042554,0.047305,0.045484,-0.065159,-0.022897,0.105122,-0.051212,-0.073027,-0.017484,0.042165,0.002296,-0.000076,-0.059005,0.079129,-0.045251,0.006074,0.006380,-0.019867,-0.006904,0.080358,0.106428,-0.006055,-0.000000,-0.074359,0.029817,0.008364,0.047452,-0.011493,-0.011283,0.044904,0.006783,0.036089,0.076178,0.073499,0.001667,-0.014997,0.028855,-0.050988,-0.103612,0.060597,-0.020934,-0.007997,0.034394,0.015383,0.005131,-0.073397,-0.020217,-0.013792,0.018144,0.037903,0.064604,-0.046124,-0.037767,-0.061546,-0.107627,-0.027319,-0.053952,0.006960,0.044804,-0.021821,-0.099201,-0.018955,0.043734,0.012134,-0.020058,-0.048571,-0.047492,-0.041285,0.009903,0.102586,0.083478,-0.043638,-0.033465,0.004292,0.084886,-0.043453,-0.000711,-0.083327,0.073213,-0.014381,0.065672,-0.108664,0.055378,0.019166,0.066795,-0.051065,-0.064441,0.102979,-0.070080,0.025839,0.007297,0.021719,-0.010130,0.023403,0.010698,-0.071430,-0.011957,-0.058756,-0.032884,-0.041198,-0.028670,0.054689,-0.072137,0.032294,-0.025650,-0.007106,0.002697,-0.012802,0.010791,-0.034001,0.044702,0.012686,0.051853,-0.078921,-0.047962,-0.067529,0.067311,-0.045618,-0.000000,-0.011986,-0.044347,0.034804,0.075749,0.109947,0.005365,-0.000595,0.095893,-0.021437,-0.025585,-0.046449,0.039561,0.037840,0.001216,0.048272,0.112278,-0.034507,-0.039581,-0.025779,-0.049910,0.032180,0.050295,-0.021380,-0.027722,-0.052427,0.024157,-0.083551,0.067176,0.003175,-0.050885,0.002061,-0.052338,-0.015813,-0.042664,-0.004556,0.047980,-0.045602,-0.007707,0.076287,-0.025665,0.034569,0.007947,-0.019425,0.108799,-0.041341,-0.029047,-0.045018,0.029788,-0.011464,-0.132204,-0.024531,-0.041866,0.042202,-0.001664,0.074270,0.022309,-0.025152,0.032000,-0.013976,-0.020577,0.117809,-0.117616,0.035183,0.071898
-0.053422,0.075505,0.027173,-0.012480,0.053551,-0.001933,-0.057055,-0.030513,-0.015849,-0.017439,0.025202,0.089919,0.034685,-0.074295,0.006953,-0.045265,-0.033559,-0.016423,-0.098028,-0.008371,0.051439,-0.042303,-0.072721,0.024851,0.065314,0.002544,0.051437,0.041189,0.031386,-0.103157,-0.067001,0.088726,0.063258,0.039424,0.059429,-0.049770,-0.006128,-0.013282,-0.023159,-0.046161,0.037089,-0.071546,-0.013682,0.029375,0.009713,0.027629,-0.077162,0.030884,-0.042558,0.066422,0.034128,0.055542,-0.031796,0.074898,0.061738,-0.001896,-0.062873,-0.008229,0.012278,0.032389,-0.004279,-0.019335,-0.052225,0.055497,0.063638,0.059986,-0.021327,0.002165,0.002793,0.025977,0.017997,-0.062785,0.010910,0.007295,-0.018975,0.050289,0.033835,0.018467,-0.015417,-0.048022,-0.001627,-0.006676,-0.072364,-0.004289,0.004384,0.011456,0.037462,-0.036966,0.057408,0.030426,-0.010543,-0.032297,0.080438,0.025255,-0.100255,-0.018047,-0.053159,0.046911,0.016107,0.058413,0.015151,0.069609,-0.027362,-0.072724,-0.079172,-0.081563,-0.040720,0.036925,-0.012982,-0.007877,-0.094395,0.054016,0.014059,-0.038759,-0.003034,-0.079305,0.026110,0.019697,0.055147,0.043246,0.007042,0.017273,-0.063132,0.057854,-0.142128,0.065744,-0.038850,-0.000000,-0.088698,-0.079600,0.033188,-0.138143,-0.010748,0.025469,-0.070282,0.005944,0.022523,0.058201,0.105418,0.082990,-0.020155,-0.045566,0.052916,0.002409,-0.027962,0.049865,-0.014265,0.005117,-0.005112,-0.014206,-0.045029,0.007456,-0.056775,0.004066,-0.102764,0.011843,0.006264,0.012611,0.066254,0.004827,0.053873,-0.006363,-0.025316,0.052979,-0.028464,-0.025623,0.038635,0.011243,-0.099761,-0.026674,-0.071544,-0.004613,0.015565,0.038737,-0.002511,-0.069159,0.011796,-0.020576,-0.001588,0.062871,0.024902,0.018950,-0.052446,-0.041627,0.079497,-0.085192,-0.019872,0.002542,-0.037592,0.014694,0.067679,-0.056321,-0.074315,0.021899,-0.008595,0.012470,-0.091351,0.018926,-0.017913,0.089524,-0.051609,0.003688,-0.052620,-0.021449,-0.065748,0.081154,0.126320,0.019253,0.003051,0.020123,0.074481,-0.011204,-0.002857,0.004050,0.058165,-0.046919,-0.001445,-0.037167,0.008356,0.009115,-0.050643,-0.003067,0.063028,-0.000000,-0.049976,0.015428,-0.048092,0.005099,-0.032062,0.027542,0.027366,0.062161,0.046417,0.064606,0.086327,0.039902,-0.021571,-0.013055,0.039382,0.059012,0.043160,0.054364,0.046106,-0.036031,-0.035734,0.066217,-0.053117,0.043352,-0.064778,0.018664,-0.048491,0.020435,-0.023561,-0.071181,0.058793,-0.006346,-0.052981,0.087276,0.007947,-0.068405,-0.054026,-0.031724,0.019941,-0.002341,0.009801,0.016207,-0.004549,0.063594,-0.030430,-0.039726,0.047355,0.006366,0.136077,-0.049034,0.014969,0.048017,0.022139,0.022165,-0.096689,0.102706,0.072449,0.028993,-0.029687,0.051409,-0.005125,0.063216,-0.063972,-0.008726,0.038760,-0.063828,0.050230,-0.064686,0.034645,-0.088422,0.045547,-0.011678,-0.120400,-0.099996,-0.087597,0.032750,-0.038062,-0.019850,-0.058111,-0.047231,-0.027036,0.024530,0.020606,-0.002490,-0.050160,0.026953,-0.020312,-0.026099,-0.005075,0.034938,-0.067029,-0.007270,-0.110850,-0.017779,-0.010785,-0.000000,0.011209,-0.041956,0.029048,0.037899,0.146042,-0.026935,0.017137,0.149602,-0.051004,0.016541,-0.009474,-0.018885,-0.068893,0.003292,0.038117,-0.039006,0.073687,0.100706,-0.032910,-0.030480,0.025275,0.098535,0.080115,-0.056999,-0.077735,0.021416,-0.029827,0.073643,0.035105,-0.042042,0.051633,-0.036198,0.018443,-0.055895,0.023658,0.088374,-0.085717,0.028557,0.017250,0.021448,-0.004720,-0.001317,0.039494,0.118732,-0.045393,0.005329,-0.028538,-0.076865,-0.025414,-0.105064,-0.003728,-0.006933,-0.046195,-0.037919,-0.010259,-0.059614,-0.033340,0.040103,-0.006955,-0.040521,0.088510,-0.120489,-0.049110,0.107698
-0.031029,0.005881,-0.081956,-0.024719,0.078737,-0.098558,0.003226,0.031832,-0.039373,-0.056900,0.096667,-0.047048,-0.053069,0.038398,-0.037405,-0.002866,0.009671,0.017516,0.029875,0.012642,-0.003123,0.050432,0.048008,0.056195,-0.057729,-0.043937,-0.021927,0.049852,-0.002130,-0.076342,0.041082,0.110664,0.081291,-0.000274,0.035823,0.055204,-0.052776,0.025843,-0.053227,-0.078584,-0.049454,0.016101,0.007901,-0.066551,-0.040118,-0.082092,-0.060673,-0.026241,0.042040,-0.018030,0.006046,-0.048406,-0.034346,-0.061581,0.061904,0.003991,0.010688,-0.020050,0.009397,0.008893,0.098552,-0.020781,-0.095441,0.022926,0.055348,0.043731,-0.076487,0.057058,-0.048430,-0.095794,0.028000,-0.131014,-0.006257,0.012903,-0.025356,0.013966,0.008435,0.038630,-0.038194,-0.002681,0.000548,-0.032469,-0.045556,-0.054351,-0.020643,0.047312,0.001153,-0.071247,0.089785,0.055404,0.050457,0.029540,0.082424,0.020458,-0.058540,-0.016690,0.039011,-0.040460,-0.001161,0.070963,-0.027072,0.002218,0.046291,-0.024045,-0.077126,-0.084752,0.022818,0.057770,0.050078,0.012397,-0.061308,-0.028457,0.001526,0.052394,0.009743,0.025631,-0.027194,-0.009954,0.047232,0.039751,0.086519,-0.010915,-0.088936,-0.005277,0.016695,0.035956,-0.018162,-0.000000,0.018490,-0.043322,0.026056,0.006774,0.057205,0.001701,-0.050267,-0.033675,-0.013238,-0.076105,-0.047647,-0.051594,-0.053198,0.030053,-0.014427,-0.096304,-0.124869,0.093423,0.006765,-0.005925,0.025008,0.100124,-0.023072,-0.016683,0.070235,0.001854,0.006731,0.007008,0.142557,0.069137,0.065275,0.029365,-0.060149,0.029336,0.012965,0.044980,-0.042335,-0.052521,-0.029213,0.030429,-0.013243,0.033970,-0.018210,0.025902,-0.048166,-0.005269,0.058221,0.078582,0.020152,0.064287,-0.077643,0.009414,0.019777,-0.084086,-0.048493,0.033944,0.051884,-0.029395,0.042272,-0.031867,-0.029222,0.149669,-0.032031,-0.069390,-0.002772,0.071740,0.008133,-0.011815,0.000514,0.038795,-0.034771,-0.050080,0.026912,0.055558,0.035434,0.008913,-0.018902,0.039374,-0.125336,0.017493,-0.115216,-0.009267,0.001971,-0.030362,-0.088387,0.032812,0.026731,0.044498,0.070206,-0.015195,-0.005624,-0.010090,-0.049518,0.016507,-0.053624,0.000000,-0.058275,-0.063125,0.053193,0.051868,0.057128,-0.034526,-0.041583,0.092154,0.047928,-0.012914,0.011639,0.009933,0.037949,0.050032,0.105365,0.094124,0.043567,-0.031532,-0.058301,0.009748,-0.092553,-0.018406,-0.077826,-0.036028,0.039706,0.060476,0.050519,-0.034118,-0.017915,-0.032004,-0.046905,-0.044391,-0.085038,0.068030,-0.075387,-0.005361,-0.023894,-0.085949,-0.046590,0.002399,0.054141,-0.052450,-0.059394,0.054336,-0.041145,-0.004657,-0.065566,0.042731,0.038742,-0.001169,0.064476,0.105960,0.052754,-0.060498,0.015095,0.043235,0.134583,0.045444,-0.084157,0.013060,0.036007,-0.055700,0.033947,0.006063,0.011712,0.011454,-0.016786,-0.043290,0.046234,-0.056965,0.095580,0.004752,-0.011039,-0.083883,-0.048173,0.051823,-0.025464,-0.056496,-0.044239,-0.073091,0.029867,0.007332,0.044756,0.045324,0.015940,-0.045808,-0.103585,0.012949,0.017717,0.104003,-0.029660,-0.022719,-0.013562,0.073127,0.026143,-0.000000,0.018915,-0.057017,0.143225,0.033679,0.058302,-0.017169,0.061382,0.017123,0.002042,0.112038,-0.004490,0.060511,-0.014117,0.021996,-0.035149,-0.077142,0.077366,0.030422,-0.057511,-0.022049,-0.021218,0.038449,0.002335,-0.019887,0.019740,-0.033557,0.006386,0.014949,0.038387,-0.095259,-0.028273,0.096226,0.019180,-0.043421,0.027793,0.047854,-0.079608,-0.016547,-0.079042,-0.034159,-0.026733,-0.038687,0.042936,0.048785,0.054880,0.013806,-0.049240,-0.005492,0.072350,-0.055581,0.033014,0.001376,0.009822,0.013165,0.006235,-0.005826,0.000135,-0.037849,-0.041146,-0.010474,0.013050,-0.042950,0.125204,0.023666
-0.055089,-0.002365,-0.029403,-0.049182,-0.083629,0.022921,0.020204,0.044483,-0.028267,-0.017351,-0.012051,0.153468,0.023158,-0.029465,0.037482,-0.004473,0.066582,-0.020854,-0.087123,-0.048790,-0.043903,-0.002042,0.016182,-0.003064,0.013699,0.061678,-0.058362,-0.001996,0.041672,-0.094434,-0.024014,-0.023018,0.018391,0.036853,-0.010432,0.013431,0.029018,-0.056097,-0.000153,-0.032566,0.031719,-0.058583,-0.058952,-0.042967,-0.028000,-0.018027,0.044606,0.093749,0.048444,0.063054,-0.060571,0.022159,-0.053758,-0.010719,0.027308,0.033274,-0.025770,-0.053171,-0.003995,-0.029114,0.024889,-0.002943,-0.031285,0.040481,0.086683,-0.033811,-0.052237,0.039424,-0.100069,0.043613,0.037585,-0.036116,-0.019311,-0.016582,0.022243,-0.017674,0.034108,-0.097681,0.044326,-0.007047,0.043139,-0.057287,-0.082943,0.002523,0.015186,-0.013427,0.081545,-0.068813,-0.023339,0.001689,0.024171,0.018157,-0.036763,-0.013013,-0.119960,0.017457,-0.016092,-0.061504,-0.001526,0.128595,0.004594,0.119636,0.047627,-0.106136,-0.083889,-0.100278,-0.017409,0.065452,-0.025414,0.018538,-0.075810,0.016844,-0.099289,0.045757,0.025582,0.056427,-0.055713,0.054633,0.032581,-0.002158,0.078096,0.047793,-0.013623,0.026186,-0.077502,-0.036053,-0.040561,-0.000000,-0.039298,0.013368,0.038072,0.052221,-0.009945,0.050126,-0.035862,-0.017293,-0.058521,0.073793,-0.038267,0.072998,-0.009715,-0.024005,0.113727,0.027260,-0.064436,-0.000781,0.040675,0.013665,-0.026012,0.025888,-0.012180,0.055842,0.017567,-0.042551,0.020805,0.051757,0.006447,0.033023,0.025145,-0.003744,0.036929,-0.011580,-0.067509,-0.057038,-0.069688,-0.107409,0.117632,0.047884,-0.119250,0.054637,-0.001627,0.015351,-0.012831,0.110562,-0.021208,0.018085,0.036381,0.015618,-0.038675,0.021273,-0.021606,0.000565,-0.020303,-0.028847,0.025135,-0.043964,-0.010425,0.051314,-0.016552,0.090244,-0.045263,-0.030612,-0.161650,0.006086,0.021977,0.008793,0.022864,0.028921,-0.016927,-0.020241,0.011840,-0.086114,0.032543,-0.002931,-0.016637,0.042598,0.108605,0.040417,-0.052089,0.019363,0.116182,0.026308,0.056526,0.124747,-0.002862,-0.082187,0.002809,0.041239,-0.006319,0.013865,-0.018623,0.003472,-0.029246,0.000000,0.003448,0.027212,-0.044174,0.106966,-0.060832,-0.013007,-0.110654,-0.003314,-0.044256,0.054419,0.001869,0.043522,0.027238,0.032848,0.008726,-0.053880,0.185009,-0.014768,0.064673,-0.052238,0.002874,0.127705,-0.019692,0.083689,-0.063675,0.044603,-0.126847,0.012810,-0.036700,-0.037625,0.020505,-0.050586,0.002666,0.050856,-0.020459,0.041805,-0.022851,-0.058871,0.027867,0.014580,0.050436,0.026496,0.036421,0.063502,0.000193,0.001180,0.060331,-0.001891,0.048276,0.083109,-0.102720,0.038761,-0.012453,0.000610,-0.087378,0.025483,0.000680,0.005259,-0.043971,0.026210,-0.076003,0.044337,0.016006,0.044638,0.053886,-0.020687,0.044912,-0.069493,0.055078,-0.043290,0.036867,-0.039662,-0.019886,0.034667,-0.127273,0.022236,-0.118944,-0.048683,-0.017629,0.010548,-0.098356,-0.018174,0.031763,-0.033542,-0.038005,0.025295,0.011746,-0.041512,0.016792,0.002710,-0.018716,-0.015993,-0.087183,-0.032540,0.019683,-0.000000,0.007703,-0.014586,0.028286,0.018696,0.064565,0.016712,0.018953,0.106467,0.022572,0.062984,-0.018200,-0.034689,-0.098370,0.037250,0.034064,0.005144,0.006923,0.090508,-0.074244,-0.055311,-0.006793,0.072506,0.112147,0.032039,-0.014466,0.022347,0.009373,0.063495,-0.012941,0.058777,0.059201,0.010833,0.007839,0.013487,0.037082,0.021609,-0.046326,0.004366,0.029576,-0.035972,-0.030502,0.065182,0.005904,0.034006,-0.021338,-0.034657,-0.030871,0.009424,-0.021364,-0.102276,0.063116,0.001424,0.036750,0.000542,-0.002545,-0.044144,-0.027937,0.001947,-0.020877,0.022347,0.052983,-0.065298,0.030112,0.100740
-0.044308,-0.024897,0.080265,0.086616,0.025107,-0.105564,-0.033412,-0.005454,0.003052,-0.072208,-0.037418,-0.007002,0.015438,-0.030134,0.014290,-0.017180,0.006042,-0.082114,-0.112214,-0.064914,-0.027711,0.024657,-0.012816,0.061966,-0.043970,0.058747,-0.083104,0.092057,-0.016119,-0.027247,-0.071046,0.027466,-0.067024,-0.003755,0.043191,0.004563,-0.045522,-0.021565,-0.051218,0.009074,-0.012808,-0.089838,0.083968,0.050210,-0.014604,0.075272,-0.047583,-0.021305,0.101452,-0.078107,-0.083924,0.007160,0.020592,-0.051423,-0.046858,-0.006764,-0.017215,0.021572,-0.016783,-0.013358,0.007710,0.007337,-0.067196,0.054278,0.033862,-0.057335,0.030929,0.045818,-0.074533,0.003471,0.081052,0.037914,-0.063492,-0.053708,-0.001437,-0.104785,-0.004610,-0.032632,0.066381,0.031155,-0.008090,-0.122999,-0.041497,-0.032813,-0.052143,-0.003568,0.166223,-0.164930,-0.069377,0.068047,-0.001248,-0.036873,-0.017249,0.092059,0.011516,0.051771,-0.006902,0.052446,-0.004096,-0.006375,-0.004855,0.030964,-0.036353,0.088775,0.016623,0.103028,0.002822,0.026090,-0.006273,-0.008053,-0.006728,0.030093,0.021064,-0.013976,-0.074035,-0.079786,-0.117248,0.013285,-0.071195,0.025385,-0.045230,0.009989,-0.065750,0.060404,0.010796,-0.042596,-0.004310,-0.000000,0.028363,-0.027948,0.046915,0.015141,-0.003338,-0.015416,-0.116695,0.077547,-0.032266,0.046750,0.005678,-0.006540,-0.081543,-0.020913,-0.023748,-0.041242,0.003501,0.068243,-0.041200,0.026884,0.017606,-0.048770,0.029279,0.025790,0.025096,0.039454,0.024456,0.015674,-0.111988,0.021393,0.000468,-0.014182,-0.035158,0.031225,-0.068121,0.046944,0.016625,-0.015665,0.018477,0.022870,-0.034197,-0.012862,-0.047228,-0.037163,0.008522,0.025474,0.008550,-0.026048,-0.049730,0.071558,-0.001108,0.024190,0.002804,0.040876,0.063947,-0.013276,0.069154,-0.038765,-0.038799,0.024260,-0.133998,0.068711,-0.017777,-0.013208,0.041961,0.019561,0.040780,0.089757,0.005318,0.096709,-0.012735,-0.066668,0.095076,0.027242,0.055385,-0.008092,-0.065409,-0.045988,-0.018299,-0.050196,-0.070850,0.028548,0.046310,-0.094598,0.060856,-0.027152,-0.043387,0.042955,0.039103,0.037432,0.009866,-0.081226,0.038795,0.076871,-0.021280,0.000000,0.003901,0.004650,-0.066664,0.030499,0.029113,0.030207,0.069610,-0.011364,-0.053098,0.020485,0.044771,-0.043249,0.016643,0.006818,0.079924,-0.012006,-0.014252,0.011161,0.030183,0.000353,-0.006792,0.080881,-0.014091,0.069125,-0.052971,-0.001039,-0.129404,0.034932,0.003605,0.021761,-0.004364,0.037011,-0.069739,0.013322,-0.072284,0.053927,-0.012834,0.002662,0.016339,-0.050054,0.005397,-0.001720,0.116332,-0.001554,-0.056259,0.054380,0.041124,-0.082944,0.090873,0.096613,0.095926,-0.066687,-0.017670,0.051288,-0.044019,-0.083711,-0.042795,0.000999,-0.008668,-0.003431,0.137225,-0.003608,-0.012494,-0.007414,0.009378,-0.030791,-0.013333,0.030381,0.087845,-0.000919,0.039312,0.008741,0.027770,0.043946,-0.007643,-0.029098,0.030970,0.050594,0.009341,0.021177,-0.102504,-0.001300,0.033452,0.097715,0.023489,-0.032198,-0.026715,-0.016451,0.101027,0.003298,-0.002763,0.061204,0.023448,0.056191,-0.037521,-0.000000,0.007204,-0.019008,0.020114,0.048786,0.002313,-0.033480,-0.000792,0.123952,-0.016290,-0.052670,0.056077,0.050564,0.106019,0.011374,0.062987,-0.062601,-0.097345,-0.017546,0.059340,-0.059710,-0.007354,-0.051505,0.019569,0.053877,0.050548,0.015686,-0.001644,-0.000560,0.023665,0.016474,-0.091169,-0.034326,0.039703,-0.060250,0.010910,0.047871,-0.002733,0.093625,0.025275,-0.100245,-0.013737,0.021821,-0.074731,0.019489,-0.026431,-0.035173,-0.071765,0.056257,-0.011056,0.026518,0.046709,0.042257,0.069232,0.059989,0.037850,-0.030179,-0.085956,0.081781,-0.013725,0.057340,0.015211,0.009453,-0.078897,-0.018369
0.011145,-0.053901,0.136269,0.058345,0.114595,-0.082463,0.040348,-0.001116,-0.084446,-0.053449,-0.045406,-0.047214,-0.047129,-0.033209,0.023397,0.016230,0.027940,-0.092040,-0.064235,0.019398,-0.036493,0.069441,0.025851,-0.004546,-0.011351,0.015282,-0.019571,-0.018775,-0.045752,-0.068171,0.089758,0.044896,0.024515,-0.070838,0.051548,-0.004673,-0.021328,-0.049770,-0.039669,-0.025337,0.032905,-0.063045,0.030990,0.039755,-0.023447,0.061338,0.009211,0.023772,0.094137,-0.098804,-0.011581,-0.057708,-0.002240,-0.001172,-0.027271,-0.032800,-0.077504,-0.024056,-0.011995,-0.017400,-0.072643,0.035690,-0.020874,0.023171,0.025245,0.032789,-0.080900,0.042713,0.016976,0.043504,-0.071726,0.011081,-0.032162,0.030370,-0.034748,-0.008663,0.013295,-0.062253,0.061240,0.037818,0.035158,-0.029214,-0.032292,0.032510,-0.009827,-0.009120,0.024092,-0.128633,-0.085727,0.016805,0.018211,0.036730,0.058949,0.011426,0.001001,-0.021664,0.033958,0.027858,-0.020401,0.066876,-0.049640,0.059269,0.042487,-0.044813,-0.038765,0.042792,-0.007419,0.017075,-0.007476,0.048564,-0.052424,0.043606,-0.003219,0.042369,-0.021279,0.055903,0.028095,-0.008562,-0.082422,-0.012637,-0.043100,0.007808,-0.007080,0.043919,-0.106002,-0.077213,-0.034317,-0.000000,-0.002725,-0.000699,0.075731,0.100192,-0.007792,-0.060616,-0.037351,-0.034582,0.099009,0.101207,-0.007897,-0.009565,-0.073657,0.077741,0.034543,-0.014854,-0.091941,-0.025359,-0.033241,0.038399,-0.065406,-0.034226,-0.040233,0.100527,-0.019645,0.006371,0.054640,-0.016614,-0.040708,-0.000315,0.021154,0.029683,-0.040015,0.007728,-0.041109,0.083708,0.008840,-0.028466,-0.008403,-0.035202,-0.072752,0.016371,-0.029622,-0.056737,-0.028156,0.004310,-0.031008,0.077961,-0.028812,0.056597,0.039618,0.013562,0.042248,0.071866,-0.018716,0.030679,0.082169,-0.037730,-0.017372,0.057585,-0.026889,0.126983,-0.034534,0.044913,-0.115407,0.051461,-0.072989,0.041801,0.030231,0.052715,0.019533,0.005921,0.053372,-0.045505,0.035401,-0.042885,-0.043672,-0.017232,-0.054140,0.014968,0.060404,-0.021957,0.035381,-0.072479,-0.001777,-0.039162,0.006227,0.021668,0.062409,0.041719,0.022923,0.015143,0.035737,0.010465,-0.001621,0.000000,0.046322,-0.009323,0.081956,0.093208,0.043137,0.038524,0.019293,0.011805,-0.028887,0.048758,0.009024,0.071010,0.020360,-0.055974,0.135855,0.042211,0.017968,0.025395,-0.013727,-0.012892,-0.054772,0.089803,0.108696,0.009488,-0.055602,0.062949,-0.018142,0.065982,0.015987,-0.057370,0.015745,0.029309,-0.039051,-0.025118,-0.042060,-0.010662,-0.011454,0.009756,0.028238,-0.085460,-0.039189,-0.043884,-0.025235,0.012789,-0.058333,0.038499,0.034734,-0.128753,-0.023426,0.037797,0.070995,-0.022233,-0.125143,0.032125,0.029596,0.107207,0.086860,-0.052721,-0.023477,0.032038,0.074141,0.125101,-0.051323,-0.055275,0.040689,-0.090263,0.009953,-0.042106,0.024330,0.012269,-0.039800,0.011166,-0.086911,0.025990,-0.068822,0.021084,0.038137,0.029657,-0.021234,-0.015993,-0.100316,-0.026543,0.051966,0.007597,0.037319,0.014204,-0.159822,-0.050007,0.053294,0.133785,-0.013566,0.024542,-0.028357,0.056847,0.048792,-0.000000,0.022912,-0.004035,0.094191,0.070279,-0.059703,0.022061,0.006844,0.131085,-0.009685,-0.069379,0.059433,0.060465,0.008919,0.041172,0.027405,-0.046890,-0.068128,-0.020967,-0.089406,0.013863,-0.024994,0.031240,0.010911,0.042140,-0.021125,-0.066299,0.007676,0.072364,-0.023051,0.061657,0.003642,-0.010171,-0.032780,-0.052968,-0.020329,0.051082,0.014084,-0.054158,-0.025265,-0.017133,-0.099632,-0.034708,-0.064356,0.084300,-0.019012,-0.071608,-0.087404,0.048475,0.039501,0.020694,0.057072,0.026689,-0.018432,0.088604,0.009045,0.056537,-0.058738,0.004025,0.072549,-0.024512,0.032679,-0.052673,-0.039382,-0.036370
0.000775,0.017582,0.025372,-0.004029,0.074577,-0.033020,-0.052489,-0.009007,-0.039415,-0.028620,0.044122,0.033423,-0.043650,0.047703,0.023757,0.040517,-0.030630,-0.046554,0.005478,0.000790,-0.077786,0.024904,0.057360,0.040710,-0.059196,0.021149,-0.051025,0.039164,-0.011056,-0.108347,0.035168,-0.014341,-0.088607,0.010191,-0.018856,0.055807,0.008474,0.009568,0.023127,-0.016239,0.031233,-0.087917,-0.046160,-0.052503,0.027300,-0.056327,-0.052485,-0.020455,0.062583,-0.034632,0.016516,-0.005638,0.024876,-0.082990,0.063993,0.124524,-0.011373,-0.016577,0.069744,-0.021830,0.073376,-0.032134,-0.091739,0.009943,-0.027527,-0.017495,-0.020854,0.065643,-0.065349,0.073727,0.057336,-0.068847,-0.011870,-0.053742,0.061968,0.015692,0.022100,0.005997,0.042808,-0.026086,0.069151,-0.067652,-0.012130,-0.062352,0.019412,-0.014057,0.029945,-0.109341,-0.038273,0.089673,0.111700,-0.040655,0.069033,0.040599,-0.005698,0.053041,-0.004385,-0.072734,0.038549,0.045386,-0.003102,0.057607,0.006872,-0.013926,-0.067537,-0.096337,0.047217,0.056501,0.039683,-0.016140,0.007877,-0.018221,-0.028590,-0.003468,-0.040601,0.062062,-0.087315,0.023211,0.028053,-0.034446,0.054284,0.059348,-0.023418,0.031506,0.044487,0.010077,0.029037,-0.000000,0.024876,-0.070318,-0.028848,0.007084,0.022270,0.089750,-0.071761,-0.002173,0.040225,-0.132004,-0.070011,0.034468,-0.023455,0.034680,-0.075011,-0.129954,-0.039339,0.104132,-0.040767,-0.011090,0.103067,-0.032504,-0.008465,0.000042,0.032590,-0.002420,0.018302,0.036972,0.064875,0.067206,0.039252,0.028345,-0.085873,0.029256,-0.031466,0.087189,-0.053344,-0.073502,0.017956,-0.023423,-0.027451,0.036072,-0.125406,0.046990,-0.030127,-0.012927,0.110654,0.039373,-0.000712,0.016377,-0.051513,0.022801,-0.053864,-0.064327,0.021309,0.034041,0.009581,0.005923,0.028595,-0.040663,-0.005723,0.088273,-0.058693,-0.026086,-0.016428,0.163589,0.004523,-0.008512,-0.089003,0.060950,0.012470,-0.032364,-0.014410,0.038688,0.007493,-0.016862,-0.036491,0.036947,-0.036790,-0.004996,-0.144668,-0.031350,0.024323,-0.040628,0.045770,0.053205,0.005715,-0.012355,0.076258,0.012786,0.013172,-0.016970,0.003722,0.072313,-0.004288,0.000000,-0.055935,-0.005007,-0.037506,0.060264,-0.024488,-0.053935,-0.011492,0.057056,-0.007214,-0.030265,-0.015010,0.062830,-0.017876,0.051984,-0.015588,0.030241,0.081317,-0.022398,-0.022187,-0.004030,-0.038762,-0.019013,-0.056083,0.036622,0.002956,0.092259,-0.024902,-0.031231,-0.014026,-0.067968,-0.041938,-0.037260,-0.060882,0.065430,-0.011291,0.089599,-0.133707,-0.042792,-0.028769,0.055588,0.056361,0.022450,-0.021994,0.073706,0.024935,0.057691,-0.002126,0.025697,0.042450,0.024694,-0.007894,0.106293,-0.004090,0.014469,-0.044038,0.020446,0.092515,0.034529,-0.149655,-0.022051,-0.009749,-0.018908,0.104870,0.009421,0.091925,0.010458,-0.008556,-0.069944,0.074838,-0.044140,0.070722,-0.009996,-0.055895,-0.026386,-0.083296,0.070707,-0.053168,-0.110724,0.000031,0.011192,-0.084798,0.036682,0.023277,-0.041597,-0.031802,-0.025185,-0.025024,-0.055290,0.035781,0.085859,-0.009758,-0.053666,-0.023826,0.057046,0.020204,-0.000000,-0.009349,-0.046385,0.029186,0.052171,0.123790,0.005954,0.093559,0.049748,0.028306,-0.005602,0.064457,0.057894,0.025571,0.025449,0.045516,-0.018022,0.033008,-0.000782,-0.056716,0.009619,-0.083295,0.053973,-0.045760,0.033475,0.021072,0.046337,-0.049164,0.055009,0.029336,-0.077798,0.003412,-0.030407,-0.015586,-0.007544,-0.045673,0.045682,-0.017041,0.001523,-0.017687,-0.041936,0.011947,-0.035270,0.030829,0.060012,-0.054581,-0.059598,-0.073857,0.054679,0.013532,-0.038516,-0.014808,-0.055081,0.053866,0.021373,0.052326,-0.004551,-0.073269,-0.052531,-0.090258,0.047024,-0.006852,-0.107562,0.094882,0.031135
0.003838,-0.058691,0.060398,0.057829,0.020679,0.028380,-0.010765,-0.033630,-0.099494,0.020924,-0.014451,0.103506,-0.010037,-0.000839,-0.014218,0.037734,0.066279,-0.046008,0.048757,-0.012622,-0.062783,-0.054156,-0.004203,0.045722,-0.051232,-0.047542,-0.011295,-0.012889,-0.022771,-0.018568,-0.053877,-0.038018,-0.091420,0.021978,0.090167,-0.052975,0.080945,-0.028994,0.053371,-0.004890,0.035152,-0.088579,-0.032361,0.109601,0.011009,-0.009187,-0.027334,-0.063275,-0.069129,0.024148,0.014356,0.001339,0.068070,-0.008216,0.031484,-0.047074,0.032974,0.004537,0.029406,0.058700,-0.078613,-0.063924,-0.057999,-0.022414,-0.007933,-0.001695,-0.068312,0.104346,0.054221,-0.002047,0.041866,-0.003254,-0.063418,0.083155,0.002939,-0.010005,-0.070399,0.060090,0.024382,-0.056253,-0.060061,-0.044654,0.023449,-0.013542,0.009371,-0.008569,-0.024184,-0.003048,0.031508,-0.073196,-0.031035,-0.038305,0.032268,0.038560,0.010958,0.060048,-0.049578,0.037439,0.012328,0.045177,0.020785,0.042872,-0.013679,-0.034391,-0.018411,0.006141,-0.068258,-0.040369,0.001087,-0.036917,0.088044,0.012718,0.050225,0.142497,-0.017782,-0.044735,-0.089923,-0.020243,0.025934,-0.007901,-0.032840,0.065485,-0.045654,0.000508,-0.025859,-0.074056,0.044658,-0.000000,-0.022789,-0.005502,0.034176,0.010265,0.056822,-0.021001,-0.035193,-0.062982,-0.014175,0.028532,-0.025388,-0.030320,-0.015459,-0.014159,0.086588,-0.121506,-0.083028,-0.032234,0.029673,-0.032023,0.081170,-0.020951,0.000228,-0.024638,-0.054061,-0.033794,-0.090620,0.013736,-0.018400,0.025771,0.000296,0.109462,0.040407,0.078313,-0.030530,0.011692,0.019468,0.011554,-0.029392,0.045637,-0.031419,-0.041069,0.006857,0.002086,0.015703,0.019544,0.029826,-0.070669,-0.080572,-0.011912,-0.027445,0.019882,0.038059,-0.094015,0.035763,0.024755,0.036210,0.030371,-0.003900,0.071698,0.030153,0.029579,-0.004065,0.066128,-0.031605,0.018035,0.022671,-0.020107,-0.033198,0.006715,-0.032233,0.007297,-0.039712,-0.004148,-0.021373,-0.010414,0.009322,0.075592,0.015773,-0.066935,-0.081295,-0.041278,-0.053348,0.028173,0.139537,0.061273,0.055286,-0.072716,0.017154,0.002917,-0.054480,0.062594,0.020881,0.101368,0.010922,0.000000,-0.044819,0.018141,0.075175,0.015609,-0.046825,-0.028088,0.105110,-0.128924,0.025515,0.076307,-0.042149,0.023364,-0.016099,0.128685,0.009597,-0.101428,0.073683,0.042168,0.032473,-0.057676,-0.025159,-0.015573,-0.085018,-0.042918,0.013010,0.022458,-0.017733,-0.073157,-0.097873,-0.045069,-0.028122,0.033602,-0.060875,-0.049195,-0.001533,0.022473,0.146586,-0.000870,0.037704,-0.082002,0.015472,-0.017940,-0.015290,0.051818,-0.006646,0.053861,-0.035883,0.055832,-0.060623,0.014404,0.004109,0.042493,-0.053374,-0.024138,-0.012118,-0.023181,-0.005121,-0.025678,-0.022572,0.046942,-0.022232,0.036949,-0.014923,0.019474,0.101773,-0.018640,-0.031821,-0.018856,0.011308,0.046105,0.065950,0.025655,-0.091546,0.018634,0.000157,0.062822,-0.007062,0.053145,-0.078414,0.020789,0.020378,-0.105570,0.033477,-0.040788,0.014321,0.104909,-0.013455,0.022700,0.059593,0.024109,-0.031155,-0.088725,0.109438,-0.015900,-0.082827,-0.000000,-0.003080,0.021869,-0.016887,0.057405,0.017746,0.062104,0.014711,0.038360,-0.076586,-0.033270,-0.018162,0.057883,-0.046070,0.101410,0.041477,0.037090,-0.006021,0.072272,-0.028120,0.045036,-0.050631,0.062594,0.038905,0.037664,-0.068051,0.010123,0.021843,0.023968,0.054864,0.032281,0.046243,-0.029370,-0.055514,-0.011493,-0.009577,-0.035527,-0.078403,0.043784,0.069144,-0.099528,-0.042410,0.037657,0.056826,0.032449,0.054430,-0.007694,-0.150049,0.082291,0.058335,-0.030526,-0.059326,-0.062598,0.040631,0.000515,0.195706,0.004864,0.023277,-0.069638,-0.097909,-0.069247,0.058258,-0.014887,0.062071,-0.004475
-0.057012,-0.079410,-0.084086,-0.004301,-0.012169,-0.002859,-0.072253,0.001300,-0.041883,-0.040752,0.006746,0.099241,-0.021334,0.005887,-0.043164,-0.020476,0.001539,-0.077687,-0.029239,-0.100386,0.093338,0.008195,0.025814,0.054349,-0.029074,0.080911,-0.056515,-0.010692,0.033427,-0.010800,-0.070825,0.056512,-0.061281,-0.051989,-0.006206,0.012115,-0.058291,0.028734,0.019757,-0.009988,-0.003510,-0.135338,-0.076751,-0.020607,0.019800,0.031045,-0.044143,-0.141351,-0.027562,-0.054223,-0.033935,-0.028850,0.026624,-0.054551,0.082995,-0.041874,0.073467,-0.009411,-0.006174,-0.064072,0.057383,0.032060,-0.065829,0.069187,0.014658,0.010023,-0.033808,-0.012597,0.061699,-0.018339,-0.025457,0.002029,-0.052147,-0.027076,0.003198,-0.013082,0.023861,0.017253,0.075009,-0.008108,0.004976,-0.041566,0.018129,-0.092107,-0.014795,0.022110,0.001302,0.044185,-0.008120,0.038833,-0.049372,0.138954,0.018737,-0.051981,-0.014238,-0.004153,-0.022961,0.028975,0.074712,-0.081697,-0.034546,0.047281,-0.026131,-0.065902,-0.067442,-0.056919,0.020642,0.105500,-0.005702,-0.024666,0.012711,-0.047205,0.064568,-0.044107,-0.058559,0.108537,-0.045885,-0.001945,0.108455,0.087899,0.036990,0.029997,-0.007024,-0.023540,0.006273,0.025516,0.122126,-0.000000,-0.095824,-0.131269,-0.036688,0.043450,-0.064727,0.039153,-0.102925,0.050272,0.023643,-0.050750,0.056320,0.045082,-0.125835,0.034903,0.068816,-0.102563,0.061086,0.076048,0.029296,-0.028827,0.009240,0.001158,-0.013652,0.031102,0.040742,0.004982,0.015466,0.011025,-0.129594,0.013985,-0.023098,0.132497,-0.089815,0.026797,-0.051841,0.056681,-0.010555,0.035266,-0.016525,0.023416,-0.009937,0.018908,-0.021417,0.014552,-0.046289,-0.030411,0.016454,0.047618,-0.018496,0.053637,0.031257,0.061870,0.014955,0.005462,0.040849,0.083466,0.021265,-0.056853,-0.093582,0.000565,-0.032851,0.071733,-0.072000,0.042455,0.032862,0.085500,-0.045182,0.072203,0.012089,0.076384,-0.005478,-0.065838,0.001011,-0.042729,-0.006705,-0.069579,-0.025251,-0.019162,-0.031347,0.067271,0.012869,0.042158,-0.024877,-0.103259,0.079262,-0.088102,-0.025885,0.081404,-0.011963,0.069958,-0.058218,-0.039095,0.084385,0.096285,0.047454,-0.000000,0.023361,0.058944,-0.046707,0.081817,0.027366,0.045855,0.014639,-0.023522,-0.011456,0.022552,-0.012908,-0.006974,0.006886,0.037704,-0.120953,-0.058224,-0.027352,-0.008281,-0.013350,-0.009017,0.000203,-0.066324,-0.057422,-0.011156,-0.060759,0.011463,-0.127436,0.003353,-0.023193,-0.012956,0.027571,-0.066201,-0.086722,-0.047029,-0.040726,-0.052952,0.034756,0.029306,0.017476,0.020627,0.077245,-0.039499,-0.025246,0.057248,0.029592,-0.002662,0.012818,-0.096108,-0.052792,0.036043,0.062487,0.024148,-0.012698,-0.014486,-0.059480,0.053253,0.017563,0.010684,-0.117513,-0.019291,0.115579,-0.019311,0.049591,0.031541,-0.013124,-0.020013,0.011957,0.036607,-0.009525,0.002114,0.090574,0.038464,-0.042410,0.074297,-0.060745,-0.097633,0.047220,-0.115417,0.053119,-0.007261,-0.015130,0.024723,0.008508,0.002319,-0.044188,-0.076262,-0.050991,-0.023396,0.093816,0.016115,0.029213,-0.002888,-0.085055,0.027095,-0.060026,-0.000000,-0.014271,-0.023406,0.030323,0.017742,0.053520,0.053555,0.061787,-0.018780,0.035072,-0.025006,0.068984,0.052809,0.047552,-0.026080,0.015073,-0.019023,0.043776,-0.024761,0.046114,-0.040985,0.008487,0.010493,-0.047525,0.035363,-0.032956,-0.040969,0.029383,0.069333,0.030754,-0.034092,-0.003800,0.025523,0.066974,0.021864,0.022316,-0.039866,0.020881,0.028341,-0.010048,-0.051460,-0.008000,0.033279,-0.030630,0.022108,-0.001736,-0.029407,-0.069035,0.054344,-0.044560,0.031945,0.066992,-0.007475,0.021806,0.060149,0.031506,-0.051284,0.000194,-0.000479,-0.037638,-0.040440,-0.002352,-0.039049,0.108664,0.030359
0.002863,-0.085097,-0.023235,-0.082497,0.057503,-0.022822,0.007771,0.026502,0.060873,-0.009701,-0.041504,0.068747,0.010908,-0.013895,0.110056,-0.007485,-0.005285,-0.005916,0.028098,-0.002339,-0.003602,-0.080401,0.025709,0.024201,-0.097813,-0.036742,-0.064197,0.011909,0.058916,0.009067,0.085074,0.091428,0.001312,-0.012405,0.057672,-0.028199,-0.120735,-0.042085,-0.041797,-0.009138,0.035179,-0.018692,-0.059396,0.054570,-0.003009,-0.101970,-0.089714,-0.007750,0.063395,0.097742,-0.052146,-0.030779,-0.027343,-0.002793,0.018529,-0.049925,0.023887,-0.007015,-0.028022,0.018028,0.012921,-0.039696,-0.125628,0.080537,0.081544,0.057947,-0.042909,0.009543,0.007856,-0.083510,-0.058150,-0.007525,-0.061438,0.047549,0.006059,0.022736,-0.059546,-0.044105,0.003385,-0.084446,-0.001961,-0.034776,-0.014327,0.003274,0.043557,-0.012345,-0.046010,-0.037950,0.027429,-0.043241,0.005430,-0.006226,0.030908,0.066934,-0.065131,0.048460,-0.006115,0.005055,0.011827,0.069523,-0.016367,-0.070146,-0.001009,-0.009417,-0.023346,-0.049539,-0.001046,-0.074396,0.024936,-0.011977,-0.013633,-0.003828,0.089754,0.111140,-0.025194,0.046418,-0.092143,0.048076,0.053345,0.087741,-0.015938,0.022319,0.020057,-0.099381,0.032936,-0.036717,0.018042,-0.000000,-0.023292,-0.028935,0.067400,0.015000,0.028224,-0.017178,-0.011300,0.000740,-0.056997,-0.072200,-0.003008,0.018739,0.032140,0.009239,0.089992,-0.005316,-0.064926,0.146652,0.053085,0.004511,0.061952,-0.107348,-0.023347,0.005198,-0.012803,0.064887,-0.032386,-0.012019,0.027206,0.036627,0.025497,0.093868,-0.061221,0.040067,0.004972,0.062816,0.028264,-0.013649,-0.002483,0.046285,-0.066635,-0.007300,0.032414,-0.042881,-0.010708,-0.085152,-0.019825,-0.055126,-0.044805,-0.004396,0.015393,0.059547,0.003474,-0.035635,0.006606,0.043943,-0.009835,-0.022522,-0.026934,0.061241,-0.032191,-0.054648,-0.082241,0.041440,-0.013815,0.075426,0.029884,-0.092160,0.025513,0.021308,-0.071481,-0.004074,0.031439,-0.026517,-0.035736,-0.052171,0.085360,0.054840,-0.013807,0.014972,-0.065360,-0.022018,-0.137510,0.030585,-0.021490,0.077449,0.047506,-0.108923,-0.077411,0.004551,0.010906,0.025330,-0.023294,0.039261,-0.001750,0.000000,-0.124538,-0.008324,0.008909,-0.005256,0.096240,0.032345,0.012151,-0.086747,-0.012464,0.088133,-0.007523,0.060806,-0.007416,0.013745,-0.088609,-0.012142,0.040034,0.017822,0.032842,-0.016062,0.012964,0.104572,0.010335,-0.032677,0.010140,-0.010851,-0.055684,-0.083015,0.019298,-0.048369,0.006083,-0.021170,-0.129087,-0.057074,0.029327,0.017071,0.101633,-0.054236,-0.023582,0.000108,0.031906,-0.055739,-0.054955,0.004085,0.022846,0.068122,-0.027610,0.003744,0.008059,0.009121,0.003683,0.016597,-0.055192,-0.114552,-0.032841,-0.002274,0.058104,-0.033985,-0.019560,0.067753,0.009931,0.024862,-0.048369,0.046597,0.055439,0.033295,-0.013665,-0.009933,-0.062991,0.023728,-0.026677,0.048782,-0.095508,-0.031542,-0.049780,0.009583,-0.004893,-0.087987,-0.078987,-0.032720,-0.011842,-0.056906,0.088093,0.005118,-0.105935,-0.004901,-0.030537,-0.018080,0.027460,0.016942,-0.071600,0.055345,0.095542,0.036642,-0.036194,-0.000000,0.044958,0.006978,0.083425,0.029692,-0.001818,0.031737,-0.055862,0.044067,0.003018,-0.062878,-0.002861,0.026723,-0.069471,0.077434,0.111507,0.023310,-0.025684,0.061801,-0.070954,0.052798,0.002355,0.127447,0.085089,-0.011245,-0.029301,0.024987,0.096965,0.023640,0.050611,0.012160,0.016133,-0.014307,0.059082,0.041416,0.034763,-0.050836,-0.032926,0.043744,0.047090,-0.031154,-0.052470,0.007560,-0.009377,0.057842,0.032238,0.036198,-0.111132,-0.050209,0.058813,0.005426,-0.073293,0.008991,-0.010628,-0.006543,0.135284,0.112633,0.033531,-0.108838,0.029151,-0.029004,0.073591,-0.013287,0.011129,0.011628
-0.069769,-0.040423,0.036452,-0.049064,0.055507,0.040439,-0.030730,0.004673,-0.010015,-0.044850,0.025012,0.123527,0.044051,0.022835,-0.000452,0.042212,-0.031496,-0.073334,-0.011158,-0.027939,-0.068315,0.046800,0.083711,0.006690,-0.157109,0.043822,-0.055992,-0.040291,0.049379,-0.070610,-0.010581,-0.046983,-0.022477,0.032822,0.015995,0.026232,0.017886,-0.073432,-0.001842,0.005343,0.040602,-0.107599,-0.014129,0.064116,0.016572,0.049548,-0.018724,0.029681,0.085685,0.034129,-0.035865,-0.071349,0.020767,-0.048359,-0.030352,0.053577,0.007723,-0.031532,0.023404,-0.058421,0.067374,-0.016872,-0.049535,0.007816,-0.010936,-0.028665,-0.033327,0.043502,-0.097532,0.064141,-0.040289,0.035479,0.034287,0.019551,0.021396,0.031414,0.028066,0.043207,0.071820,-0.027657,0.047645,-0.042653,-0.033677,-0.022107,-0.104936,-0.045273,0.017622,0.024253,-0.022298,-0.064186,-0.008375,0.028563,0.010564,-0.004842,-0.034251,0.014682,-0.073317,-0.104610,-0.046440,0.039245,-0.026260,0.073701,-0.026448,-0.101642,-0.024657,-0.057090,-0.022761,0.021420,0.042938,0.003668,0.041961,0.005642,-0.081576,0.088357,-0.019461,-0.032608,-0.061478,0.025680,0.011103,-0.084561,0.039997,0.069470,0.004490,-0.039931,0.006960,-0.019747,0.026905,-0.000000,-0.042218,0.076489,-0.016669,0.097721,-0.033837,0.060973,0.009361,-0.010453,-0.064760,-0.003129,-0.044515,0.093284,0.008369,0.080841,-0.067452,-0.142126,0.003643,0.030298,-0.024380,-0.007373,-0.014131,-0.020293,-0.043732,0.063715,0.058105,-0.028295,-0.018631,0.008185,0.013878,0.032024,0.023895,-0.019114,-0.059766,0.008947,-0.069151,0.033117,-0.160957,-0.104742,0.036987,0.003493,-0.015724,0.019004,-0.083190,0.037215,0.007527,0.029129,0.048334,0.017010,0.029319,-0.054582,-0.076071,0.034003,-0.043849,0.002103,-0.018887,-0.030288,-0.065896,0.013876,0.005021,-0.033327,0.004371,0.069373,-0.055444,0.010900,-0.086835,0.060005,-0.024348,0.026916,-0.083991,0.106793,0.014669,0.013678,0.049614,0.018817,0.001847,0.045830,-0.011684,0.015856,0.075573,-0.013116,-0.021245,0.024376,0.007510,-0.004744,0.111932,0.033253,-0.021500,-0.054386,-0.036741,0.038696,0.031202,0.033570,0.046278,0.135840,-0.026489,0.000000,0.016169,0.056339,0.033772,0.045712,-0.009708,-0.054009,0.014901,0.051600,-0.012866,0.032917,0.002969,0.008818,0.033678,0.021216,-0.134556,-0.003027,0.147951,-0.014338,0.043570,-0.106600,-0.047441,0.085996,-0.128234,0.027973,-0.054038,0.033241,0.036902,0.053976,0.017198,-0.048943,-0.005395,-0.089226,-0.076422,0.039139,-0.000159,0.024063,-0.002683,-0.051711,0.037515,-0.000832,0.062329,-0.017111,-0.014373,0.038072,-0.007461,0.002493,0.070209,-0.054457,-0.082270,0.029733,0.021922,0.055091,0.004994,-0.097532,-0.051281,0.047038,0.079109,0.001773,-0.031682,-0.021994,-0.086563,0.049208,0.066174,-0.001244,0.157608,-0.008129,0.049330,0.017272,0.015347,0.024087,0.059969,0.049620,-0.047195,0.068728,0.017615,-0.095131,0.005185,-0.101139,0.009754,0.027285,0.022805,0.028061,-0.054799,-0.071625,0.067088,0.031239,-0.005624,0.004481,-0.009967,0.084485,-0.059065,-0.002294,-0.063823,-0.069679,0.060888,-0.000000,-0.017431,0.039874,0.004492,0.051390,0.059666,0.028431,0.030293,-0.013031,-0.010833,-0.025929,0.064752,0.053898,0.027454,0.089720,0.031696,0.065541,0.015777,0.027192,-0.021160,-0.021216,-0.041806,0.080937,0.035653,0.078677,-0.064361,0.005666,-0.039154,0.040631,-0.031048,-0.090211,0.002697,0.038159,-0.067223,0.014131,-0.038419,0.006993,-0.010590,-0.017817,0.005722,0.038384,-0.028159,-0.041803,-0.030695,0.035180,-0.122477,-0.062979,-0.048866,0.051249,-0.059134,0.025894,0.034980,-0.061843,0.065959,0.086288,0.053217,0.001251,-0.028559,-0.009157,-0.007367,0.073492,0.004429,-0.045806,0.029518,0.100638
-0.046421,0.023547,-0.070711,0.005234,0.045949,-0.004736,-0.011499,-0.082261,0.026079,0.007171,-0.059623,-0.000319,-0.037295,-0.023113,-0.007398,0.012328,0.024140,0.020870,-0.039089,0.050311,-0.064504,-0.028922,0.009856,-0.009072,0.010401,0.013156,0.048191,0.020569,-0.018761,-0.094652,0.065170,0.048303,-0.027144,0.019429,0.060646,0.142619,-0.080157,-0.026208,-0.005032,-0.016782,0.013054,-0.001931,-0.025920,0.046138,0.022084,-0.050877,-0.085813,0.006821,0.050988,-0.054772,-0.047269,-0.012775,-0.052297,-0.062870,-0.040826,0.014800,-0.075307,-0.078275,-0.002393,-0.026578,-0.000256,0.007973,0.036716,0.101969,0.074764,0.012274,-0.033885,0.125725,0.000569,0.050977,0.010232,-0.055623,-0.009421,0.052730,-0.017596,0.025430,0.019621,0.061070,0.076206,-0.021691,0.055303,0.007282,-0.024544,-0.011270,0.026137,-0.015411,-0.041078,-0.021838,0.041038,-0.019104,0.001223,0.006914,0.153152,0.036252,-0.081593,-0.028839,0.002769,0.023201,-0.060294,0.089739,0.018567,0.045985,0.055725,0.002659,-0.061197,-0.035656,0.029057,-0.019693,-0.004033,-0.052522,-0.051577,0.060891,-0.065209,-0.004746,-0.016456,-0.101089,-0.044417,-0.045399,0.058802,0.078768,-0.040699,0.006163,-0.087478,0.035603,-0.029443,-0.001230,-0.059015,-0.000000,-0.056908,0.048105,0.082045,0.055642,-0.015191,-0.000670,-0.040993,-0.019511,-0.123472,-0.020693,0.102283,0.086429,-0.024529,0.096883,-0.018268,-0.070984,-0.023697,0.065785,0.073507,-0.065374,0.006398,-0.011062,-0.035838,-0.041965,-0.033973,-0.043874,-0.019348,-0.027613,-0.056872,0.037952,0.027017,0.006574,-0.019906,0.022030,-0.047257,0.022199,-0.075928,-0.042194,0.054501,0.054670,-0.044630,0.022486,-0.048626,-0.004998,0.005034,0.084022,0.085542,0.047566,-0.014902,-0.061975,-0.004341,0.046979,-0.020045,0.026308,0.063028,-0.027292,0.042997,0.001937,0.022157,-0.105722,-0.045632,0.009078,-0.065667,-0.029547,0.016587,0.111662,-0.000767,0.053504,-0.017603,0.087443,-0.068237,0.048356,0.028341,0.007935,-0.099888,0.000422,-0.077605,0.045047,0.043223,0.087228,-0.001115,0.060286,-0.035693,-0.057195,-0.005212,-0.003374,0.092596,-0.090654,-0.004751,-0.039791,-0.015775,-0.002803,-0.004671,-0.051965,0.094982,0.000000,-0.002249,-0.047353,0.009619,0.027235,0.090485,0.010959,0.042406,0.047821,-0.019332,0.127732,0.041749,-0.020698,-0.003855,-0.059476,0.007502,0.031909,0.009897,0.077772,-0.005062,-0.062354,0.067598,0.011606,0.007880,0.101143,0.054265,0.000398,-0.083202,0.023862,-0.041877,-0.026576,0.002725,-0.066384,-0.088987,0.014563,-0.009615,-0.041532,-0.069098,-0.029985,-0.019197,0.063795,0.009343,-0.017722,0.004093,0.007602,-0.015449,-0.013679,-0.018245,0.032176,0.072890,-0.077512,-0.013698,0.033796,-0.038757,0.005874,-0.063680,0.042707,0.057915,0.018413,0.055050,0.021127,-0.029428,0.018482,-0.070460,0.105132,0.010127,-0.135997,-0.053266,-0.010043,-0.101791,-0.052245,0.010746,-0.053237,-0.071193,-0.063319,-0.052296,0.046704,0.061991,-0.016196,-0.008420,0.017994,-0.021688,-0.003242,0.072213,0.066263,0.043594,0.123936,-0.058903,-0.058037,-0.036497,-0.000263,-0.015481,-0.002872,-0.016475,0.066817,0.033389,-0.000000,-0.040437,-0.000083,0.015769,0.015832,0.015346,-0.075554,-0.108477,-0.040161,-0.023861,0.079252,0.077873,-0.027653,-0.089563,0.079644,0.000095,0.009347,0.019874,0.110965,0.014346,-0.021721,0.070499,0.065200,0.081462,-0.040986,-0.040260,0.049767,-0.060214,-0.009193,0.054318,0.044844,-0.049382,-0.013269,-0.052909,-0.019498,-0.001731,0.065428,-0.041397,-0.001910,-0.001559,-0.005952,-0.066890,0.012233,0.034297,0.041385,-0.044129,-0.016833,-0.009629,-0.029880,0.003753,-0.036084,-0.034719,-0.102398,0.004489,0.007399,0.137144,0.004236,-0.052614,0.008478,-0.039641,-0.002356,0.133408,-0.116302,-0.076124,0.042013
0.020917,0.059289,-0.026138,-0.058331,0.098717,-0.064699,0.014440,0.018961,0.043694,0.008257,-0.025938,0.044215,-0.079021,0.029312,-0.013534,0.033698,0.003203,0.012589,-0.015589,0.082757,-0.045530,0.029339,0.068453,0.017770,-0.057176,-0.014481,0.001391,0.046050,-0.065628,-0.032629,0.041713,-0.019748,-0.040569,-0.007558,0.029675,0.022897,-0.024823,-0.021180,0.032106,-0.060785,-0.035119,0.026964,-0.065834,-0.028563,0.034289,-0.130661,-0.025678,0.003526,0.049367,-0.011425,-0.030699,-0.016958,-0.032563,-0.115694,-0.003246,0.051990,-0.013724,-0.056553,0.050061,0.017860,0.037944,-0.052802,-0.004977,0.018855,0.072483,-0.036600,-0.029937,0.041544,-0.023065,0.068996,0.039499,-0.153516,-0.048715,-0.030419,-0.014470,0.063174,0.011583,-0.020537,0.070342,-0.019054,0.027828,-0.078860,0.044595,-0.042030,0.010352,0.017535,0.048793,-0.095401,0.124895,0.062397,0.086739,-0.029861,0.126894,0.032578,-0.041218,0.024335,0.000224,0.004359,-0.043629,0.082573,-0.024219,0.033346,-0.028702,-0.041271,-0.065873,-0.038327,0.097848,0.012945,0.041514,-0.003471,-0.016752,0.007529,0.010269,0.014974,-0.037658,0.020285,-0.077701,0.001726,0.020548,0.019889,0.052102,0.070109,-0.038948,0.047453,-0.029631,-0.011979,-0.027201,-0.000000,0.004327,0.015670,0.002376,-0.017372,0.014922,0.063023,-0.013323,-0.016139,-0.021188,-0.104384,0.038327,-0.041601,0.006046,0.093426,-0.020706,-0.105957,-0.054514,0.065548,0.060816,-0.070962,0.052109,-0.035788,-0.033597,-0.038634,0.021359,0.013418,-0.043090,0.044293,0.012449,0.053664,0.032825,0.042081,-0.097694,0.067319,-0.016926,0.020740,-0.052034,0.008903,0.038599,0.018354,-0.065592,0.069386,-0.068993,0.029590,0.000928,-0.028864,0.161836,0.107089,-0.053337,-0.008235,-0.003332,-0.015852,0.008029,-0.022071,-0.013065,0.057483,0.023172,-0.062397,0.054961,-0.072945,-0.015064,0.058207,-0.035539,-0.044116,-0.045988,0.177647,0.012808,-0.009228,-0.080652,0.030839,0.013919,-0.061313,0.011834,0.000156,-0.006887,-0.022569,-0.043509,0.042688,-0.025050,0.011342,-0.054459,-0.013678,0.035801,-0.052257,0.028715,0.013361,0.039374,0.010195,0.061578,0.008278,0.026186,-0.055045,-0.043150,0.041041,0.027774,0.000000,-0.102837,-0.039627,0.037132,0.024269,-0.031687,-0.097803,0.001718,0.010363,0.012897,0.004774,0.058268,0.039000,-0.038499,0.028366,0.040505,0.039661,0.055963,-0.056363,-0.055699,-0.041144,-0.004584,-0.020576,-0.083224,0.090843,0.044935,0.027996,-0.032005,-0.117306,0.025956,-0.041588,-0.055864,-0.025889,-0.054534,0.081837,0.021272,0.079716,-0.097197,-0.033617,-0.044407,0.025981,0.039684,-0.022669,-0.068126,0.018738,0.033400,-0.015790,-0.014086,0.065387,0.068646,0.002677,-0.010489,0.111712,-0.016095,0.028152,-0.037498,0.048816,0.169237,0.006884,-0.022081,-0.030205,-0.004144,0.003341,0.054022,0.023925,0.025508,0.015915,-0.088927,0.036016,0.019029,-0.078402,0.061797,-0.020513,-0.035646,-0.064379,-0.076787,0.102919,0.005346,-0.041033,-0.029824,0.016258,-0.006018,0.024177,0.032864,-0.044805,-0.007535,0.007732,-0.093061,-0.085224,-0.059016,0.056140,-0.014844,-0.113783,0.066970,0.096772,0.022736,-0.000000,-0.036845,-0.038106,0.102357,0.034081,0.055771,0.000004,0.032029,0.039206,0.067814,0.098147,0.081344,0.038100,-0.094299,0.075157,-0.061823,-0.032176,0.018967,-0.001638,-0.048073,-0.025799,-0.053812,0.063994,-0.027194,-0.032888,0.052015,0.027128,-0.015547,-0.004502,0.049095,-0.003732,-0.048846,-0.009644,-0.013995,0.045391,-0.050466,0.013034,-0.045251,-0.003852,-0.104952,-0.011386,-0.043371,0.017648,-0.004617,0.021889,0.029266,-0.006593,-0.039695,0.023285,0.055643,-0.055060,0.035096,-0.045853,0.011417,0.057610,0.075042,0.021892,-0.085605,-0.028845,-0.111412,0.013405,-0.001529,-0.126979,0.050954,0.008175
0.074162,0.017181,0.011095,-0.008048,0.113326,-0.060165,-0.012371,0.073013,0.033966,-0.015262,0.027244,0.063937,-0.028453,-0.003048,0.007850,-0.027932,-0.004151,-0.062186,-0.123244,0.024258,-0.007583,0.007232,-0.036386,0.027423,0.008253,0.033944,-0.031266,0.001538,0.030097,-0.117292,-0.043552,0.155436,0.038636,-0.027450,0.044587,-0.008569,-0.014055,0.023025,0.052698,0.013069,0.065355,0.056807,0.003217,0.064345,-0.036009,-0.014001,0.006291,0.011588,0.037372,-0.032012,0.027961,0.014584,-0.092354,0.047361,-0.023287,-0.087893,0.028638,-0.048741,-0.019319,0.063118,0.019205,-0.001280,-0.027735,0.009151,0.006877,-0.045918,-0.050691,-0.069713,-0.067370,-0.031169,-0.003215,0.034148,-0.017046,0.105640,-0.009940,-0.034421,0.009321,-0.007436,0.012886,0.099791,-0.034208,0.052635,-0.050450,0.011589,-0.071331,-0.015541,0.023059,-0.089267,0.015995,-0.026183,-0.023105,0.084698,0.083951,0.004579,-0.055091,0.001565,-0.045352,-0.047516,0.018603,0.028867,-0.024072,0.031767,0.047485,-0.076884,-0.091831,0.003441,-0.020362,0.051631,0.051843,0.082878,-0.030594,-0.002585,-0.040649,0.090356,-0.028551,-0.044953,0.114690,-0.041614,0.005739,0.048447,-0.021926,0.095835,-0.032578,0.028035,-0.019620,0.111412,0.060447,-0.000000,-0.086445,0.001834,0.034435,0.069936,-0.000826,0.030356,-0.021006,0.052166,0.001291,0.030747,-0.014286,-0.021195,0.010367,0.095537,0.027889,-0.070285,0.010008,0.090917,-0.025303,-0.046541,-0.147015,-0.025468,-0.004917,0.034870,-0.041241,-0.063476,0.003381,0.030935,-0.064563,-0.008133,0.026828,0.023238,0.065400,-0.024887,-0.030483,0.068207,-0.025404,-0.059163,0.006221,0.043405,0.035944,0.041604,0.079533,-0.004236,-0.015616,0.001723,0.036465,-0.007908,-0.046882,-0.010664,-0.017142,0.090501,0.090097,-0.040769,0.023137,-0.027691,-0.000307,-0.076104,0.003435,0.006026,-0.084717,0.017655,-0.061205,0.066026,0.047697,0.074354,-0.059478,0.040111,-0.046161,0.027886,0.012254,-0.003577,0.048655,0.042912,0.016284,-0.050619,0.039568,0.007920,0.064674,0.011050,-0.035186,0.000716,0.000831,-0.091938,0.002607,-0.042037,0.115879,-0.012889,-0.042628,0.019258,-0.054910,-0.038895,0.022936,0.024305,-0.016385,0.000000,-0.078750,-0.006615,0.004328,-0.027240,-0.015972,0.048350,0.057126,0.105140,-0.027130,0.104853,-0.014639,0.052459,0.023080,-0.034231,-0.059404,0.080782,0.067537,0.009273,0.076926,-0.045062,0.013500,-0.021032,0.004790,0.055587,-0.022867,-0.024987,-0.098720,-0.045787,-0.009671,-0.003313,-0.029767,-0.120684,-0.053984,-0.092441,-0.068757,-0.081296,-0.060380,-0.015770,0.083465,-0.013698,-0.060323,-0.093519,-0.023137,-0.032380,-0.054985,-0.072118,0.103459,0.006480,-0.064798,0.029092,-0.060756,0.049569,-0.046067,0.044720,-0.038392,0.167302,0.037104,0.079221,-0.035650,-0.035740,0.020594,0.043714,-0.064540,-0.058558,0.116830,0.025805,0.029225,0.003540,0.014423,0.006476,0.082270,0.062776,0.005190,-0.003687,-0.056969,0.020149,0.085611,-0.038120,0.013669,0.065207,0.004027,-0.028455,0.015678,-0.073737,0.015130,-0.015111,0.014913,-0.012084,-0.014795,0.132046,-0.108510,0.037528,-0.009931,-0.023169,0.039523,-0.000000,0.018824,-0.014459,0.038794,0.042956,0.015611,-0.007392,0.069152,0.056272,-0.001430,0.043842,-0.027505,0.065493,-0.117315,0.020709,0.025505,-0.041899,-0.075153,-0.035525,-0.061229,-0.048357,-0.018473,0.064161,0.001451,-0.067722,-0.043583,-0.014477,0.013457,0.061564,-0.041905,-0.127254,0.036233,-0.010484,-0.023082,0.025602,0.002885,-0.020825,-0.045691,0.000171,-0.004645,-0.017343,-0.066420,-0.115034,0.100181,0.035517,0.025519,0.011776,-0.085234,0.058178,-0.033756,-0.035434,0.018074,0.004875,-0.025342,-0.002836,0.013671,-0.071663,-0.019546,-0.062001,-0.060832,-0.049516,-0.038728,-0.009017,-0.000856,0.022293
0.019984,-0.005902,0.033379,-0.057162,-0.037260,-0.004213,0.064712,-0.054557,0.038705,0.006945,0.047960,0.131419,0.029920,-0.053286,0.081863,-0.082032,0.063797,-0.054251,-0.046665,-0.025640,-0.030935,-0.047871,-0.032361,-0.032921,-0.009669,-0.013405,0.008563,0.059105,-0.017155,-0.001927,-0.043677,0.075726,0.078159,0.002160,-0.059938,0.065624,-0.013566,-0.007847,0.007224,0.012460,0.017818,0.000285,-0.034085,-0.000238,0.049616,-0.054808,-0.015135,0.026572,0.020731,0.010740,-0.047918,0.002145,-0.051618,-0.023475,-0.043991,0.009359,0.021987,-0.013556,0.020216,0.047784,0.004807,-0.045486,-0.007683,-0.000157,0.059734,0.040544,-0.053272,-0.086977,-0.063159,0.025492,0.001629,-0.073567,0.068074,0.068845,-0.021913,-0.000140,0.064959,-0.033804,0.036055,0.075863,-0.042332,-0.077874,0.013535,0.077728,0.025672,-0.009443,0.043747,-0.148122,-0.086953,-0.041834,-0.018022,0.013648,0.049251,-0.005821,0.083686,0.028942,0.010217,-0.064467,-0.105996,0.015346,-0.050146,0.042123,-0.030738,-0.049648,-0.030665,-0.045958,0.009878,0.011252,-0.020006,-0.018060,-0.059340,0.068804,0.028133,-0.007312,0.018266,0.034071,-0.024159,0.049382,0.008886,0.049216,0.013833,0.014031,-0.008980,-0.016007,-0.121412,-0.046826,0.017445,-0.000000,-0.111991,0.104297,0.048134,-0.017478,-0.013302,0.016073,0.023258,-0.004490,-0.007495,0.075217,0.035801,-0.003728,0.029592,-0.003172,0.038015,0.019859,-0.044813,0.059273,0.002698,-0.076521,0.034439,-0.014753,0.000496,-0.022416,0.010780,0.004059,0.034453,0.042414,0.109580,0.014462,0.073316,-0.041115,-0.004929,-0.007090,0.004868,0.063295,-0.013104,-0.090956,-0.003651,-0.036235,-0.086118,0.011791,-0.045163,0.013324,-0.011445,0.111628,0.014645,-0.070177,-0.064897,0.061715,-0.038288,0.015999,0.060135,0.063070,-0.040066,0.021478,0.077449,-0.054826,0.022835,-0.033723,-0.037300,-0.031068,0.005338,0.104027,-0.015137,0.042880,0.057323,-0.035570,0.006101,-0.013717,0.058223,-0.007485,-0.024256,-0.041559,-0.078361,0.015712,-0.052990,0.006069,0.134467,0.006490,0.027048,-0.014603,0.072384,0.004813,0.053937,0.034941,0.058466,-0.024104,-0.015801,0.039541,-0.022293,0.059676,-0.024636,0.020923,-0.011070,0.000000,-0.037688,-0.027954,0.004245,0.069854,-0.008049,0.023618,-0.105044,-0.090155,-0.048237,0.093514,-0.015245,0.033781,0.058195,-0.021828,0.032806,-0.001068,0.047126,0.007124,-0.029084,-0.034140,0.018574,-0.044772,-0.070084,0.093078,-0.028753,0.042524,-0.101491,0.015535,-0.084931,-0.063501,-0.062394,0.021302,-0.152002,0.018198,-0.032158,-0.037790,-0.019011,0.046875,-0.009343,0.112629,0.052635,-0.042118,0.000612,-0.066824,-0.030825,-0.058939,0.203013,-0.036909,0.006738,0.049050,-0.021548,-0.064246,0.009802,-0.059296,-0.059396,0.107849,0.022269,0.085580,0.016001,-0.023602,0.063300,0.036784,0.080303,0.099964,0.067397,-0.059200,0.025738,-0.001298,0.019875,-0.063071,0.008435,-0.027035,-0.014643,0.028013,-0.113850,-0.050849,-0.009926,-0.004715,-0.049640,-0.072080,0.090982,-0.103531,0.039649,-0.005282,0.036227,-0.007984,0.018852,-0.101458,-0.031094,-0.007597,-0.076787,-0.003950,-0.109263,0.012695,0.024965,-0.000000,-0.003118,0.008976,0.055087,-0.027649,0.034822,-0.036241,0.067333,0.087959,0.002462,0.044075,0.051210,-0.006235,-0.093024,0.099510,0.043027,0.042323,0.021451,-0.054337,-0.039207,0.080059,0.015182,0.051976,0.049451,-0.042650,-0.015793,0.029421,0.009271,0.110251,0.113648,-0.000455,0.027545,-0.089651,0.057969,0.019883,-0.023134,0.004925,0.040657,-0.013203,0.000597,-0.026509,-0.045593,-0.045223,-0.035558,0.100583,0.001831,0.050323,-0.045332,0.088288,-0.042174,0.098014,0.001929,-0.031382,0.072424,-0.061722,-0.017057,0.012883,0.018991,-0.030390,0.009961,0.031710,0.000339,-0.001586,0.042150,-0.039139
-0.026584,0.056122,0.071063,-0.017564,0.083949,0.047260,0.025769,-0.004106,0.013754,-0.047235,-0.023194,0.123565,0.060175,-0.006192,-0.002188,-0.038390,0.020078,-0.154719,-0.010483,-0.066735,0.051804,0.012865,0.070997,-0.030682,0.005913,0.011579,0.014720,-0.044853,-0.025566,0.027507,-0.057971,0.096598,-0.013422,0.026888,-0.048858,-0.004561,0.041974,-0.008484,0.027225,-0.083020,0.018569,-0.100899,0.047321,-0.034056,0.008746,-0.012558,-0.023249,-0.050869,0.003201,-0.033405,-0.044333,-0.004964,-0.028468,-0.047337,-0.000361,-0.070360,0.059021,-0.037089,0.010844,-0.004897,0.024665,-0.034041,-0.041721,0.008788,0.051460,0.028676,0.026895,-0.075292,-0.002319,0.028094,-0.024247,0.007899,0.058323,0.049821,-0.028494,-0.002537,0.049388,-0.012284,0.035657,-0.011984,0.077137,-0.081730,0.031608,0.014710,-0.012874,0.021804,-0.055675,-0.115105,-0.003120,-0.038514,-0.092599,-0.000608,0.015789,0.012782,-0.006878,-0.038747,-0.004538,-0.001681,-0.087125,0.067010,-0.039157,0.021746,0.005937,-0.009286,-0.064430,-0.031131,0.040615,0.025995,0.039276,-0.032216,0.011562,0.061646,-0.030632,0.049572,-0.040511,0.038035,0.016019,0.067105,0.040315,-0.029818,0.005929,-0.028217,-0.073521,-0.021215,0.025550,-0.089890,-0.032717,-0.000000,-0.001625,0.072242,0.050840,0.017008,0.026299,0.056007,-0.019215,-0.060908,0.007619,0.001688,0.053175,0.058162,0.017914,0.047199,0.031908,-0.039968,0.025033,0.052594,0.042458,-0.036753,0.026063,-0.077219,0.002290,-0.057855,0.030645,0.034097,-0.017208,0.009404,0.007053,0.012885,0.000988,0.083023,-0.063992,-0.060580,0.037655,-0.005449,-0.014911,-0.107516,0.072082,0.063386,-0.009433,0.029969,-0.060394,-0.007080,0.071930,0.034219,0.107742,0.012298,-0.069983,0.005516,-0.026564,0.100387,0.016883,-0.100339,-0.009610,0.038062,0.028699,-0.049473,0.030298,-0.025869,-0.083726,-0.008295,0.037899,0.062699,-0.097825,0.057118,0.006270,0.024673,-0.068849,0.074217,-0.031479,-0.039379,-0.007396,-0.036651,-0.024732,0.074423,0.025210,-0.045201,0.097402,0.025829,-0.006092,-0.077812,0.077080,-0.066995,0.039181,-0.051333,0.002585,-0.075027,-0.034249,0.033087,-0.007668,0.013364,0.011061,0.023565,-0.116017,0.000000,-0.065074,0.017039,-0.023186,-0.028054,-0.038320,-0.026286,0.014782,0.013907,-0.061928,0.128248,0.105677,0.044318,-0.016345,-0.038608,-0.024303,-0.032021,0.081739,-0.029293,0.002917,-0.038712,-0.032022,0.023475,-0.090320,0.066947,-0.047978,0.028728,-0.094748,-0.010587,0.019689,-0.011447,-0.020806,-0.033456,-0.064699,0.002703,0.021747,0.037149,0.063424,0.031830,-0.021729,0.055230,0.000187,0.037187,-0.133573,0.001329,-0.058669,-0.001849,0.076314,0.042121,-0.061500,0.041261,0.087524,-0.003857,-0.013014,-0.169776,-0.090343,0.061473,0.037331,0.069017,0.045837,0.008324,0.013908,-0.012338,-0.011801,-0.000454,0.035444,-0.058626,0.060556,0.143437,-0.022608,-0.018345,0.045621,-0.026273,-0.022319,0.008460,-0.014328,-0.009636,0.019984,0.012199,-0.042387,0.040269,0.086719,-0.033117,0.003718,-0.089847,0.085704,0.040348,-0.050242,-0.030044,-0.094768,0.034408,-0.126324,-0.058073,-0.043150,0.044732,-0.030351,-0.000000,-0.008190,0.005102,0.072631,-0.083670,-0.033583,-0.052706,0.060079,0.098855,-0.018512,-0.070021,0.003745,-0.029243,-0.044396,0.093284,0.153000,0.060877,-0.036275,0.001525,-0.050209,0.055977,-0.011432,0.009668,-0.014981,0.074437,0.003795,0.059650,-0.008593,0.099509,0.104311,0.055464,-0.040206,-0.075777,0.014725,0.061854,0.039335,-0.019164,0.001987,-0.030876,0.068112,0.052018,-0.051908,-0.026878,-0.018438,0.148876,0.010539,-0.013715,-0.011932,0.039145,-0.097819,0.027575,-0.036797,-0.050405,0.030234,-0.007637,0.041229,0.047713,0.053272,-0.012880,-0.059779,0.058696,0.067197,0.016993,-0.010634,0.008368
0.100169,-0.036557,0.026595,0.004431,0.002573,-0.095572,-0.068324,-0.005920,-0.019743,-0.058775,0.007490,0.009366,0.008000,0.006619,0.030174,-0.006714,0.103039,-0.151028,-0.001181,-0.010121,0.043105,0.065252,0.016015,-0.010943,0.024495,0.011797,0.043376,0.107032,-0.024316,0.013979,0.031842,0.087974,-0.060173,-0.032422,0.008878,0.000877,-0.024085,0.057132,0.041626,0.026586,-0.019267,0.025340,0.050148,0.034149,-0.058437,0.030321,-0.056946,-0.012359,0.166033,-0.103368,0.075842,-0.059002,0.023661,-0.033262,-0.024913,0.038557,0.006874,0.036111,0.062793,0.055074,0.017573,0.013677,-0.061219,0.032282,-0.001093,0.020781,-0.061816,-0.001463,0.032042,-0.200923,0.043700,-0.021728,0.013884,-0.022036,-0.015064,-0.013899,0.017026,0.047295,-0.023230,-0.049538,0.023394,-0.029650,0.014067,0.038765,-0.027782,0.015591,0.066521,-0.062339,0.043728,-0.011090,-0.002230,0.045710,-0.094539,-0.015105,-0.034878,0.023042,-0.076027,0.026750,-0.044195,0.043903,-0.041063,-0.000562,0.037526,-0.018025,0.012013,-0.022631,-0.035199,0.061475,-0.049052,0.033508,-0.062571,0.036856,0.073980,0.110963,0.043914,0.039172,0.094042,-0.020140,-0.101720,0.102905,0.018245,-0.036700,-0.004010,0.037107,0.068775,0.009462,-0.065591,-0.000000,0.009246,-0.018529,0.004891,0.030700,0.091125,-0.002423,-0.016301,0.017635,0.017269,0.032097,-0.048299,-0.019007,-0.019111,-0.050567,0.051046,-0.001831,0.010222,-0.024683,-0.114499,0.005267,-0.029021,-0.007070,-0.004549,-0.004496,-0.014838,0.103513,0.016661,0.004779,0.028261,0.010089,-0.061744,0.051097,0.038171,-0.018072,0.051267,0.093082,0.087857,-0.014297,-0.067347,-0.002341,-0.011977,0.009611,-0.014315,-0.011017,0.027540,-0.012197,0.020246,-0.042597,0.032667,-0.027542,-0.015039,0.049430,0.026144,0.029068,0.044298,0.007099,0.009624,-0.058775,0.104569,0.093487,0.074703,0.033169,-0.029674,-0.118674,-0.010685,-0.074355,0.008964,0.035953,0.032038,0.104579,0.042675,-0.037143,-0.033758,0.023492,-0.025337,-0.005361,-0.048079,0.049292,0.000980,0.043163,-0.067051,-0.003332,-0.002213,-0.021640,0.028213,-0.037730,-0.001391,0.027319,-0.128056,-0.054711,0.017459,0.026183,-0.037988,-0.073734,0.030467,0.000000,-0.057821,-0.069170,0.006975,0.035387,-0.051872,0.020490,0.012853,0.060677,-0.063703,0.042969,-0.061732,-0.032063,0.085573,0.032357,0.136732,0.041917,0.111221,0.090605,-0.007543,0.016208,-0.005983,-0.013075,0.042828,0.008352,-0.023994,0.056320,-0.052579,-0.009656,-0.088643,-0.009378,-0.070941,-0.054160,-0.030045,-0.011679,-0.069889,-0.037311,0.005859,-0.046179,0.040310,-0.052827,0.049774,-0.111472,-0.082079,-0.045101,-0.017154,-0.054155,0.022280,0.021611,-0.020621,0.016646,-0.010177,-0.018285,-0.045509,0.026270,-0.019832,0.061006,0.012148,0.052471,-0.076652,-0.017520,0.037736,0.079453,-0.017721,0.025346,0.065508,0.054573,-0.007845,-0.030461,0.049756,0.033578,-0.043925,-0.013653,-0.047770,-0.028244,-0.033392,0.046535,0.111371,-0.001487,0.018389,0.020596,-0.036884,-0.078726,-0.021410,0.042418,0.044852,0.068317,-0.008013,-0.016645,0.019626,-0.034882,-0.044519,0.027291,-0.118839,-0.110274,0.002552,-0.000000,0.018308,0.019721,-0.004361,-0.008200,-0.013653,0.002200,0.043817,-0.015938,-0.050190,0.019163,0.008423,0.022413,-0.000292,-0.004215,-0.067667,-0.051517,-0.002196,-0.127175,-0.045869,0.050094,0.035081,0.009736,0.065425,0.013382,-0.023940,-0.015097,-0.042671,0.079311,0.033946,-0.064307,0.014741,-0.040653,-0.026434,-0.006789,0.041525,-0.031512,-0.011124,0.001836,-0.025991,-0.056669,-0.055424,-0.185891,0.056084,0.084635,0.160740,0.062644,0.027926,0.000491,0.094240,-0.023135,-0.015240,0.094687,-0.044002,0.005938,0.101744,-0.031260,-0.002453,-0.090942,-0.025748,0.064720,-0.012649,-0.043038,0.008133,0.027969
0.114191,-0.042083,-0.012141,-0.025309,-0.039831,-0.088670,-0.100089,0.068375,-0.018726,-0.051964,0.014033,0.042999,0.021512,0.034365,0.045499,-0.007820,0.127308,-0.091785,-0.075720,0.009108,0.069651,-0.014298,0.076670,0.000729,0.058638,-0.050509,0.004478,0.110945,0.004061,0.033150,-0.018894,0.101505,0.053804,-0.048413,0.006547,-0.010749,0.020756,0.042300,0.057000,0.031423,-0.036091,0.027204,0.061806,0.034414,-0.083047,0.107250,-0.077234,-0.007120,-0.002312,-0.041463,0.075434,0.020909,-0.005904,-0.012998,-0.020126,0.057708,-0.017199,-0.051785,0.039649,0.028993,-0.014772,0.044167,-0.037119,0.042061,0.044959,-0.056404,-0.083846,-0.037982,-0.011527,-0.138602,0.025253,0.014189,0.008955,-0.073047,0.022122,-0.059803,-0.036137,0.044963,-0.033265,-0.025877,0.061127,0.001354,-0.004006,0.013982,-0.055064,-0.000802,0.050512,-0.041185,0.025344,0.048227,0.040145,-0.023986,-0.087153,0.057245,-0.061407,0.049357,-0.067839,0.018545,-0.058917,0.028409,-0.043293,-0.031452,-0.036244,-0.006013,0.015238,0.012082,-0.031563,0.048317,-0.027414,0.002457,-0.047023,-0.018882,0.034611,0.082951,0.011970,0.036378,0.102320,-0.016457,-0.056929,0.065508,0.035345,-0.019219,0.008922,0.086645,-0.006324,0.014413,-0.073210,-0.000000,0.036579,0.033005,0.052816,-0.005663,0.058081,0.013663,-0.056683,-0.019907,0.015219,0.078688,-0.065331,0.039461,0.001308,-0.011203,0.037416,-0.045142,-0.057996,0.046282,-0.139651,0.000004,-0.021617,-0.041347,-0.051354,0.011333,0.025085,0.036898,-0.003299,0.023666,-0.039184,-0.017398,-0.063504,-0.013851,0.041366,-0.044379,0.020256,0.086359,0.064940,-0.039865,-0.026073,0.009064,-0.005499,0.004101,0.008135,-0.026617,0.023744,0.029727,0.048661,-0.096261,0.016928,-0.002514,-0.060139,0.021769,0.036066,-0.034079,0.026963,0.007391,0.033007,-0.024045,0.090255,0.078169,-0.009777,0.057432,0.017823,-0.048121,0.005737,-0.019640,-0.013823,0.034208,0.034073,0.124491,0.021101,-0.024536,0.045721,0.038766,-0.037214,0.071227,-0.049777,0.010980,0.082607,0.072228,-0.094274,0.030449,0.017629,-0.051270,0.018982,-0.009194,-0.013147,0.031466,-0.037769,-0.065422,-0.004320,-0.040566,0.027976,-0.059594,-0.032583,0.000000,-0.021257,-0.043755,0.011915,0.052669,-0.039368,-0.014745,0.085974,0.076137,-0.088652,0.030591,-0.080514,0.022787,0.080905,-0.002528,0.122460,0.005743,0.041942,0.025007,-0.022712,-0.015342,-0.027646,0.034992,-0.000802,0.052147,-0.022326,0.006200,-0.061992,-0.055652,-0.026179,-0.029536,-0.077075,-0.073761,-0.005556,-0.001527,-0.052296,-0.028127,0.073081,-0.099226,0.003979,-0.034189,0.029994,-0.064682,-0.015274,-0.015518,0.015180,0.026063,0.017207,0.024887,0.006701,-0.017982,-0.064644,-0.030655,0.015386,0.094865,0.004670,0.004926,0.009970,0.030602,-0.046882,-0.020450,0.106809,0.052614,-0.052720,0.029295,-0.009479,0.062089,-0.021659,-0.001752,-0.001385,0.035045,-0.045035,-0.047799,-0.037689,0.000674,-0.028515,-0.024455,0.172876,0.011882,0.032470,-0.018686,-0.048239,-0.054272,-0.047917,0.039076,0.025622,0.030352,-0.027919,-0.021078,0.055390,-0.026551,-0.124853,0.019159,-0.124232,-0.177056,0.000490,-0.000000,-0.026310,0.049247,-0.047034,-0.022726,0.009288,0.025684,0.074567,0.058862,-0.035761,0.045312,0.016540,-0.002193,-0.005348,-0.045916,-0.004789,-0.022104,-0.033076,-0.042709,-0.005256,0.001565,0.031298,0.099801,0.053280,-0.046564,-0.006304,0.012040,-0.035751,0.101875,-0.018459,-0.103441,0.025928,-0.047628,-0.008639,-0.037812,0.097375,0.018952,-0.086184,0.047883,-0.054162,-0.026695,-0.079241,-0.168935,0.045679,0.077165,0.097625,0.019640,0.007618,-0.023752,0.068930,-0.103788,-0.012585,0.108251,0.004943,0.018613,0.055897,-0.021345,-0.062708,-0.012727,-0.090691,0.036706,0.031294,-0.062932,-0.019356,0.047808
-0.012135,-0.003361,0.064849,0.044307,0.049690,-0.042274,-0.032017,-0.064628,0.063045,-0.004486,-0.063647,0.004142,-0.036352,0.006851,0.001765,0.017359,-0.028392,-0.082311,-0.056218,0.063524,-0.058351,0.006529,0.023826,0.049191,-0.049096,0.034476,-0.056737,0.000094,0.064075,-0.043768,-0.024961,-0.055197,0.015363,0.012774,0.015511,0.003092,0.027847,0.050017,-0.028290,0.095987,-0.010358,-0.132557,-0.023795,0.025197,-0.019827,0.054305,0.031010,0.005373,0.061346,0.003883,-0.025850,-0.020803,0.036037,-0.075224,0.048309,-0.055300,-0.003469,-0.048571,0.089059,0.018457,-0.008212,0.013860,-0.054991,0.074585,-0.010344,-0.009848,0.020418,0.056264,-0.022425,0.012411,0.046073,0.032052,0.016886,-0.023801,0.050893,-0.026146,-0.091990,0.033695,0.007491,-0.046239,0.066700,-0.112599,-0.011304,-0.026083,-0.069925,-0.006740,0.036810,-0.109027,-0.023083,0.029991,-0.057686,-0.022369,-0.084105,0.044726,-0.010106,0.035089,-0.039299,-0.030726,-0.049906,0.073064,-0.025792,0.093787,-0.008434,-0.053596,0.037011,-0.037969,-0.010400,0.012515,-0.038912,0.104554,0.064389,0.031882,-0.015092,0.039385,-0.069658,0.022573,-0.090940,0.021108,-0.036964,0.021814,0.060253,-0.001231,-0.129759,-0.037166,0.075694,0.006107,-0.136729,-0.000000,0.049559,0.021470,0.030941,0.100080,-0.064452,0.023917,-0.027343,-0.002862,-0.018629,-0.002616,-0.150160,-0.018216,-0.046562,-0.070935,-0.053685,-0.182144,-0.072638,0.069772,-0.076958,-0.016829,-0.000356,0.046745,-0.007501,0.059125,-0.011607,0.012302,0.010748,0.013167,-0.076378,-0.010673,0.020338,-0.040048,-0.042845,0.057615,-0.116689,0.038185,0.081300,-0.015869,0.071959,-0.058111,-0.049649,0.040888,-0.035478,0.011600,0.008390,0.020875,-0.024672,-0.055258,-0.095392,-0.006011,0.026047,0.087750,-0.010416,0.057327,0.034971,0.011189,-0.027559,-0.077818,-0.040817,-0.054615,0.032375,0.058108,-0.079813,-0.013232,0.056343,0.091692,0.095386,0.033393,0.000645,0.052446,-0.023719,-0.052904,-0.020768,-0.010317,-0.020153,0.016844,-0.031157,-0.040581,0.072371,-0.007557,0.012797,0.022180,0.104563,-0.044489,-0.009952,-0.037230,0.010198,0.008397,-0.043689,-0.005220,-0.041532,-0.025956,0.031665,0.033204,0.023602,0.000000,-0.021688,0.029381,-0.104927,0.080838,0.035581,0.010505,0.030971,-0.027379,-0.018931,0.002422,-0.063281,-0.022470,0.031774,0.073856,0.049362,-0.058646,0.095732,0.045420,0.043761,-0.022131,0.041967,0.051566,-0.044628,0.058349,-0.048337,0.031029,-0.023242,0.034996,-0.069449,0.013873,-0.011299,0.005626,-0.042010,0.082467,-0.022677,0.047922,-0.071569,0.093260,-0.033632,0.009193,0.051745,0.002074,0.037421,-0.014784,-0.033570,0.044781,0.116075,-0.073607,-0.090592,0.026673,0.017393,0.032168,-0.078409,0.048652,-0.044644,-0.034553,-0.053629,-0.053681,-0.026731,0.016806,0.004769,0.058363,-0.006874,-0.024098,0.031593,0.022165,-0.030896,-0.017787,0.051268,0.034338,-0.011042,-0.037273,-0.048899,0.042358,-0.010319,0.042362,-0.026918,-0.017760,-0.032419,-0.011048,-0.072232,0.008829,0.001769,0.145953,0.005293,0.108439,0.061598,0.005145,0.028496,0.102788,-0.047138,0.000228,0.000327,-0.006708,0.006739,-0.000000,-0.006085,0.008171,-0.018019,0.028622,-0.001162,0.004558,-0.002901,0.094872,0.022374,-0.028975,0.111802,0.061533,0.148658,0.033731,0.021271,0.088386,-0.056895,-0.050108,-0.005427,-0.037667,-0.042223,-0.006938,-0.020438,0.076721,0.083517,-0.028031,-0.076733,0.028587,0.006132,0.061553,0.013500,0.002939,-0.004602,-0.058305,-0.001555,0.062431,-0.042346,0.018644,0.064407,-0.052243,-0.080370,-0.035162,-0.037509,0.006446,-0.052879,-0.040256,-0.027349,0.118915,-0.015546,-0.082951,-0.019464,0.035897,0.034511,0.033784,0.073561,-0.004983,-0.093830,0.084510,-0.004617,0.060181,-0.039434,-0.025445,-0.019203,0.083690
-0.004090,-0.047336,0.053101,0.034979,0.095688,0.007821,0.012288,-0.017580,-0.096494,-0.013602,0.006447,-0.017165,-0.045286,0.040778,0.017169,-0.040662,-0.003106,-0.108775,-0.041682,-0.020969,-0.008972,0.067299,0.044455,0.019361,-0.006900,-0.026305,0.018092,-0.061097,0.002828,0.007869,0.036195,0.058200,-0.027034,0.025475,0.028601,-0.006036,0.004156,0.029595,0.052283,-0.024163,0.015002,-0.121399,0.043223,-0.065992,0.004599,0.045820,0.020957,-0.057122,-0.026171,-0.111898,0.026486,0.009796,-0.002554,-0.022127,0.035778,-0.114617,0.013334,-0.076914,-0.007061,0.072552,-0.078256,0.067377,0.009731,0.013804,0.058316,0.054246,-0.028915,-0.033829,0.015014,0.015213,-0.020316,-0.021213,0.055573,0.032294,-0.063998,-0.049174,0.032285,0.064922,0.060689,-0.044816,0.055729,-0.055289,0.078670,0.006151,0.004802,-0.014564,0.007909,-0.103776,0.004086,-0.001884,-0.026200,0.029655,0.056526,0.111654,0.055336,0.029873,0.055396,0.078258,-0.044648,-0.025499,-0.026467,0.072927,-0.095892,-0.062451,-0.099586,-0.035276,-0.025572,-0.004501,0.024401,-0.000668,-0.045573,0.048616,-0.012219,-0.099878,-0.097466,0.001098,0.027024,-0.060933,-0.029676,0.015308,-0.080525,-0.016679,-0.056896,0.036632,0.036761,-0.025293,-0.049096,-0.000000,-0.044485,0.015871,0.076481,-0.045925,-0.147519,-0.040564,-0.006814,-0.060868,0.032118,0.013387,-0.026288,-0.010219,-0.056415,0.032172,0.049930,-0.054795,-0.084028,-0.006932,-0.028302,-0.004672,-0.010187,-0.017208,0.034818,-0.009651,-0.012715,-0.007715,0.109353,0.044498,0.002723,0.043785,0.036707,0.048976,-0.061027,0.019221,-0.124737,0.020798,-0.015385,0.025728,-0.100591,0.029736,0.011426,0.046312,-0.081239,-0.078207,0.045199,0.054364,-0.052330,-0.018719,-0.049028,-0.050899,-0.074132,0.080820,0.030155,-0.007245,0.045611,0.014380,0.041243,-0.063140,0.040790,0.027559,-0.092495,0.033296,-0.063766,0.044058,-0.022138,0.097499,0.045796,-0.007667,-0.072255,0.005122,0.036831,-0.009033,-0.069975,-0.013498,-0.059187,0.020328,0.018192,-0.016214,0.015505,0.014111,-0.053584,-0.043572,0.069018,-0.068584,0.003041,-0.122109,-0.010967,0.059214,-0.006933,0.000585,-0.059098,-0.037068,0.018967,0.062833,0.082314,0.000000,-0.006464,0.043844,-0.041640,0.057249,0.023670,0.016994,-0.002310,-0.020529,0.033437,0.151644,-0.021900,0.037692,0.059466,0.039839,0.066507,0.011821,-0.020437,-0.014577,-0.058939,0.000137,-0.022427,0.022047,0.002150,0.008399,-0.111732,0.095382,-0.096703,0.049751,0.030991,-0.031945,-0.051917,0.096275,-0.020712,0.109001,-0.098168,-0.055118,-0.006618,-0.001743,-0.007191,-0.035752,-0.055912,-0.001958,-0.018336,-0.004680,-0.038454,-0.012538,0.043953,-0.016180,-0.009329,-0.022592,0.040383,0.036415,-0.027904,0.005914,-0.038835,0.045421,-0.009265,-0.000979,-0.071115,-0.033555,0.127737,0.070270,0.001596,-0.015821,-0.050127,-0.055582,0.100221,-0.047034,0.101185,-0.088564,-0.015273,-0.003972,-0.091381,0.066629,-0.027552,-0.018921,0.050661,0.045954,-0.017339,0.016510,0.058710,0.013027,0.031915,-0.046502,0.079127,0.010686,-0.025744,-0.067865,0.108172,0.088723,-0.103049,0.035062,-0.086230,-0.014693,-0.003645,-0.000000,-0.023488,-0.058772,0.080945,0.042081,-0.075772,0.013908,-0.003682,0.102082,0.026491,0.024833,0.041378,0.029785,0.037629,0.016761,-0.057339,-0.082306,-0.049191,0.114013,-0.031705,0.009575,0.014450,0.009592,0.047752,0.019514,0.025119,-0.002809,-0.041309,-0.019549,0.020621,0.036019,-0.060587,0.017216,0.044594,-0.048337,-0.033909,0.036299,0.133839,-0.032121,0.014055,-0.020020,-0.016017,0.016707,0.000309,0.049279,0.006443,-0.033782,-0.094280,0.013198,0.012508,0.026440,0.030636,-0.035889,0.039130,-0.031965,-0.020080,0.058601,-0.124867,0.005634,-0.031549,-0.006981,0.081290,-0.059007,0.007409,0.080393
-0.122452,0.030987,0.021768,-0.012462,0.042715,-0.008673,-0.117774,-0.082787,0.029012,0.031609,-0.025013,-0.009834,0.021265,-0.037229,0.040166,0.050082,-0.028230,-0.075090,-0.081543,0.029078,0.003505,0.017497,-0.057729,-0.039093,-0.030402,-0.011964,0.004895,-0.029252,-0.003293,-0.064286,-0.010646,0.024445,-0.032161,0.063024,0.095975,0.085375,0.038095,-0.042020,-0.030757,-0.004780,0.016179,-0.063991,-0.028059,0.084162,0.045716,0.008518,-0.051347,-0.016786,0.012343,-0.074544,-0.089132,0.002174,0.029482,0.049575,0.017850,0.072824,-0.027707,-0.094046,-0.021391,-0.000994,-0.052852,-0.020684,-0.059245,0.062801,0.025225,0.014206,0.003802,0.089280,0.051793,0.124344,-0.035177,-0.028086,0.016429,0.051427,-0.023500,-0.028465,-0.038821,0.061821,0.055327,-0.027462,0.043939,0.066205,-0.038861,0.014509,-0.050090,0.070852,-0.031340,-0.011333,0.004157,0.034936,-0.023337,0.011248,0.115353,0.067725,-0.042833,-0.012042,0.001850,0.054605,-0.058638,0.092810,-0.007538,0.066653,-0.005636,-0.003473,-0.064192,-0.068702,-0.000451,0.017089,-0.028729,-0.034481,-0.027642,-0.009171,0.045274,-0.005984,-0.028255,0.019369,0.002839,-0.056467,0.081346,0.119405,0.017001,-0.043813,-0.089142,0.061543,-0.003146,0.024393,-0.009434,-0.000000,-0.077087,0.019531,-0.024700,0.007829,-0.043392,0.018102,-0.027984,-0.063892,-0.074971,-0.032138,0.029733,-0.037933,-0.055645,0.013478,-0.069021,-0.087177,0.096425,0.027399,-0.016460,0.015149,-0.016095,-0.027732,-0.065451,0.007526,-0.041424,0.032317,-0.034145,-0.010719,-0.004480,0.039221,-0.035428,-0.011818,-0.007059,0.037192,-0.012153,0.023316,-0.065999,-0.000522,-0.004731,-0.021812,-0.023682,-0.001036,-0.089750,-0.009363,0.071705,0.038396,0.029967,-0.011806,0.002953,-0.133509,0.013478,0.049134,0.041939,0.036530,0.000556,-0.016984,0.030354,-0.034581,0.001296,-0.049286,-0.015453,0.021469,0.028143,-0.037343,0.022980,0.007495,-0.004596,0.022875,-0.027666,0.025237,-0.018764,0.073163,-0.082530,-0.002429,-0.089440,0.016166,-0.036666,-0.049363,0.108012,0.146427,0.036936,0.067918,-0.064748,-0.090206,0.068704,-0.113173,0.046073,-0.100209,0.002374,0.002619,-0.006441,0.047573,0.029163,-0.033447,0.067767,0.000000,0.075188,-0.033459,-0.060696,0.041244,0.015897,0.049367,0.048394,0.157266,0.046512,0.070212,0.015436,0.026193,0.050608,-0.051435,0.120049,0.076643,0.072734,0.111199,0.006897,0.007879,0.001965,0.033763,-0.034866,0.011914,-0.028435,-0.029108,0.099586,0.073770,-0.091668,-0.006404,0.040440,-0.055414,-0.141242,0.043549,0.050062,-0.075652,0.032164,0.010559,-0.031186,0.016067,0.034415,0.013263,-0.057447,0.002024,-0.016707,0.015561,0.016350,0.057584,0.061505,-0.060722,0.049952,-0.005960,0.044215,-0.007567,-0.024113,0.025660,0.015331,0.031505,0.002681,0.048163,-0.074220,-0.031643,0.006679,-0.002644,0.062091,-0.084748,0.028593,0.008489,-0.018613,0.021837,0.028227,0.034436,-0.176660,-0.018693,-0.003917,0.030380,0.058684,0.021286,-0.031375,-0.080919,0.014508,0.078502,0.011759,-0.023829,0.048532,-0.005485,0.027318,0.005201,-0.021715,-0.004805,-0.037513,-0.013754,-0.019760,0.083368,0.016165,-0.000000,-0.003639,-0.025338,0.000626,-0.071346,0.095049,0.005538,-0.057446,-0.042664,-0.043468,0.038216,0.092989,0.019528,-0.007340,0.002547,0.034565,0.010866,0.066493,-0.003430,0.022385,-0.104635,0.007190,-0.042663,0.110330,-0.025866,-0.055627,-0.004619,-0.097251,0.037193,-0.017497,-0.064699,0.019149,-0.007787,-0.070600,-0.004689,-0.003146,0.018535,-0.081730,-0.019775,0.052576,-0.096747,0.019857,0.083821,0.004252,0.040119,-0.093939,-0.066413,0.081498,-0.071848,-0.018194,-0.049149,-0.024415,-0.049050,-0.025902,-0.031820,0.087082,0.037978,-0.000385,0.010628,-0.008999,0.043220,0.134920,-0.053783,-0.023853,0.036084
-0.034134,0.018744,-0.103573,-0.053989,0.020799,0.045435,0.028547,-0.006155,0.085486,-0.031165,-0.088283,0.093183,-0.002702,0.040474,0.112332,-0.062925,-0.011652,-0.108672,0.029274,0.000787,-0.018588,-0.015616,-0.003928,0.015433,0.008554,-0.056036,0.003074,-0.001295,-0.066533,-0.034856,-0.066769,0.019391,0.049938,-0.002191,-0.032133,-0.009632,0.026660,0.071704,0.025621,0.008166,-0.000253,-0.035115,-0.000737,0.012749,-0.047618,0.025419,0.034981,-0.049367,-0.035637,0.021011,0.011662,0.109547,0.038104,0.056285,0.069219,0.101235,0.002941,0.059712,0.026134,0.055090,-0.028530,-0.001312,-0.026529,0.036023,0.005321,-0.015656,-0.026339,0.064052,-0.087137,0.007304,0.023461,0.013076,-0.028429,-0.076672,0.029787,0.093439,-0.019706,0.045058,0.003972,-0.033309,0.018714,0.066444,0.066426,-0.055062,-0.046959,0.014768,-0.021359,0.029633,-0.010951,-0.036987,-0.053064,0.012389,0.020787,-0.016615,0.068063,-0.012942,-0.016420,-0.001848,0.112285,-0.008261,-0.016275,0.002221,-0.007775,-0.017741,0.061582,0.025422,0.005889,0.014078,-0.022950,-0.001647,-0.028285,0.040367,0.038405,0.091977,-0.033725,-0.044272,0.061851,-0.039982,0.024954,0.010168,0.035518,0.079579,-0.041349,0.002643,0.006943,0.056002,-0.051638,-0.000000,-0.025723,0.008512,-0.001994,0.040869,0.022221,-0.020908,-0.012390,0.003430,0.050149,-0.088977,0.061263,-0.071972,-0.023781,-0.087827,0.043660,-0.018234,-0.101082,0.037688,0.002686,-0.054892,-0.005161,-0.060803,-0.004575,0.054125,0.014154,0.017104,-0.029748,-0.021418,0.003346,0.009838,0.010689,0.025688,-0.056898,0.090586,-0.077065,0.044443,0.023768,0.073650,-0.026465,-0.020529,-0.023631,-0.021173,-0.021469,-0.037327,0.021701,0.003102,0.033046,-0.027866,-0.059757,-0.035931,0.026299,-0.024097,-0.061126,-0.075514,-0.075317,0.046267,-0.001279,-0.069316,-0.084136,0.063647,-0.018702,0.093754,0.020581,-0.098810,-0.116482,0.094612,0.012610,0.051448,-0.085148,-0.024646,0.005163,0.030484,-0.093166,-0.044659,0.030563,0.044378,0.088291,0.073970,0.067740,-0.038438,-0.036623,-0.150460,0.058151,-0.053302,0.056028,-0.026379,0.060047,0.073131,-0.009081,-0.049665,-0.041035,-0.001704,0.074627,0.016918,-0.060975,0.000000,-0.042305,-0.000770,0.015665,0.091979,0.015669,-0.001259,0.018391,0.093072,0.025970,0.028842,-0.031229,0.011742,-0.009029,0.043564,-0.036195,-0.105759,0.018063,-0.091543,0.015025,0.028192,0.063952,-0.060241,-0.051597,-0.047152,-0.009027,0.061697,0.011950,-0.031787,-0.021651,0.004170,-0.003098,-0.040159,-0.083729,-0.074670,0.027265,-0.014382,0.016944,0.033489,0.019012,0.031448,0.030261,-0.014074,-0.099347,0.077114,-0.042250,0.023783,0.083752,0.043369,-0.060363,0.006655,-0.055620,0.062237,-0.066164,0.043802,-0.103533,0.058116,0.018203,0.009846,-0.018957,0.021654,-0.034025,0.032022,-0.032790,-0.042961,0.053539,0.056479,-0.058319,-0.035985,-0.014471,0.022773,0.085273,0.002396,-0.069205,0.022361,-0.056429,0.166488,0.040250,-0.101600,-0.078322,0.072510,0.018117,0.006822,-0.020392,0.046716,-0.058871,0.013060,-0.030257,0.000252,0.014544,-0.025488,-0.096422,-0.072565,0.018107,-0.049466,0.002079,-0.000000,0.040815,0.080436,0.023594,-0.007450,-0.004140,-0.014426,0.086315,-0.053608,0.059852,0.048329,0.050503,0.050833,-0.048139,-0.060579,0.008887,0.057764,0.012787,-0.046392,-0.015758,-0.013733,-0.079039,0.013594,0.008418,0.025697,0.043831,-0.008602,-0.116557,0.026845,-0.044029,0.004842,-0.006947,0.074764,-0.117259,-0.018946,-0.017621,-0.107110,-0.030315,-0.047650,0.024317,-0.161476,-0.016415,-0.016856,-0.059967,0.055672,0.033560,-0.051134,-0.075891,0.055617,-0.064986,-0.018913,-0.050287,0.011136,0.046692,0.036900,0.141804,0.042385,-0.011051,-0.019578,-0.050717,-0.089332,0.055844,0.054809,0.103835,0.031047
-0.039706,-0.035225,0.016535,-0.003753,-0.024094,0.007994,-0.074902,-0.037483,-0.026041,-0.015532,-0.014340,0.063150,0.025835,0.029892,-0.016418,0.008111,-0.015792,-0.112066,-0.002786,0.030053,-0.022649,0.059118,0.043549,-0.007995,-0.049855,0.034933,0.002885,-0.055806,0.002482,-0.002192,0.009076,-0.090540,0.036436,0.040303,0.029398,-0.034299,0.009212,-0.071553,0.050559,-0.048609,0.040754,-0.141871,-0.041527,0.106989,0.023864,0.048675,0.044197,0.013231,-0.003299,0.001171,0.020875,-0.084720,0.087962,-0.077029,0.052078,0.013804,-0.019019,-0.033486,0.032584,-0.051167,-0.016546,0.013413,-0.060779,0.013040,-0.013156,-0.013375,0.021903,0.081826,0.003027,-0.051066,-0.010955,0.008932,0.077182,0.038923,-0.068960,0.023051,0.098062,0.072223,0.050252,-0.019699,0.032372,-0.035582,0.021831,-0.027110,-0.098789,0.032010,0.007504,0.033788,-0.028679,-0.012031,-0.092129,0.031762,-0.023511,0.031128,-0.042561,0.104224,-0.038301,0.007965,-0.011065,0.049349,-0.054368,0.035127,0.072854,-0.098583,0.016866,-0.030195,-0.011589,0.029117,-0.040082,-0.060275,0.040730,0.050881,0.050374,0.037594,0.031027,0.053174,-0.023774,0.030026,-0.005034,0.003499,0.086677,0.044361,-0.065181,0.021285,-0.006832,0.074238,-0.046293,-0.000000,0.035028,0.028062,0.061609,0.156942,-0.036804,-0.007492,-0.010893,-0.006197,-0.044628,-0.037813,0.052991,-0.047155,-0.024759,-0.043029,-0.065331,-0.112048,-0.002657,0.001408,-0.050845,0.050941,0.039082,-0.062184,-0.032981,-0.000723,0.024669,0.040798,-0.009709,-0.053739,-0.054793,0.023442,-0.072819,0.010737,-0.025104,0.003548,-0.045056,0.002476,-0.049037,-0.005869,-0.055398,-0.044024,0.077886,0.010539,-0.093672,-0.049482,0.093471,-0.039890,0.004058,-0.024035,0.006009,-0.046663,-0.008468,0.002967,-0.073616,0.024914,-0.039993,0.043170,-0.056289,-0.050202,-0.007630,0.003738,0.012835,0.029197,-0.021577,-0.036401,-0.075785,0.040438,0.053447,0.027154,-0.087923,-0.025015,0.048010,0.020332,-0.050712,0.011172,-0.015125,0.125896,-0.032462,-0.025810,0.090659,0.089173,-0.002297,-0.037618,0.064604,-0.056702,0.047187,0.042146,0.009727,0.059517,-0.085948,0.001607,-0.019469,0.037090,0.059509,0.124508,0.014422,0.000000,-0.001756,0.035664,-0.048551,-0.010017,-0.043477,-0.041012,0.030955,0.139403,-0.002342,0.055206,0.011448,0.018612,-0.010098,0.049821,-0.010874,-0.050593,0.068755,0.033743,0.046143,0.078855,-0.038798,-0.034211,-0.128470,0.070631,0.063981,0.014705,0.041616,0.025105,-0.122263,-0.001364,-0.059575,-0.074431,-0.045662,0.084259,0.029607,0.019731,0.035312,-0.133197,0.029630,-0.027163,0.053320,-0.020349,-0.062688,0.004689,-0.056700,-0.074070,0.102493,0.081990,-0.059311,0.020824,0.016725,0.028223,-0.064345,-0.046408,0.004578,-0.003683,-0.029248,-0.038125,-0.016921,0.007810,-0.093437,0.112418,-0.038056,-0.016932,0.032051,-0.014134,-0.016453,-0.036639,0.053307,0.049514,0.041262,-0.021699,-0.140137,0.002455,0.035917,0.017155,0.072950,-0.100429,0.016884,0.057951,0.017810,0.025770,-0.022639,-0.030097,0.091346,-0.012515,0.054818,0.021941,0.050418,0.066679,-0.167196,-0.070724,0.016543,-0.007983,-0.019046,-0.000000,0.000145,-0.037616,-0.019107,0.061632,0.053671,0.067048,0.028360,-0.009010,-0.037710,-0.028883,0.011204,0.044627,-0.042261,-0.045705,0.072987,0.084466,0.072371,0.021271,-0.024874,-0.053479,-0.011690,0.030395,0.036648,0.023842,0.036183,0.017579,-0.101039,0.037118,-0.042694,0.030686,0.010710,0.012303,-0.105757,0.043902,-0.049122,0.042767,-0.031213,0.003179,0.126380,-0.086374,0.020768,0.081153,-0.036452,0.028862,-0.039762,-0.035175,-0.051626,0.011259,0.046570,-0.073437,-0.022351,-0.041737,0.058353,0.008997,0.083717,0.051197,-0.024029,-0.027873,0.028819,-0.015012,0.030252,-0.054750,0.019327,0.043084
0.036255,0.019434,0.031141,-0.021390,-0.014793,0.035271,-0.010294,0.000133,0.099616,0.012053,-0.014023,0.059874,0.005370,-0.002332,0.054940,-0.066787,-0.002846,-0.029947,-0.011003,0.056474,-0.012461,-0.001255,0.061966,0.022377,-0.133774,-0.037877,0.102756,-0.043171,0.040521,-0.044727,-0.049071,0.017092,-0.014658,0.019242,-0.098979,0.047500,0.005048,-0.035905,0.029740,-0.020597,0.019448,-0.059559,0.048854,0.045264,0.059354,0.044730,0.021110,-0.015399,0.028034,-0.002727,-0.041537,0.031901,0.077974,-0.009030,0.050990,0.125996,0.041969,-0.096333,0.098690,-0.068771,0.051592,0.029154,-0.002168,0.001707,-0.070771,-0.073870,-0.002345,-0.031120,-0.050253,0.015347,-0.026679,-0.045232,0.011835,-0.037172,-0.002320,-0.027837,0.007374,-0.021237,0.029788,-0.054118,0.103492,-0.084440,0.033157,-0.005047,-0.038717,-0.054418,-0.035901,0.072591,0.064443,-0.003900,-0.063763,-0.005863,-0.032349,0.024433,0.028560,0.026950,0.002506,0.008981,-0.044864,0.079425,0.027503,0.058807,-0.072579,-0.043172,0.013505,-0.001859,-0.009588,0.008731,-0.038292,0.007292,0.071740,-0.014418,0.013803,0.070389,-0.029267,-0.106536,-0.047762,0.003779,-0.091329,-0.134311,0.046616,-0.011042,-0.021960,0.026178,0.016515,-0.056268,0.019499,-0.000000,0.020430,0.025035,-0.013070,0.075141,-0.010441,0.014777,0.014012,-0.007895,-0.032657,-0.035231,0.058318,0.025696,0.005211,-0.028899,-0.027963,-0.064383,0.021784,0.022460,-0.054329,0.017273,-0.022598,-0.021421,0.003386,-0.037231,-0.003956,0.067034,-0.039086,-0.042648,-0.162825,-0.016359,-0.035304,-0.046786,-0.077133,0.026880,0.010849,0.041074,-0.117377,0.011980,0.012902,0.025367,-0.119201,0.045929,-0.082944,0.029225,0.065517,0.061666,0.009510,0.034512,-0.030733,-0.027093,0.019030,0.045814,-0.006503,-0.000664,-0.013817,0.116718,0.053799,0.007708,-0.077725,-0.018195,0.010529,0.012767,-0.066153,-0.099919,-0.047462,-0.006634,0.024081,0.015467,-0.035000,0.048025,-0.014197,-0.012965,-0.066181,0.051646,-0.059133,0.049644,0.064460,0.031337,0.070262,-0.026451,0.001602,-0.092494,0.019414,-0.065935,0.076806,-0.007210,0.018465,-0.061326,-0.093369,0.079862,-0.028250,0.007209,0.041769,0.035279,-0.071865,0.000000,0.003840,-0.009960,0.007209,0.080003,-0.044379,-0.065100,0.032596,0.014705,-0.049248,0.090973,0.004760,0.018938,-0.037895,0.020462,0.065442,-0.070448,0.110056,0.020047,0.024201,0.038645,-0.000854,0.083217,-0.025283,0.081210,-0.013449,0.061242,0.004882,-0.013835,-0.058999,-0.026146,-0.080771,-0.094775,-0.045940,-0.019606,0.009197,0.060822,-0.080044,-0.039956,-0.000364,0.064649,-0.020550,0.017388,-0.057273,0.074546,-0.049560,-0.021751,0.066457,0.121810,-0.038084,0.058468,-0.030034,0.054733,-0.067725,0.059300,-0.025851,0.054215,0.039722,-0.014554,0.055401,0.000690,-0.029825,0.054607,-0.006772,-0.060021,0.047050,0.017066,-0.057855,0.008354,0.022978,0.019817,0.020301,0.003197,-0.074946,-0.070539,-0.024554,0.062713,0.022575,-0.049632,-0.014144,0.017914,-0.023276,-0.030252,-0.011055,0.045667,-0.059997,0.040718,0.034793,-0.016935,0.049934,0.006553,-0.029864,-0.004452,0.034605,-0.012626,0.005418,-0.000000,-0.129109,0.052507,0.083085,0.014850,-0.028619,0.024150,0.087658,-0.000964,-0.054664,-0.052686,0.015007,0.006297,0.030352,0.009937,0.099774,0.119648,-0.097661,0.025569,-0.095432,0.049781,0.004191,0.006955,-0.007717,0.069817,-0.015492,0.015791,-0.093172,0.056100,-0.092134,-0.000548,0.018595,-0.024229,-0.011927,0.026761,0.002377,0.010631,0.011523,0.003306,0.147916,-0.035989,-0.077704,0.130769,-0.034188,0.145753,-0.090339,-0.007491,0.014121,0.099498,-0.005049,-0.064512,-0.022422,-0.064672,0.015729,0.065225,0.073080,0.109115,-0.026041,-0.026158,-0.014979,0.026643,-0.007637,0.048143,0.023605,-0.034679
-0.060614,-0.006131,0.044707,-0.002208,0.091660,-0.058894,-0.024707,-0.097334,-0.085420,0.033293,-0.024015,0.120728,-0.061638,0.067614,-0.047287,0.024067,-0.007800,-0.103144,0.040832,-0.017819,-0.096318,0.046708,0.015882,-0.056239,0.048132,0.058970,-0.064793,0.094736,-0.015985,-0.064965,-0.048249,0.050355,0.056445,-0.011692,0.000365,0.011370,0.018814,-0.060884,0.060854,-0.010243,-0.022671,-0.010819,-0.050369,0.063076,0.028053,-0.011681,0.003819,-0.026331,0.087716,0.030651,-0.009622,-0.094053,0.046204,0.027342,0.025721,0.025874,0.037471,0.045054,0.069043,-0.040105,0.010363,-0.029281,-0.122145,0.120955,0.042214,0.014545,-0.009815,-0.086407,-0.059679,0.011052,0.051707,0.032521,-0.032569,0.048180,0.060502,0.019815,0.031582,-0.011799,0.065482,-0.046601,-0.055040,-0.072838,-0.030319,0.027241,0.060836,0.007618,0.049603,0.024731,0.052691,-0.028213,0.007642,0.058428,0.027911,-0.041116,-0.007926,-0.125817,0.005007,0.037186,-0.154579,0.079287,-0.050539,0.017452,-0.010556,-0.032010,-0.014182,0.025858,0.071837,0.098661,-0.043430,-0.049596,-0.065922,0.028581,-0.064788,0.098581,0.023433,-0.017836,-0.040699,0.039533,0.031447,-0.006324,0.093821,-0.017470,0.001979,0.013206,-0.095271,0.019108,0.068347,-0.000000,0.004527,-0.059837,0.022953,-0.013833,0.058902,-0.025763,0.086300,0.004839,-0.015909,0.029325,0.092514,0.068822,-0.037378,-0.042066,0.043200,-0.040076,-0.012063,0.005040,-0.077511,0.019246,0.042568,0.039851,-0.029510,0.002796,0.033481,0.107374,0.026678,-0.016902,0.088494,0.028525,0.018339,0.006917,-0.009165,0.043914,-0.025133,-0.030139,-0.020161,-0.083236,-0.026344,0.011467,0.009328,0.017778,-0.052926,-0.044188,-0.034972,-0.026348,0.086060,-0.000126,-0.016941,0.044961,0.069905,0.047316,0.012483,-0.059948,-0.022993,0.038620,-0.084470,0.001219,0.081027,0.012646,0.086320,-0.001584,0.031775,-0.038004,-0.007498,0.122249,-0.046011,0.036601,0.019153,-0.027100,-0.036055,-0.000180,0.060894,0.036862,0.029081,0.001318,-0.045877,-0.020263,-0.000022,0.027376,-0.017790,0.015355,0.007336,-0.007125,0.103010,0.004692,-0.054779,-0.059894,-0.049698,0.002456,-0.068654,-0.004448,-0.003244,0.018095,-0.077063,0.000000,-0.099787,-0.032654,-0.103823,0.021002,-0.013661,-0.032636,-0.021100,-0.011668,-0.129730,-0.008851,0.026277,-0.033056,0.007782,0.004099,0.027901,0.048075,-0.003718,-0.054742,0.011983,-0.033758,-0.023672,0.044498,-0.018411,0.096415,0.042815,0.070440,0.037399,-0.041277,0.039656,-0.009321,0.025944,-0.045362,-0.106194,0.015963,0.063175,-0.003829,0.001824,-0.023483,-0.024949,-0.089527,0.069606,-0.052849,-0.094154,0.119981,0.073667,0.007257,0.034806,-0.020196,-0.085943,0.029763,0.089647,-0.086095,0.062493,-0.068480,0.029417,-0.006447,-0.011093,-0.003422,-0.078579,-0.073896,-0.090393,-0.050092,0.021970,0.049803,0.090113,0.006097,-0.014435,0.071750,0.066389,-0.022005,0.067349,-0.008879,0.059146,-0.011676,0.001984,-0.049826,-0.010022,-0.026572,-0.034996,0.046247,-0.021340,-0.017593,-0.038336,-0.037679,0.136018,-0.030638,0.014727,0.017679,-0.003673,0.012293,-0.079496,0.021196,0.033085,0.028013,-0.023656,-0.000000,0.054257,0.058539,0.042540,-0.046483,0.057381,0.116717,0.071879,-0.028290,0.045592,-0.029768,0.036042,-0.024144,-0.047681,0.073456,0.036696,-0.059925,-0.047681,0.021588,-0.068193,0.001796,-0.005702,0.025548,-0.049399,-0.052542,0.002937,-0.003982,-0.031026,0.065170,-0.062894,-0.043044,0.066002,0.039880,-0.019785,0.009916,-0.032125,-0.079945,0.034948,0.050420,0.040248,0.094912,0.033712,0.054312,0.000173,0.019162,0.045420,0.012814,-0.027238,-0.100100,-0.058278,0.026457,0.008182,0.031944,-0.007888,0.053548,0.056609,-0.011647,0.031512,-0.011674,-0.089132,-0.017872,0.033026,-0.089348,-0.003984,0.099777
-0.034908,-0.043063,0.020248,0.001649,-0.011398,-0.003263,-0.054196,-0.052253,-0.057516,-0.011956,-0.037209,0.105506,-0.070372,0.007012,0.051285,0.032429,-0.024156,-0.100310,0.024460,0.155700,-0.050463,0.094915,-0.014518,0.016273,0.038949,0.002393,-0.019507,0.039921,-0.041416,0.022398,-0.007170,0.002476,-0.078757,-0.083059,0.042291,-0.011438,0.066119,-0.043240,0.050158,0.036582,0.001890,-0.013753,-0.065568,0.017474,-0.045201,0.076253,-0.058982,-0.056096,-0.080435,0.071805,0.036616,0.070956,-0.012458,-0.011658,0.127172,0.046876,0.054861,0.031579,0.014838,0.044174,-0.046925,0.023140,-0.051873,0.014904,-0.044008,-0.036746,0.007727,-0.031469,-0.003521,-0.066191,-0.025914,-0.045712,0.034364,-0.028068,0.053233,0.024575,0.026598,-0.032203,0.040018,-0.055061,0.053324,-0.076379,0.007576,0.020000,-0.098666,0.051957,-0.033402,-0.007329,0.075264,-0.041875,-0.094055,0.037967,0.056076,-0.007237,0.022324,-0.069550,-0.053569,0.066723,-0.086685,0.122319,-0.082707,0.057529,-0.052619,-0.140410,0.005046,0.021607,0.039173,0.085804,0.028859,0.013316,0.009181,0.038234,-0.026959,0.070802,0.008055,-0.050057,-0.009576,-0.019198,0.030411,-0.048238,0.020576,0.055184,0.013224,0.046369,0.010278,0.023315,0.022944,-0.000000,0.000957,0.002776,0.055930,0.085445,0.020041,0.022924,0.004876,-0.031020,-0.000342,0.024338,0.019374,0.025760,-0.032451,-0.041881,0.150843,0.024756,-0.003258,0.030760,-0.043000,-0.079222,0.063937,-0.049709,0.036690,0.042679,0.041052,-0.001143,-0.059063,-0.006882,-0.020112,-0.047145,0.010327,0.041349,-0.023372,0.033108,-0.030832,-0.036448,-0.040999,-0.001888,-0.044974,0.016829,-0.052811,-0.001472,-0.046940,-0.003842,0.035394,-0.049999,0.054663,-0.014311,-0.114920,-0.056917,0.013231,0.040784,0.047609,-0.028277,-0.084623,-0.020419,-0.084803,0.044788,-0.038627,-0.027973,0.033557,0.009048,0.041178,-0.046701,-0.029295,0.050938,-0.010588,-0.012939,-0.106302,-0.013108,-0.031394,0.012180,-0.023584,0.033482,0.040227,0.016961,-0.002865,-0.003190,0.125896,-0.040515,-0.013448,0.011369,0.032564,-0.087047,0.071965,-0.001529,0.014374,0.009327,-0.052799,0.010641,-0.058284,0.130222,0.015690,-0.058442,-0.031629,0.000000,-0.086270,0.050080,-0.030412,-0.006141,-0.008714,-0.015511,0.100122,0.121449,-0.006212,0.031830,0.017840,0.035025,0.093990,-0.021321,-0.001379,-0.029310,0.092658,-0.029759,0.046108,0.033291,-0.070299,-0.015959,-0.087265,0.010192,0.001425,0.061135,-0.010794,0.040151,-0.033299,-0.032347,0.025376,-0.088356,-0.001358,-0.028273,0.106087,0.037581,-0.070654,-0.042522,-0.025669,0.086520,-0.060449,0.012434,-0.093698,0.073217,0.031304,0.028189,0.054916,0.097998,0.022296,0.002235,-0.031495,0.012439,-0.058391,0.032434,-0.055652,0.035591,-0.027516,-0.038874,-0.013825,-0.026849,-0.000422,0.014740,0.082570,-0.010662,0.079209,0.085762,0.008819,0.060741,-0.034688,0.029934,0.054286,-0.032542,-0.045804,0.054825,0.073258,0.024360,0.005954,-0.046894,-0.015149,0.020434,0.021900,-0.028896,-0.050703,0.032793,0.041472,-0.016478,-0.046787,0.032210,0.067472,0.024674,-0.038962,-0.103405,0.054435,0.003060,0.025440,-0.000000,0.066961,0.029718,0.021292,-0.031912,0.009161,0.084853,0.057603,0.051766,0.036507,-0.049121,0.106444,0.060830,-0.032442,-0.024271,-0.017445,0.060997,-0.044086,-0.065781,-0.035589,0.076775,-0.064228,-0.023527,-0.075811,0.075232,-0.022917,0.004338,-0.090929,0.019582,-0.030013,-0.001381,0.021133,-0.024999,-0.070558,0.059672,-0.008103,-0.083756,-0.024564,0.015516,0.008898,0.045601,-0.010114,0.016087,-0.035593,0.185585,0.060690,-0.041030,-0.018943,0.051122,-0.084864,-0.027284,-0.052893,0.000093,-0.039569,0.005972,0.076331,-0.054082,-0.054840,0.005036,-0.131874,-0.011543,0.012555,-0.095773,-0.003055,-0.024651
-0.013020,-0.026563,0.005717,-0.003818,-0.030316,0.042762,-0.155441,-0.032530,-0.020935,-0.066573,-0.052801,0.072049,-0.070742,0.006096,0.067785,0.041613,-0.035838,-0.194755,0.011446,0.011187,0.057042,-0.056972,0.034890,-0.011499,0.010737,-0.057555,0.001561,-0.040331,-0.023806,0.097154,0.041580,0.047124,0.037444,0.048161,-0.034331,-0.006070,0.033642,0.009302,0.002940,-0.047479,-0.035929,-0.065381,0.028228,-0.001439,-0.015510,0.031740,0.043653,-0.019844,-0.045726,0.064788,-0.083943,-0.024334,0.052026,0.007828,0.043409,-0.003440,-0.068512,0.018837,0.011177,0.024301,-0.038574,-0.017194,-0.057465,0.043580,-0.032774,-0.009033,0.010475,-0.036556,0.060687,0.012556,0.012120,-0.025128,-0.075406,-0.065597,-0.021862,0.060410,0.052968,0.018763,0.077857,-0.196989,0.045723,0.050406,-0.010641,-0.012934,-0.008612,-0.018695,-0.007806,0.038785,-0.140478,0.026008,0.061684,-0.007329,0.084912,0.008516,-0.031195,0.038163,-0.077292,0.038205,0.045675,0.065421,-0.058305,0.010787,-0.069543,0.000712,-0.019531,0.050553,-0.000836,0.025124,-0.077057,0.015890,0.017894,0.007863,0.063432,0.067213,0.003279,-0.039141,-0.024711,0.013446,0.093979,0.047298,0.073249,0.062724,-0.035099,0.013908,-0.061850,-0.023900,-0.028132,-0.000000,-0.031866,-0.009537,-0.038847,0.089561,-0.041609,0.031673,0.026483,-0.014181,0.033669,-0.015501,0.013324,-0.043846,0.003188,-0.144352,0.124894,-0.058970,-0.030742,0.056632,-0.013657,-0.054803,0.043621,-0.094845,0.020583,0.052900,0.078907,-0.079434,0.008701,0.005450,-0.010547,-0.020402,-0.033002,0.103893,-0.020414,-0.056926,0.004521,0.033234,0.074296,0.010640,0.022282,-0.023934,0.009498,0.003799,0.001619,-0.022260,0.041258,-0.043606,0.035233,-0.052805,-0.052640,-0.004930,-0.025733,-0.024475,-0.020394,-0.019345,0.044082,0.016312,0.007988,-0.044196,0.016278,0.050535,0.065030,0.034265,0.012414,-0.034012,-0.053178,0.090860,0.001627,0.054733,-0.055693,-0.064157,0.072368,0.019272,-0.033869,-0.059774,0.027530,-0.050901,0.019822,-0.039952,0.031483,0.107024,0.005307,0.031244,0.002952,0.036057,-0.049639,-0.044046,0.106518,0.048630,-0.004669,0.023386,0.000679,-0.015877,-0.023403,0.047818,0.097957,0.000000,-0.036866,-0.001115,-0.007565,0.056836,0.066443,-0.064700,-0.020479,0.215869,0.017455,-0.008449,0.013113,-0.008974,0.071554,0.078883,0.013515,0.063995,-0.006688,-0.089749,0.006699,-0.034462,0.047061,0.076850,-0.040958,-0.015752,-0.010569,0.013640,0.059557,-0.091715,-0.022742,-0.000376,-0.072410,-0.070677,-0.063092,0.022631,0.072490,-0.053502,-0.008143,-0.109920,0.004618,0.001855,0.073729,-0.045764,-0.017266,0.057689,0.034360,-0.054901,0.017467,0.025932,0.055134,-0.009276,0.018717,0.035575,0.035146,-0.089187,-0.017572,0.022271,-0.003701,-0.037081,0.003026,-0.007022,0.065896,0.061546,0.010178,-0.047151,0.036215,0.088558,0.035844,-0.037492,0.043186,-0.019078,0.078458,-0.009484,-0.149794,0.038078,-0.034416,-0.011076,-0.012167,-0.063018,-0.002899,-0.031332,-0.014967,0.037846,-0.041954,0.009521,0.037386,-0.030016,0.073028,-0.040145,0.024267,-0.054122,0.032449,-0.161589,-0.042762,-0.108542,-0.021064,-0.000000,0.048108,0.071786,0.008319,-0.016798,0.099829,0.038516,0.057288,-0.015258,0.017564,-0.013282,0.064573,0.057620,-0.018754,-0.019636,-0.027663,0.003219,-0.020314,-0.034099,-0.018749,-0.011919,0.012156,0.027077,-0.003889,-0.021736,-0.119647,0.000510,0.017657,0.043958,-0.050500,-0.039916,-0.018288,-0.001629,-0.058200,-0.061012,-0.046708,-0.035723,-0.083008,-0.021334,0.016879,-0.055456,-0.055288,0.086190,0.024401,0.089746,0.011508,-0.009197,-0.082537,0.050380,-0.015360,-0.033932,-0.033023,0.038128,-0.032551,0.015929,0.064524,0.017003,0.019638,-0.014968,-0.030739,-0.033756,0.057199,-0.043736,-0.024956,0.072118
-0.072015,0.062731,-0.026855,0.023883,-0.050773,-0.017201,-0.055762,0.051597,0.005257,0.034943,-0.035682,-0.042533,0.043606,-0.017437,-0.061780,0.053909,0.070814,-0.039417,-0.028767,-0.043109,-0.000750,-0.012309,-0.037501,-0.067538,0.049376,-0.018186,0.071746,-0.067523,-0.033106,-0.029482,0.048206,0.012887,-0.029902,0.044302,0.061564,0.066628,-0.024233,0.005785,-0.047753,-0.012953,0.019062,-0.027590,-0.061656,-0.000652,0.041750,0.016419,-0.044458,0.067443,0.035528,0.015190,-0.008027,-0.013977,0.024513,0.033254,0.000353,-0.025115,-0.034750,-0.075762,-0.007577,-0.035227,-0.033438,-0.084744,-0.074857,0.010430,0.010342,0.052818,-0.023310,0.019544,0.037541,-0.013642,-0.000585,-0.053605,0.073884,-0.017402,-0.023841,0.018480,0.058958,0.087804,0.043354,-0.044642,0.082866,-0.035619,-0.042255,-0.076875,-0.038391,0.107620,-0.025066,0.060770,0.079550,0.050094,-0.017012,-0.053743,0.081258,0.029274,-0.092509,0.071454,-0.042909,0.014304,-0.070177,0.041020,0.028615,0.069619,0.044221,-0.050219,-0.024417,-0.010373,0.064054,0.005047,-0.021259,-0.014669,-0.055877,0.045647,-0.022174,0.055478,0.009852,0.064952,0.027535,-0.019363,0.062623,0.072862,0.066127,-0.051943,-0.048114,0.034700,-0.121886,-0.007853,-0.066440,-0.000000,-0.048545,0.056990,0.004282,-0.029981,-0.027643,-0.015714,0.073114,0.024119,-0.091348,0.042781,0.038662,0.019319,-0.086405,0.062286,-0.014703,-0.092201,0.001559,-0.005104,0.012054,0.001609,-0.008339,0.007243,-0.056932,0.010116,-0.015346,0.010547,-0.091896,-0.056072,0.073659,-0.001330,-0.085613,0.032217,0.078653,-0.013842,0.010412,0.015024,-0.058112,-0.036250,0.033439,0.043004,-0.012166,0.042367,-0.092565,-0.032455,-0.026318,0.004415,0.043355,0.018573,0.020589,-0.071831,0.000434,0.042336,-0.089144,0.005961,-0.024678,-0.017082,0.039287,-0.060580,0.029610,-0.022997,-0.054883,0.019492,0.008281,0.068105,-0.078897,0.118329,0.003208,0.021204,0.008557,0.047341,-0.045021,0.048246,-0.000697,-0.017079,-0.092287,0.005492,0.010436,-0.030496,0.100092,0.228744,0.022389,0.075500,-0.030660,-0.006802,0.110304,0.005840,0.012106,0.013482,-0.038272,-0.054689,0.005296,-0.042883,-0.073104,-0.004440,0.093349,0.000000,0.005144,-0.024646,0.024417,0.061365,0.040270,0.059968,0.060992,0.186628,0.037063,0.095448,-0.056534,0.043065,0.084665,0.023051,0.031213,0.031337,0.005471,0.045900,0.056356,-0.047330,0.015715,0.067169,0.040564,0.113529,-0.030112,0.028120,0.004063,0.016987,-0.100007,0.032637,0.025715,-0.053803,-0.054088,0.021939,-0.012607,-0.073279,0.110564,-0.035418,-0.008740,-0.031927,0.072661,0.007047,-0.035357,-0.024724,-0.045729,-0.019544,-0.052017,0.027612,0.087899,-0.085838,0.019811,-0.009433,-0.044164,0.081329,-0.063481,0.054148,0.003157,0.043038,0.058960,-0.011816,-0.014932,0.007677,-0.038299,0.010048,-0.023767,-0.040721,0.003294,-0.016456,-0.068897,0.006431,0.032625,0.001379,-0.051246,-0.019991,-0.028093,0.065831,0.071694,0.016714,0.084464,-0.019786,-0.037016,-0.011739,0.021395,-0.007324,0.111038,-0.040577,-0.007798,-0.033372,-0.031251,0.064864,-0.103953,-0.025992,0.005823,-0.022684,0.036502,-0.000000,0.005760,-0.016378,-0.007227,-0.067400,0.048024,-0.080188,-0.030998,0.017498,-0.052917,0.049771,0.059927,-0.039865,-0.050569,-0.023762,-0.085476,0.020319,0.025200,0.045008,0.017436,-0.027625,0.041988,0.066245,0.086129,-0.047483,-0.021274,-0.019183,-0.020184,0.068174,-0.036495,0.004085,-0.009204,-0.054962,-0.013279,0.023944,0.048063,0.003287,-0.104266,-0.029823,0.013275,-0.023554,0.004975,-0.007311,-0.005733,0.046918,-0.052510,-0.057681,-0.059631,-0.100716,-0.050490,-0.100204,0.049307,0.015058,-0.058693,-0.055747,0.067700,0.020421,-0.009394,-0.019481,-0.026123,0.012012,0.047408,-0.175784,-0.082877,0.058077
-0.084678,0.005298,0.018153,0.019751,0.024247,0.006736,0.024179,0.066673,-0.003083,0.019624,-0.033526,0.036660,0.014323,0.048674,0.029227,0.012088,0.011953,-0.087457,-0.112774,-0.023836,-0.011833,0.032248,0.109955,0.026792,0.112969,-0.046654,-0.073862,0.028126,0.088075,-0.080067,-0.000277,0.047168,0.096977,-0.030319,0.010580,-0.032466,0.013009,-0.036765,-0.063451,0.030158,-0.009831,-0.034722,-0.049865,0.008569,0.019183,-0.026069,-0.026539,0.040134,-0.077801,-0.055104,-0.027928,-0.000896,-0.005333,-0.047757,-0.012243,-0.012805,-0.026955,-0.029672,0.028165,-0.027722,-0.050255,0.026558,0.049249,0.033926,0.059622,-0.114388,0.011985,-0.068516,-0.017244,0.119486,-0.056605,0.009202,-0.021038,-0.122562,0.029506,0.007330,-0.080428,0.066934,0.015968,-0.074785,0.086111,-0.065682,-0.071060,0.005894,-0.003445,0.055009,-0.044974,-0.035700,-0.077291,0.020164,0.051570,-0.087084,-0.046781,0.072727,-0.016740,0.007530,-0.068911,-0.024558,0.080022,0.047303,0.041681,0.096173,-0.017013,-0.015687,-0.014094,0.023415,0.054979,0.021545,0.021173,0.030119,0.009413,0.001994,-0.011529,-0.024154,-0.067354,0.049663,0.094847,0.127472,-0.025185,0.012301,0.083053,-0.014119,-0.079672,-0.013202,0.014314,0.028181,-0.039155,-0.000000,0.075883,0.000531,0.047444,-0.027009,0.091393,0.027146,-0.006554,0.021324,-0.021730,-0.080707,0.017829,0.080747,-0.000002,0.026959,0.013856,-0.103336,-0.115247,0.009465,0.016773,-0.014091,0.011107,-0.039115,-0.051659,-0.016776,0.020137,0.090753,0.055055,0.051177,-0.063444,-0.009467,-0.076034,0.052939,-0.125145,-0.045026,-0.068932,0.034338,0.036251,-0.014049,-0.014356,0.013091,-0.018686,0.024262,-0.004608,-0.060256,0.030502,-0.023458,0.051739,-0.001065,-0.073750,-0.018460,0.011000,0.026131,0.004406,0.002575,0.048508,0.057888,0.080664,-0.002869,-0.051439,0.082902,0.027018,-0.003540,0.056234,0.035277,-0.073344,0.111388,0.001557,0.029153,-0.053083,0.129001,-0.061037,0.037188,-0.039768,0.044505,-0.006922,0.005896,-0.057996,0.017042,0.064082,-0.032719,-0.068336,-0.093776,0.058567,-0.031442,-0.006519,-0.061609,0.037907,-0.041069,-0.012748,-0.045211,0.036322,-0.046815,0.057989,0.028374,-0.056040,0.000000,-0.090786,0.024262,-0.051581,0.047723,-0.029531,-0.033842,0.010169,0.005189,0.014447,0.036364,0.062403,0.052104,-0.003274,0.043209,-0.030950,-0.070475,0.074577,-0.061335,0.045075,0.046874,0.046597,0.058575,-0.021965,0.049224,0.024907,0.049039,0.027929,-0.004448,0.018106,-0.087592,-0.038512,-0.126710,-0.059666,0.003949,0.037481,0.030688,0.082538,-0.020275,-0.010111,0.057606,0.016952,-0.035041,-0.015915,0.054664,-0.031158,0.024020,0.027695,-0.013030,-0.020926,0.002007,0.020958,0.056617,-0.076149,0.093036,-0.105593,0.009956,-0.011809,0.016283,0.011585,0.037180,0.010477,0.026547,-0.109535,-0.075563,0.067892,-0.040716,0.015522,-0.016839,0.019419,-0.033044,0.012458,-0.027134,-0.028953,0.050118,0.023656,0.027891,-0.036686,-0.029710,0.047725,0.021568,-0.022303,-0.028335,-0.047748,-0.026916,0.040731,-0.025840,-0.009384,0.022684,0.016153,0.095911,-0.104745,0.002145,-0.059946,0.031845,-0.028077,-0.000000,-0.008741,0.008047,-0.032024,0.025093,0.074654,-0.012879,0.006734,0.112508,-0.133987,-0.014300,-0.043435,0.066492,0.058461,0.049836,0.073816,0.062957,-0.027281,0.022827,-0.015065,-0.086616,0.053328,0.092774,-0.031704,-0.082990,-0.048936,0.004016,-0.090487,0.068304,-0.003009,-0.056301,0.063420,-0.064211,-0.013318,-0.037938,-0.040753,0.026024,-0.098140,-0.005560,0.054982,-0.005022,-0.028977,-0.017248,-0.006621,0.041932,-0.003838,0.015496,-0.128853,-0.018007,-0.056071,-0.115075,0.019205,0.010975,-0.033591,0.017608,0.078900,0.024669,0.001319,0.005883,-0.038949,-0.002643,0.084299,-0.057546,-0.050166,0.086116
0.051274,0.019559,0.078414,0.011115,-0.010003,-0.022249,-0.171109,0.045602,-0.015892,0.011035,-0.039388,0.045068,0.003888,0.008003,0.018919,-0.029393,-0.050111,-0.108757,-0.004966,0.005067,-0.033180,0.054671,0.002633,0.035114,0.028681,-0.007154,-0.083643,-0.013261,0.023107,0.100786,-0.047657,-0.023738,0.081551,-0.088099,0.056112,0.036268,0.018388,-0.017862,0.013432,0.042443,-0.009907,0.003628,0.033682,0.090507,-0.025153,0.050188,-0.012158,-0.110361,-0.066987,0.028299,0.023464,0.087953,-0.036856,-0.058689,-0.025110,0.116538,-0.030762,-0.053801,0.018322,-0.070785,-0.069604,-0.004938,-0.071115,-0.010180,0.047111,-0.105972,0.030558,-0.046196,0.002812,-0.000058,-0.001725,-0.043408,0.009717,0.036989,0.014883,0.063567,0.007680,0.055742,0.019260,-0.058793,-0.005585,-0.049287,0.027290,-0.030418,-0.071960,0.044337,0.069221,0.026455,0.022745,0.019494,0.056054,-0.030781,-0.036086,0.113803,-0.025818,0.064268,0.023989,0.033274,0.041105,0.091670,-0.055454,0.065533,-0.026326,-0.100870,0.022018,0.001781,0.037785,-0.046334,-0.068747,-0.029743,-0.001448,-0.018387,-0.004768,0.000602,0.010719,0.013308,0.040738,-0.001442,0.011667,-0.005018,0.030540,0.125473,0.005911,0.079523,-0.021924,-0.028604,0.063256,-0.000000,0.108154,-0.074501,0.020448,-0.014531,0.005499,-0.002135,-0.062686,-0.003276,-0.017741,0.031794,0.059338,-0.044280,-0.038800,-0.085163,0.077916,-0.059092,-0.002969,0.027886,-0.027800,0.038629,0.002006,-0.122550,-0.007693,0.000822,-0.000040,0.061850,-0.057697,-0.011270,-0.060969,-0.041685,0.017116,0.033250,0.026537,0.011059,-0.061684,0.008391,0.079172,0.033634,0.034255,-0.034635,-0.025881,0.020436,0.001789,-0.033575,0.043893,-0.098341,0.067464,-0.060256,-0.031499,0.028513,-0.000449,0.000121,0.030520,-0.027444,-0.029573,0.022701,0.074415,-0.003198,-0.056870,-0.036128,0.024653,0.046457,-0.045296,-0.075498,-0.136790,-0.004406,0.061780,0.026931,-0.043791,0.006410,-0.013323,-0.066026,-0.001725,-0.036129,0.145119,0.139739,0.038152,-0.041316,0.138468,-0.020401,0.034998,0.008958,-0.005794,-0.111315,0.069559,-0.004653,0.063447,0.041146,0.051840,-0.042915,-0.030028,-0.040437,0.003993,0.068371,0.006604,0.000000,0.011026,0.025254,-0.007235,0.067995,-0.051128,-0.071842,0.027828,0.003185,-0.000065,0.078993,0.102954,0.004954,0.075562,0.049799,-0.040440,0.001846,0.089628,-0.069049,0.058747,-0.083628,0.001119,0.100926,-0.060229,-0.013811,0.009933,-0.000033,-0.020395,0.000949,-0.114969,-0.096802,0.029451,-0.140496,-0.022560,-0.008319,0.005325,0.009046,-0.023991,0.002610,0.007785,-0.005776,-0.000788,-0.073006,-0.033421,0.088191,0.028855,-0.018144,-0.006915,0.020045,0.050928,-0.042409,-0.026628,0.055534,-0.068419,0.037239,-0.007656,-0.016518,0.061542,-0.029270,-0.017906,-0.022455,-0.022552,-0.015143,0.038719,-0.049122,0.022811,0.031268,0.010529,0.018030,-0.024046,0.005392,-0.031766,0.024676,-0.016467,0.033436,0.067565,0.015763,0.027328,-0.024704,0.033787,0.019781,-0.028651,0.067905,-0.075203,0.020660,-0.012409,-0.008502,-0.020743,-0.046316,0.020282,0.064495,-0.013318,-0.011754,0.078215,-0.026441,0.018846,-0.000000,0.009911,0.087196,0.014610,0.000507,0.054815,-0.015351,0.035515,0.024726,0.033432,-0.002668,0.039618,-0.036742,-0.022284,0.008423,0.056436,0.057214,-0.032017,0.023323,0.020409,-0.075657,-0.041670,0.062774,-0.078535,-0.038167,0.026550,0.009433,-0.022203,0.085123,-0.057140,-0.079434,0.097196,-0.039992,0.027638,-0.077894,-0.035082,-0.032111,0.029767,0.016922,0.013569,-0.013837,-0.030996,-0.041234,0.053790,0.051178,0.038787,-0.040438,-0.070447,0.048691,0.018080,-0.165532,0.083444,-0.010510,-0.035464,0.021143,0.043775,-0.033250,-0.054926,0.005263,-0.138066,-0.100260,0.025162,-0.077998,-0.114816,0.038683
-0.082945,0.028611,0.018254,0.001366,0.016206,-0.057510,-0.019654,0.014291,-0.011757,0.011608,-0.032470,0.041722,0.010355,-0.053789,0.050611,0.000207,-0.024340,-0.087438,-0.033597,0.075952,-0.065432,0.056715,0.075962,0.023481,0.007728,0.034147,-0.014364,-0.013639,0.063653,-0.043614,0.035203,-0.046343,0.046521,-0.073161,-0.018894,0.006525,0.021838,-0.005073,-0.053720,-0.048402,-0.088106,0.010466,0.071140,0.116038,-0.029036,-0.030293,-0.002739,-0.102895,-0.042455,-0.051997,0.006939,0.014673,-0.009609,-0.134363,0.040834,0.072087,-0.035447,-0.070247,0.081153,-0.016944,-0.018516,0.028563,-0.023014,0.014930,0.068567,-0.076709,0.091874,-0.034683,0.041016,0.033238,0.017950,-0.051411,0.013372,0.005767,0.049337,0.105883,0.023460,0.002004,0.052268,-0.046352,-0.004031,-0.043656,-0.018921,0.011250,0.012593,0.111284,0.075620,0.045754,-0.025686,-0.049728,0.015298,-0.046137,-0.070943,0.088511,0.014937,0.059754,-0.025750,-0.071582,-0.023525,0.111062,0.021151,0.117516,0.110879,-0.020683,-0.022992,-0.017957,0.020297,0.019935,-0.004183,-0.024584,-0.010376,-0.053475,-0.054044,-0.012617,-0.025949,-0.058625,-0.001753,0.035776,-0.039079,0.037479,0.072372,0.021877,-0.062453,-0.000682,-0.028858,-0.069067,0.032336,-0.000000,0.084454,0.015778,-0.009453,0.078216,0.125113,-0.036665,0.048828,0.016303,-0.049195,-0.082051,0.018206,-0.031778,-0.033254,0.092787,0.047448,-0.077017,0.015109,0.020059,0.015459,-0.018361,0.024173,-0.004027,-0.018494,-0.104666,0.043227,0.031357,0.036197,0.034000,-0.092342,0.011009,-0.047722,0.001827,-0.030447,0.011475,-0.001969,-0.045154,-0.064803,-0.037027,-0.024849,-0.022507,0.049330,-0.006335,-0.045819,-0.014212,0.058536,-0.016603,-0.024917,-0.035191,-0.013419,-0.048293,0.067875,0.043881,0.055986,0.079032,0.023993,0.036677,0.029854,0.020776,0.065295,0.037630,-0.044637,0.039344,-0.087362,0.003814,-0.113893,0.058359,0.051468,0.007528,-0.051328,0.029809,-0.062651,-0.054810,-0.030610,0.009888,-0.058114,0.033588,-0.107311,0.018450,0.051913,-0.022255,-0.029339,-0.004358,-0.062025,-0.003082,0.071039,-0.002230,-0.006034,-0.076059,-0.090250,0.044896,0.011410,-0.027292,-0.045581,0.005079,-0.019970,0.000000,-0.048661,-0.002101,-0.059676,-0.022041,-0.002195,-0.059776,-0.030506,-0.088412,0.017191,0.112939,0.008637,0.037069,0.049230,0.008437,0.024479,0.027683,0.154144,-0.071900,0.052521,-0.007362,0.066122,0.086910,-0.021522,0.046541,0.084986,0.051288,-0.026963,-0.034618,-0.056881,0.000735,-0.021995,-0.084922,-0.049515,0.080314,0.023940,0.013310,-0.012001,0.073844,-0.025201,-0.044789,-0.000142,-0.033470,0.022836,0.114980,-0.011421,-0.031318,0.098289,0.010979,-0.005040,-0.000083,0.055184,0.018282,-0.052214,-0.033182,-0.072310,-0.056782,0.004449,0.014541,0.077842,0.068500,0.003770,-0.013912,0.019575,-0.084361,-0.047275,-0.010129,-0.022369,0.070234,-0.087071,0.044380,-0.026802,-0.024073,-0.110033,0.035414,-0.017922,-0.036758,-0.029583,-0.037777,0.019639,0.071124,0.015384,-0.001750,-0.038431,0.029975,0.091673,-0.043100,0.025131,-0.019995,0.026719,0.026773,0.021198,0.001722,0.045008,0.173527,0.000153,-0.000000,0.019040,0.060991,0.007020,0.032018,0.005041,0.019275,0.030772,-0.002086,0.005543,-0.027831,0.060516,-0.028590,0.024479,0.133443,0.058301,-0.021002,-0.048764,0.068757,-0.065250,-0.076084,-0.034532,0.054660,0.003873,-0.044466,-0.052154,-0.019418,-0.043026,-0.022552,0.005134,0.074242,0.009018,-0.021932,-0.081462,-0.046258,0.006192,0.036542,0.005336,0.001609,0.077027,-0.061049,-0.048008,-0.011430,0.053292,-0.005117,0.014365,0.000644,-0.171710,-0.026520,-0.035047,-0.047183,0.060362,-0.032542,-0.032829,0.033220,0.118265,0.038700,-0.065423,-0.015713,-0.005175,-0.026837,0.029757,-0.056199,0.031654,0.101813
0.000204,-0.007527,0.043697,0.046030,0.051316,-0.054123,-0.108830,0.000729,-0.004990,-0.096074,-0.000218,0.080169,-0.021126,-0.036703,-0.045528,0.041999,0.039142,-0.074667,-0.094989,0.055236,0.001557,-0.000620,0.065421,0.006430,-0.040758,0.047633,-0.077420,0.016030,-0.009218,0.009700,-0.068277,-0.004587,0.044807,-0.041018,-0.024267,-0.013283,0.005467,-0.000824,0.046224,0.038981,0.016692,-0.099116,-0.019389,-0.047140,0.013607,-0.003837,0.035651,-0.000763,0.047113,-0.014083,0.010700,0.083381,-0.065553,-0.103015,0.007475,0.016220,-0.048961,-0.016812,0.049353,0.089287,-0.039119,0.000995,-0.002236,0.058619,0.030321,-0.146183,-0.017246,-0.096440,0.043992,-0.002580,-0.005951,0.046809,0.010921,-0.074282,-0.034986,-0.005683,-0.006291,0.036882,0.059309,-0.102223,0.038921,-0.050411,0.015667,-0.023405,-0.056035,0.008055,0.089140,-0.004505,-0.006581,0.019460,-0.007571,-0.049505,-0.018173,0.030241,-0.002037,0.155422,-0.005379,0.061935,-0.073675,0.008178,0.021747,0.157332,-0.064326,-0.126711,-0.061372,0.052130,0.033134,0.009191,-0.026273,0.041031,-0.000898,-0.028640,-0.056567,0.028312,-0.077706,-0.047362,-0.014408,-0.087505,-0.038613,0.021600,0.007244,0.014577,-0.002933,0.025932,-0.011659,0.016190,0.007926,-0.000000,0.033536,-0.026992,-0.044110,-0.017316,-0.033852,0.046904,-0.059239,-0.016923,0.031004,-0.013918,-0.018465,-0.002404,-0.007771,0.035979,0.036045,-0.079948,0.010830,-0.003089,0.046883,-0.076394,-0.003752,-0.058997,-0.055747,-0.012256,-0.010775,0.038511,-0.029700,-0.033848,-0.005106,-0.015927,-0.036238,0.019393,-0.071648,0.005084,-0.019621,0.057550,0.058376,0.011567,0.029761,0.004306,-0.024139,0.037124,-0.030677,-0.003246,-0.075031,-0.016234,0.067382,0.044707,-0.082566,-0.047105,0.048376,0.019944,-0.008826,0.034356,0.044940,0.104562,0.059956,0.037993,0.008725,0.049737,-0.017809,0.079326,-0.037614,-0.018652,0.005373,0.080334,0.049741,0.005354,-0.102515,0.087322,-0.024756,-0.064009,-0.019699,-0.012725,-0.023066,0.034369,0.013790,-0.031127,0.073549,0.003747,-0.064076,-0.009431,0.059426,-0.048896,0.059903,0.056064,0.073558,0.071213,-0.038568,-0.080596,0.027611,0.013034,-0.031253,-0.015239,-0.035490,-0.000000,-0.075340,0.060594,-0.025942,0.089620,-0.014413,0.026863,0.107689,0.082800,-0.000257,0.058486,0.033571,0.017063,0.003491,0.037674,-0.010578,-0.041018,0.050422,0.014534,0.008953,-0.019286,0.019747,0.036025,-0.012721,0.110684,-0.070827,0.077557,-0.042907,-0.079000,-0.108734,-0.044814,0.082951,-0.013698,-0.056517,0.132402,0.001031,0.074699,0.007553,0.012829,-0.014766,-0.016844,0.024906,-0.042044,0.015378,0.047792,0.027776,0.004275,0.016476,-0.025203,0.036407,0.028200,0.020819,0.041548,-0.135073,0.106227,-0.082850,0.070691,0.064855,-0.086106,-0.049888,0.011724,-0.032536,0.016341,-0.012378,-0.058607,-0.005375,0.019084,-0.012384,-0.018333,0.052681,0.013563,0.063417,-0.027713,-0.017472,0.052858,0.024328,0.059637,-0.005744,-0.040436,-0.033203,0.114317,-0.017989,-0.026801,-0.032814,-0.090054,0.021886,-0.067692,-0.021539,-0.051128,0.061847,0.067975,-0.022247,-0.006020,0.009797,-0.012482,-0.027102,-0.000000,-0.044004,0.113385,0.064118,0.068022,-0.000377,-0.030863,0.024283,0.055286,-0.028544,-0.050877,0.016912,-0.011071,0.001525,0.030398,-0.051911,0.014752,-0.021849,-0.030310,0.012182,-0.031297,0.090231,0.058690,-0.122958,0.056702,-0.026766,0.000211,-0.002625,0.025118,-0.044734,-0.030203,-0.014307,-0.019954,-0.037336,0.007333,0.027752,-0.022643,-0.060943,0.002440,-0.021719,-0.012803,-0.087223,-0.039255,0.032440,0.000211,0.054782,0.009929,-0.146792,0.052137,0.029155,-0.108625,0.084685,0.054015,-0.061240,0.076176,0.132924,-0.013654,-0.046969,-0.033642,-0.091552,-0.066540,-0.094440,-0.119158,-0.017293,0.025773
0.012790,-0.104910,0.092743,0.009641,0.040381,-0.004137,-0.120368,0.006598,-0.030891,-0.107881,-0.020001,0.074211,-0.110011,-0.002447,0.056605,0.017377,0.027671,-0.092711,-0.004676,-0.020139,0.039300,0.001539,0.006504,-0.013397,0.028988,0.053902,-0.050876,0.038750,0.030292,0.046930,-0.038666,0.037278,-0.012847,0.002290,0.062624,0.023335,-0.076765,0.085208,0.019547,0.062451,-0.011007,-0.134175,-0.020211,0.000408,-0.047504,-0.076079,0.001097,-0.069744,0.018640,-0.042745,0.068569,0.035398,-0.067199,-0.070165,0.006311,-0.076641,-0.055656,-0.034417,0.004835,0.048437,-0.060528,0.032409,0.002822,0.029440,0.005775,-0.023049,0.025410,-0.002694,-0.016832,-0.052024,-0.006370,0.018544,-0.064385,-0.037789,-0.037894,0.029308,0.063331,0.060561,0.110859,-0.039733,0.011789,0.031638,-0.023984,-0.091032,-0.077542,0.029642,0.007726,-0.074925,0.029147,0.004215,-0.020410,-0.060846,-0.027917,0.127439,-0.017500,0.088429,-0.024916,0.014283,0.011229,-0.027046,0.025828,0.058720,-0.040957,-0.105229,-0.012259,0.029075,-0.060918,0.006028,0.040618,-0.024487,-0.000250,-0.037795,-0.023286,-0.037561,-0.072040,0.002913,0.008980,-0.104878,0.026372,0.031922,-0.007652,0.002956,-0.017586,0.083139,-0.006941,0.006424,-0.003815,-0.000000,-0.120499,-0.049846,0.020853,0.062947,-0.066859,0.041342,-0.031771,-0.005772,-0.048415,-0.077863,-0.035379,0.073267,-0.026403,0.006003,0.001982,-0.141874,0.033854,0.066532,0.067316,-0.072932,-0.033649,-0.023160,-0.006459,-0.004272,-0.011707,-0.040004,0.070380,-0.026247,-0.018434,0.018284,0.019685,0.005874,-0.052597,-0.062336,-0.072312,0.079084,0.078062,0.010810,-0.018378,-0.015091,-0.029057,0.051252,-0.052147,-0.033143,0.059085,0.001950,0.128398,-0.019819,-0.060703,-0.081437,-0.012500,0.035855,0.032335,0.016156,0.058144,-0.032645,-0.018169,-0.047875,0.043601,-0.063186,-0.069851,0.057785,-0.049186,0.055619,0.026671,0.120615,0.060603,0.034009,-0.107436,0.135005,0.015581,-0.059425,-0.011883,0.017768,0.010089,0.051215,-0.026290,-0.001378,0.034343,0.036354,-0.022517,-0.040175,0.068022,-0.036099,0.021319,-0.039900,0.033813,0.020291,0.036709,-0.071400,-0.028328,-0.025961,0.039628,0.063024,0.047598,0.000000,0.022311,0.090014,-0.005625,-0.041210,0.010739,-0.011422,0.091492,0.025861,-0.007798,0.023124,-0.047606,0.016338,0.067313,-0.000297,-0.070676,-0.034963,-0.051081,-0.017054,-0.003245,-0.000691,-0.053684,-0.007390,-0.059065,0.100832,-0.023228,0.047427,-0.049855,-0.001664,-0.081829,0.003167,-0.007853,0.006850,-0.003427,0.029659,-0.011296,0.087492,0.012165,-0.017321,0.019529,0.050400,-0.000340,-0.073880,0.066534,0.008825,0.000035,-0.020783,0.116266,0.033495,0.024870,0.066824,-0.009509,0.054387,-0.063261,-0.016161,-0.098925,0.055573,0.058277,0.016809,-0.129169,-0.032094,0.032421,0.005790,0.047728,-0.061580,0.008887,-0.023797,-0.036236,-0.022235,0.072022,-0.045814,0.032727,0.005564,-0.091226,0.058116,0.051758,0.002938,0.105090,-0.043227,-0.010369,0.031996,-0.020221,-0.027845,0.053577,-0.057645,0.104920,-0.073613,-0.037799,-0.044510,0.043463,0.057993,-0.078618,-0.001561,-0.035876,-0.011436,-0.061902,-0.000000,-0.048431,0.066876,0.139100,0.056202,0.070696,-0.011652,0.023661,0.100417,0.001919,-0.053033,0.045708,0.030287,0.068288,0.020867,0.019439,0.057973,-0.007927,-0.043619,0.011967,-0.020821,0.030278,0.046983,-0.002833,0.010869,0.011381,-0.015637,-0.082461,0.034358,0.011878,0.015961,0.037777,-0.010848,0.006295,0.018761,0.083631,0.042848,-0.058036,0.010714,-0.087887,0.008038,-0.038163,0.015077,0.030010,0.032560,-0.009557,-0.028045,-0.106928,0.003258,0.044657,-0.057453,0.043963,-0.016049,-0.039511,-0.002564,0.114939,-0.030730,-0.121501,0.045114,-0.066896,-0.053215,-0.031397,-0.036107,0.008075,0.056515
-0.030615,-0.073276,-0.026514,-0.004163,0.004085,-0.025731,-0.094591,-0.060544,0.045893,-0.034598,-0.048295,0.050448,-0.090092,0.019782,0.044346,-0.092404,0.000074,0.024071,-0.008462,-0.019718,0.099922,-0.120329,-0.048597,-0.029968,0.068831,0.077102,-0.054493,0.039180,0.107176,-0.060495,-0.077242,0.044146,0.073258,-0.091758,0.014605,-0.002326,-0.018109,0.053514,0.021416,0.013442,-0.052354,-0.006786,0.058694,-0.017428,-0.019995,-0.049636,0.055686,0.011121,-0.075380,-0.015007,0.047527,-0.020222,-0.122443,0.069275,0.015905,-0.010517,-0.023628,0.029351,-0.051375,-0.004699,-0.077060,0.068572,-0.024236,0.012988,0.085385,-0.020538,-0.023149,0.025425,-0.084033,0.078955,0.020539,-0.004501,-0.023625,-0.022986,0.020755,0.042648,0.000169,-0.079556,-0.000201,-0.032681,-0.026682,0.011501,0.039639,-0.041600,0.000019,-0.028220,0.016185,-0.008636,0.027171,-0.032382,0.008781,0.052911,-0.004530,-0.064950,-0.008618,0.037537,0.026701,0.065577,0.058204,-0.034751,0.060466,-0.021742,-0.067261,-0.039142,0.028350,-0.016867,0.008445,0.033818,0.012059,0.005275,-0.006519,0.016354,0.065314,-0.045113,-0.044856,-0.008053,0.007458,-0.053921,0.041380,-0.001343,0.022495,0.082568,-0.028324,0.006743,-0.065312,0.075263,0.049443,0.000000,-0.092909,0.042475,0.040503,0.008451,0.019388,0.023107,-0.037168,0.007685,0.051050,0.049192,0.005914,0.035410,0.017932,0.051576,0.075333,-0.058883,0.047923,0.053859,-0.008036,-0.050056,-0.049486,-0.146931,-0.018528,0.037169,0.052300,-0.000657,0.022225,-0.009383,-0.038068,-0.010441,0.065635,0.071238,-0.091789,0.020112,-0.037455,0.060713,-0.009396,0.006080,0.069582,0.008336,-0.017891,0.002659,0.008718,-0.048434,-0.062272,0.056481,-0.005930,0.099819,0.063622,-0.030214,0.016639,0.018996,-0.010240,0.004872,-0.033796,0.033255,-0.031071,-0.017986,-0.022477,0.008721,-0.024504,0.044182,0.025728,0.051573,-0.079921,0.078536,-0.004625,0.060707,0.070977,-0.010497,-0.063241,-0.053484,0.005694,0.034283,0.125159,0.043443,0.057503,-0.009245,0.101576,-0.025996,0.007487,-0.037694,0.028426,-0.118603,-0.001297,0.027029,0.042067,0.051554,0.033247,0.007155,0.043395,-0.133553,0.098498,0.087050,-0.057909,-0.000000,-0.028812,-0.021662,-0.008153,-0.024893,0.064654,-0.035842,-0.038916,-0.104123,0.046853,-0.005222,0.056164,0.040835,-0.004398,0.060365,-0.018036,-0.023540,-0.014881,0.000911,0.035842,-0.036983,0.009288,-0.131723,-0.084513,0.075705,0.053213,0.032361,-0.137057,-0.058996,0.047333,0.032927,0.019420,-0.050643,-0.059213,-0.029848,-0.064578,-0.088993,0.009417,0.002897,-0.013383,0.047092,0.013119,-0.106350,-0.020370,0.060093,0.024507,-0.020147,0.102524,-0.029473,-0.003621,0.020979,0.055172,0.050315,-0.130693,0.049178,-0.023745,0.076234,-0.000183,-0.030838,-0.048248,0.007106,-0.034446,0.079376,0.024667,-0.016828,-0.004808,-0.026210,-0.013916,-0.040894,0.029214,-0.062723,0.063527,0.045638,-0.034420,0.015210,-0.063715,0.009355,0.155496,-0.048634,-0.014366,-0.005094,-0.100873,0.013975,-0.011224,0.051080,-0.111933,-0.035133,0.035774,0.013391,0.006475,0.011162,-0.053111,0.021641,0.048375,0.000669,0.043758,-0.000000,-0.015591,-0.041180,0.043607,-0.012846,-0.057530,-0.059840,0.084547,0.009207,0.005218,-0.033548,0.051652,0.027526,0.037262,-0.047899,-0.024349,-0.021771,-0.013969,-0.018623,-0.060696,-0.047226,-0.004366,0.002243,0.020100,-0.031138,-0.033343,-0.033020,0.020916,0.060760,-0.003488,0.060308,0.037954,0.094438,-0.029371,-0.039459,0.013694,-0.012812,0.049807,-0.015042,-0.025807,-0.063366,-0.080057,-0.089268,-0.034856,0.004853,0.074981,-0.092657,-0.145047,0.009867,0.034836,-0.073687,0.022627,0.006329,0.014757,0.031978,0.099170,-0.001997,-0.104632,-0.003858,-0.058139,-0.054918,-0.010466,-0.085299,0.100106,-0.082450
0.040728,0.054159,0.074483,-0.043949,0.025560,-0.019590,-0.028520,-0.086247,-0.005478,-0.029247,0.048002,0.110455,0.049851,0.010988,-0.039055,0.032051,0.015884,-0.023140,0.051102,-0.054161,0.063828,0.055209,0.071330,-0.013254,0.015198,0.001139,0.039312,0.045859,0.001498,-0.054005,-0.016322,0.000392,-0.037105,0.008178,0.048931,0.028943,-0.031463,0.037820,0.099001,-0.020940,-0.060507,0.024102,0.028400,0.020563,0.014006,0.028264,0.051190,0.014677,0.093902,-0.013074,-0.046929,-0.079581,-0.018391,0.027227,-0.037579,0.053753,0.095824,-0.016696,0.059748,0.038716,0.104396,0.028795,-0.099838,0.094378,-0.020922,-0.060745,-0.021242,0.051476,-0.008678,0.017165,-0.053964,0.027992,-0.042450,0.009932,-0.004719,0.034057,0.000549,-0.014488,0.058167,0.043374,-0.026578,-0.027968,0.024078,0.016914,-0.009712,-0.041258,0.082311,-0.084351,-0.002527,-0.048350,-0.023559,-0.106281,0.046128,0.019299,-0.074417,-0.029932,-0.044580,-0.043351,0.003331,0.068503,-0.024098,0.006144,-0.038484,0.072360,0.005049,-0.055588,0.007350,0.043228,0.008031,-0.001244,-0.010968,0.059227,0.011468,0.088052,-0.023296,0.017530,0.016741,0.090864,-0.026523,-0.005522,-0.015393,0.023779,0.000456,0.084559,0.011175,-0.036268,-0.002272,-0.000000,-0.028570,-0.056720,-0.015593,-0.073887,0.052630,-0.004324,-0.033965,0.057556,-0.014268,0.007629,-0.054394,-0.039824,-0.022747,0.012074,0.004370,-0.050379,-0.021999,0.061808,-0.075926,0.011627,-0.043177,0.005093,-0.062306,-0.090828,-0.015077,0.091855,0.010172,-0.044605,-0.101239,0.059055,-0.087322,0.040307,0.028506,0.001818,0.025436,0.042610,0.004026,-0.014702,-0.038208,0.006763,0.007789,0.040235,-0.061954,0.071800,0.119919,-0.057770,0.148954,0.010800,-0.007449,0.000899,0.041134,0.024589,0.028277,-0.017469,-0.082625,-0.047491,-0.008235,-0.070310,0.052181,-0.026325,0.062114,-0.053568,-0.036810,0.014957,0.048414,0.025984,-0.020568,0.043391,-0.070497,0.057589,-0.033073,0.015505,0.050684,0.056742,-0.175520,0.018181,-0.045237,-0.044840,0.017549,-0.003228,-0.002411,0.012763,-0.066494,-0.011505,0.107536,-0.107142,0.083562,-0.057496,-0.071185,0.004108,-0.000199,-0.025889,0.022128,0.036993,0.008527,0.000000,-0.006129,-0.057919,0.042769,0.031442,-0.055533,0.034330,0.066634,0.086624,-0.065824,0.045239,0.001251,0.001455,-0.036774,0.053896,0.047160,0.063862,0.059711,0.031956,-0.024062,0.097513,-0.015704,-0.000694,-0.085678,0.132711,-0.015451,0.027725,-0.004143,-0.051029,-0.045480,0.018880,-0.073194,-0.095609,-0.129003,-0.072015,-0.013261,-0.079353,0.032199,-0.083099,-0.029526,0.033491,0.020266,-0.075623,-0.106652,0.049695,0.044141,0.000015,0.052594,0.032454,-0.016789,0.020783,0.022879,-0.047651,0.025432,0.010971,-0.011221,0.044661,-0.037937,0.037278,-0.090861,-0.067274,-0.010331,0.066101,-0.003540,0.029240,0.112298,-0.008150,-0.004487,0.057988,-0.027150,-0.002811,0.057209,-0.065144,-0.048623,-0.036449,0.011017,-0.017887,0.151413,0.001554,0.072588,0.002178,0.047752,-0.022121,-0.043699,-0.061204,0.065347,-0.029856,-0.009024,-0.066176,-0.041845,0.021997,-0.082880,-0.021103,0.007116,-0.126088,-0.092924,-0.000000,-0.022358,0.009366,0.046909,0.071429,0.038984,0.015135,0.124086,-0.036830,0.051564,-0.004603,-0.015738,0.039872,0.056083,-0.007863,-0.087845,-0.001318,-0.037219,-0.052351,-0.057931,0.029807,-0.066535,0.026837,0.041439,0.013092,-0.018400,-0.045615,-0.029697,0.101795,-0.057602,0.023519,0.084346,-0.040599,0.052413,-0.027714,-0.015294,0.019045,-0.078727,0.051089,0.022856,0.012825,-0.050238,0.017167,-0.034863,0.039378,-0.003882,-0.018749,0.077244,-0.004417,-0.052462,-0.022301,0.035542,0.002816,-0.018450,0.056935,0.111397,-0.001911,0.067753,-0.050504,-0.036539,0.053312,-0.087726,-0.014684,-0.003173,0.076284
0.000343,-0.021745,0.092839,-0.038505,0.030127,0.002209,0.039249,-0.053247,-0.100305,-0.036291,-0.002960,0.039086,0.024426,0.037172,-0.024588,0.013634,-0.059336,-0.027821,-0.097778,0.025702,-0.078309,-0.022835,-0.043032,0.001183,-0.007293,0.023624,0.002770,-0.004428,-0.033304,-0.097004,-0.135273,0.027236,0.054701,0.019397,0.089984,0.016315,0.052194,-0.093243,-0.044305,0.039002,-0.008124,-0.018650,-0.017574,0.078679,-0.005650,0.082072,-0.084982,0.027811,0.096951,0.013511,0.013276,-0.050413,0.016304,0.033119,0.022554,0.116258,0.081628,-0.036334,-0.010336,-0.042937,0.026354,0.021492,0.032756,0.070435,-0.060310,-0.019390,-0.031895,-0.021720,-0.016730,-0.023947,-0.072585,0.001288,-0.018942,0.059836,0.003580,0.069137,0.001887,-0.027165,0.085483,-0.042725,0.028551,0.047060,-0.042189,-0.039544,-0.019459,-0.032522,-0.014021,0.060545,-0.012819,-0.015915,-0.069576,0.008773,0.008363,-0.011498,-0.005451,0.002442,0.009459,0.069540,-0.125431,0.004700,0.047257,0.047475,-0.025940,0.005934,-0.018459,-0.000814,-0.002432,0.026370,0.028089,-0.033557,0.006114,0.054228,-0.038293,0.002573,0.045818,0.038038,-0.044718,0.048508,0.092173,-0.009053,0.027962,0.026478,-0.001594,-0.019658,0.019303,-0.058665,0.053196,-0.000000,0.010575,0.061566,0.130739,0.049148,-0.008394,-0.040575,-0.023232,-0.073115,-0.107100,-0.036724,0.001347,0.060250,0.044220,0.007422,-0.092439,-0.016586,0.004223,0.016248,-0.001176,0.025440,-0.033827,0.018984,-0.075112,0.094562,-0.041860,-0.044390,0.001302,-0.046321,0.081956,0.028975,-0.041583,0.012417,-0.039246,0.031180,0.023837,-0.012225,0.027951,-0.044882,-0.114652,-0.058214,0.006952,-0.054217,-0.014649,0.001749,0.040415,-0.006140,0.071105,0.097375,0.078320,-0.009785,-0.061270,0.018762,0.020003,-0.005979,-0.008170,-0.012887,-0.074983,0.048342,-0.032410,-0.020710,0.008958,-0.009107,-0.015913,-0.040733,-0.087392,-0.037561,0.012252,-0.042009,-0.019482,-0.005637,-0.024585,0.010530,0.068144,0.082663,-0.062597,0.069961,0.028606,-0.026702,0.126394,0.010901,0.010719,-0.003861,-0.062017,-0.065208,0.104482,0.062500,0.058713,-0.077182,-0.128971,0.008490,-0.068953,0.022035,0.139164,-0.002870,-0.114031,0.000000,0.057916,-0.050092,-0.033694,-0.034657,0.065054,-0.040244,-0.017179,0.012832,-0.023246,0.017256,0.086386,0.078976,-0.092187,-0.071482,-0.075560,-0.005568,0.082969,0.017596,-0.025270,-0.041014,-0.020762,0.083253,-0.034614,-0.015621,0.053139,0.047345,0.024861,0.068476,0.011393,-0.034913,0.023630,0.070346,-0.092483,0.057087,0.017869,0.072040,0.142611,-0.003485,0.047786,-0.112373,-0.007638,0.005442,-0.021303,-0.029368,0.029351,-0.006973,0.033918,-0.090016,-0.158230,0.076513,-0.006391,-0.043540,0.043867,-0.058214,0.036021,0.039251,-0.077681,-0.087691,0.012253,0.003359,-0.099331,0.009912,-0.027957,0.029697,0.039398,-0.080610,0.004588,0.079263,-0.049970,-0.018874,-0.047722,-0.024630,-0.052345,-0.005367,0.002014,-0.042194,0.014866,-0.063028,-0.029974,0.019351,-0.009824,-0.026889,0.034888,0.018967,0.022287,-0.044251,0.119454,0.066570,0.030291,0.033096,-0.052932,-0.060756,0.121382,-0.003446,0.018233,-0.000000,0.061040,0.073232,-0.083674,0.100310,0.045209,-0.026224,-0.023173,-0.012392,-0.019585,0.086576,0.054273,0.064076,-0.070008,-0.021912,0.121275,0.002841,-0.035965,0.053784,0.006955,-0.053812,0.035675,0.028544,-0.043765,-0.034619,0.045386,0.050557,-0.041415,0.027489,0.031078,-0.034387,-0.030714,0.074073,-0.062531,-0.025407,0.042108,-0.063049,-0.013031,-0.035176,-0.021396,-0.048910,-0.034632,0.022395,0.010306,-0.022896,-0.037949,-0.006581,0.008047,-0.036829,-0.038667,0.011338,0.030943,0.044494,0.021957,0.044720,-0.033739,0.075617,-0.041070,0.017357,0.021271,-0.030452,0.004602,0.050157,-0.009732,0.018163
0.009851,0.024300,0.039520,-0.041316,-0.011813,0.035311,0.114516,0.002936,0.077507,0.009747,0.022336,0.040127,0.001067,0.017417,-0.019424,0.012529,0.018096,-0.009286,-0.016883,-0.033036,-0.080406,-0.051251,0.046277,0.032889,-0.007589,0.025745,-0.029292,0.073605,-0.020547,-0.107386,-0.082711,-0.012848,0.125138,-0.012589,0.062852,0.028975,0.039204,-0.098853,0.031100,-0.076353,-0.008765,-0.018546,-0.005587,0.038210,0.002410,0.072945,-0.010740,0.023480,0.065920,0.064832,-0.001186,-0.037235,0.031744,0.003231,0.019024,0.072869,-0.023138,-0.059594,0.004029,-0.003246,0.006144,-0.018011,0.018644,0.087383,-0.021945,-0.033543,-0.044884,0.056810,-0.136519,-0.059217,0.021527,-0.043751,0.025792,0.063397,-0.009706,0.078903,-0.006686,-0.004672,0.009030,-0.012174,-0.007387,0.010772,0.035956,-0.055253,-0.039284,-0.037142,0.074831,-0.011254,0.076601,0.004890,-0.017148,0.015477,0.012561,-0.068564,-0.035143,-0.015088,-0.031486,0.010290,-0.079535,0.010017,0.069607,-0.014518,-0.026617,-0.005433,-0.006444,-0.019299,0.039810,0.022717,0.070994,-0.028847,-0.113902,0.004160,0.011703,-0.004401,0.013906,-0.004778,-0.065378,0.036113,0.095558,-0.077849,0.063210,0.063680,-0.070091,0.007345,-0.072875,-0.020094,-0.014238,-0.000000,-0.071409,0.130760,0.063435,0.080109,-0.024976,0.013177,-0.033555,-0.009723,-0.057284,-0.048190,-0.039689,0.030072,0.000648,0.026692,-0.115315,-0.019281,-0.091700,0.065533,0.012467,0.014321,-0.043942,-0.072291,-0.075549,0.133634,0.054144,-0.061301,-0.006122,0.018521,0.031633,0.027111,0.030676,0.033168,-0.056100,-0.132516,-0.062867,0.009074,-0.083515,-0.025741,-0.083695,0.020521,-0.003369,-0.011568,-0.055743,-0.037581,-0.014759,0.032097,-0.027449,0.038493,0.095698,-0.033049,-0.099945,-0.028401,-0.030125,0.051527,0.065439,0.013219,-0.015841,0.023730,-0.022311,-0.035027,-0.033419,-0.023034,-0.060543,0.001192,-0.100353,0.064971,-0.006607,0.086293,-0.038025,0.131589,0.001968,-0.051502,0.045980,0.051232,-0.067648,-0.023193,-0.078415,0.006462,0.105247,0.012567,0.059467,0.020657,0.020194,-0.010877,0.067963,0.001731,0.124764,-0.080953,-0.005219,0.067755,-0.024258,0.019568,0.015091,0.075061,-0.097841,0.000000,0.033549,-0.012546,0.044345,-0.045279,-0.079327,-0.027396,-0.021045,0.038295,0.032624,0.096430,0.049108,0.013428,-0.053973,0.000177,-0.147471,-0.022935,0.079221,-0.109055,-0.020016,-0.009824,-0.055902,0.057558,0.019923,0.018861,-0.010319,0.072034,-0.071991,0.020020,-0.009093,-0.069041,-0.067727,-0.088075,-0.112625,-0.006460,0.019102,-0.022422,0.009814,-0.009566,-0.017600,0.019410,0.075451,-0.039487,-0.041129,0.049068,0.009794,-0.040637,-0.002560,-0.073720,-0.035461,0.060019,-0.103964,-0.052284,0.014727,0.030685,-0.062157,0.062655,0.071444,0.039882,0.009955,0.007620,-0.064255,0.077858,0.022483,0.085308,0.083340,-0.036433,-0.013007,0.048299,0.000671,-0.055014,0.027819,-0.019885,-0.108923,-0.013149,-0.038149,-0.046449,-0.003767,-0.066452,-0.030817,-0.087285,0.046937,-0.007523,0.008424,0.011606,-0.003841,0.004953,0.072450,-0.003806,-0.019143,0.001704,0.023470,0.009798,-0.002166,0.013865,-0.018442,-0.000000,-0.039190,-0.029467,0.004713,0.008522,0.013407,-0.088609,0.030290,0.034037,-0.012771,0.083580,0.029832,0.059778,-0.116736,0.065217,0.091358,0.011766,-0.099541,0.039303,0.003965,0.010401,-0.006126,0.080353,0.022087,-0.012381,-0.029762,0.049869,-0.026249,0.001859,0.057719,0.007685,0.022448,-0.005586,-0.003583,-0.028011,-0.072935,0.000519,-0.068545,-0.042352,0.059902,-0.037252,-0.063204,0.060382,-0.034422,-0.014870,-0.040840,-0.029848,-0.048277,0.020661,-0.022348,0.014263,-0.000807,0.000627,0.145528,0.051338,0.024388,-0.038381,-0.014892,0.023488,0.049817,0.007716,0.066955,-0.056129,0.048322,0.021232
-0.057376,-0.012433,-0.056836,-0.009000,-0.068764,-0.023547,0.068949,0.115264,0.015948,-0.003944,-0.050854,0.002155,-0.045667,0.024492,-0.006743,0.036480,0.075413,-0.072525,-0.035485,0.063490,-0.009207,-0.039858,0.001048,0.009787,0.029226,-0.073639,0.002511,0.076184,-0.026007,-0.108521,0.000995,0.123465,0.084603,-0.080245,0.058515,0.082688,0.056656,-0.096835,-0.000478,-0.073585,0.019266,-0.023046,-0.052714,-0.001076,-0.002575,0.046618,-0.068902,0.041444,0.019565,-0.017931,-0.013243,-0.007677,-0.011996,0.072887,-0.030711,0.059060,-0.024077,0.014095,-0.010723,0.082225,-0.014032,0.054255,-0.020439,0.083559,-0.046803,0.049744,-0.081253,0.015274,0.010455,-0.085036,0.036042,-0.056571,-0.049139,0.012662,0.044417,0.020017,-0.079787,-0.046103,-0.009677,-0.034709,0.000646,0.012147,0.001158,-0.062378,0.001378,-0.021813,0.055213,0.018231,0.063361,0.015293,0.082250,0.007545,0.011297,-0.065356,0.095151,0.016121,-0.018203,-0.021586,-0.091800,0.012205,0.044020,-0.029931,-0.087958,0.000606,0.028936,-0.024471,0.068718,-0.019926,0.029981,0.014606,-0.101915,0.050639,0.060170,-0.011503,-0.013271,0.068917,0.106447,0.028830,0.087522,-0.074895,0.027556,0.019249,-0.061271,0.021615,-0.088274,0.045578,0.013852,-0.000000,-0.071520,-0.004357,0.033550,0.090514,0.011467,0.018991,0.002322,-0.069244,0.010998,-0.065181,-0.038354,-0.075165,0.016660,-0.001641,-0.029659,0.001816,-0.069907,0.019119,-0.011123,0.046424,0.058254,-0.056193,-0.055999,0.081180,0.046706,0.030593,-0.012379,0.030999,0.105090,0.012409,-0.058386,0.024723,-0.080012,-0.032678,-0.004070,0.172380,-0.031440,-0.007679,-0.107901,-0.068844,-0.055797,0.058349,-0.039894,0.013305,0.047083,-0.049259,-0.059139,0.041170,0.011830,-0.000910,-0.088562,-0.006860,-0.076375,0.040983,-0.029039,0.002446,0.000649,-0.005925,-0.025949,0.036274,0.073752,0.005639,-0.043327,-0.024240,-0.038212,0.007688,-0.123086,-0.000261,-0.016481,-0.002196,0.019667,-0.004307,0.053984,0.076539,0.044349,-0.005191,-0.088493,0.004762,0.062218,-0.062209,0.069845,-0.013253,-0.022109,-0.015293,0.031806,-0.028878,0.092044,0.015440,-0.030677,0.074566,-0.035008,0.028090,-0.049342,0.071628,-0.078885,-0.000000,0.001549,-0.038644,0.048805,0.034795,-0.007654,0.005802,-0.006749,0.031069,0.082363,-0.029956,0.030558,-0.009758,0.004465,-0.022601,-0.042293,-0.021268,-0.003337,-0.124879,-0.006442,0.083630,-0.032301,0.011491,-0.016145,-0.029921,-0.056985,0.045825,-0.029534,0.046693,0.014755,-0.078742,-0.049534,-0.068521,-0.079149,0.033709,0.022847,-0.015281,0.112047,-0.018805,-0.030988,-0.067375,0.110674,-0.046708,-0.092317,0.034454,-0.034451,-0.027891,-0.012077,-0.010408,0.003049,0.010428,-0.056971,0.029685,0.019484,0.143323,-0.056904,-0.015634,0.017742,0.001612,-0.043904,0.088778,0.031708,0.112632,-0.023522,-0.083854,0.107381,0.025004,-0.064456,-0.026731,0.040656,-0.048745,0.003170,-0.057699,-0.028687,-0.083316,0.031843,-0.032979,-0.018883,-0.053967,-0.026861,-0.053081,0.057391,-0.043429,-0.031016,-0.008879,0.030925,0.078378,0.082517,-0.012848,0.006970,-0.015820,0.016227,-0.033548,-0.006852,-0.043839,0.002362,-0.000000,0.016276,-0.011547,0.084198,0.049612,-0.013226,-0.083252,-0.021398,-0.027083,-0.035991,0.076827,-0.002043,0.092815,-0.057656,-0.018196,0.052825,-0.021708,-0.011858,-0.021825,0.009426,-0.029604,-0.021349,-0.023103,-0.001919,-0.023673,-0.006385,0.034133,0.041040,0.077623,-0.005394,-0.008660,0.037458,0.047670,0.004766,0.018759,-0.064177,-0.040628,-0.121774,-0.059912,0.007012,-0.085747,0.026638,-0.001811,-0.048171,0.038979,0.068724,-0.041102,-0.048475,-0.015884,0.016468,0.042293,-0.041125,-0.003134,0.170143,0.023913,0.044984,0.006317,0.030022,0.003610,0.054433,0.040013,0.011511,-0.120425,-0.032179,0.050922
-0.070703,-0.014431,0.080694,0.065373,-0.031462,0.009077,-0.036050,-0.010470,-0.006719,-0.068557,-0.033003,-0.036676,-0.007524,-0.015203,0.028667,0.054066,0.014416,-0.013889,-0.023676,-0.009915,-0.028138,0.008154,0.066725,-0.035705,0.003531,-0.010163,-0.069376,0.038489,0.030580,-0.024558,-0.056085,0.035264,0.022019,-0.012177,0.100086,0.017535,-0.012882,-0.103643,-0.023170,0.008153,-0.027839,0.003554,0.037157,0.004992,0.036457,-0.014079,-0.034966,0.019031,-0.061345,-0.013051,-0.049469,-0.038596,0.018827,0.049283,0.035600,0.138753,-0.007033,-0.006528,0.002101,-0.022924,0.008865,-0.004375,-0.089218,0.059108,0.009511,-0.037576,0.024540,0.063579,-0.025670,0.007359,-0.051070,-0.000367,-0.003046,-0.015528,0.060989,0.038788,-0.073540,-0.036707,0.060540,-0.038082,0.016062,-0.105250,-0.052152,-0.050911,0.009774,-0.057706,-0.019449,-0.024561,-0.050246,-0.015610,0.015399,0.071251,0.004705,0.031593,-0.029454,0.012825,0.056289,-0.007153,0.065861,0.049921,-0.005018,0.083750,-0.072916,-0.004427,-0.063420,0.030228,-0.018107,0.012396,0.034282,-0.007709,-0.018000,0.010666,0.020452,0.002119,0.021865,0.072139,0.059650,0.116432,0.083912,-0.018447,-0.037800,0.057380,-0.051881,-0.048868,0.019791,-0.007311,-0.038508,-0.000000,0.063467,0.045416,0.068348,0.067064,0.027796,-0.009271,-0.034323,-0.050542,-0.024705,-0.036885,0.009123,0.068850,0.099368,0.009231,-0.110350,-0.072814,0.013803,0.001981,-0.072808,0.049505,0.015941,-0.080675,-0.020004,0.056641,0.047225,0.032972,0.108032,-0.026139,0.039059,0.031135,-0.055046,0.062469,-0.118843,-0.036533,-0.082431,0.041213,0.006047,-0.007895,-0.035183,-0.000715,0.037656,0.016103,0.047909,-0.094385,0.040856,-0.055358,0.059509,0.009971,0.117319,-0.084500,-0.081638,0.011905,-0.072938,0.011455,0.044989,0.011548,-0.015074,-0.002047,-0.045410,0.001652,0.067547,0.041469,-0.035510,-0.071686,-0.133935,-0.021332,-0.045140,-0.014506,-0.023409,0.053110,0.011687,0.051758,0.035946,0.040400,0.051529,0.002588,-0.001015,-0.053207,0.105360,-0.007101,-0.003845,0.030421,-0.050942,0.010470,0.039517,-0.076194,0.039678,-0.100632,-0.041105,0.016335,-0.034545,0.003553,0.069608,0.078538,-0.059131,0.000000,0.053529,0.077707,-0.014011,-0.035769,0.006251,-0.042701,0.003655,0.024869,0.089382,0.026672,0.015287,0.079344,0.071341,-0.007237,-0.041143,-0.029736,0.031208,-0.099317,-0.011591,-0.041726,-0.008850,0.102389,-0.013461,-0.062266,0.000134,-0.032783,0.146838,0.013837,-0.024287,-0.081522,-0.002755,-0.109280,-0.099205,0.021196,0.040823,0.019644,0.120757,-0.161311,-0.041065,-0.011058,0.044152,-0.006886,-0.024276,0.048400,0.020260,-0.021617,0.091952,-0.016317,-0.064537,-0.020016,0.025328,0.011812,-0.024038,0.009562,0.014514,0.022472,-0.008256,-0.016362,-0.035279,0.030926,-0.063158,0.044001,-0.000678,0.085950,0.112011,-0.028189,-0.000338,0.049105,0.025699,0.053127,-0.008903,-0.025804,-0.072888,0.051519,0.065591,0.010778,-0.045007,-0.076137,0.014208,-0.027271,0.017443,0.069933,-0.013632,0.079116,0.031569,-0.058325,0.033100,0.061007,0.031710,-0.016121,-0.020305,-0.034490,0.013813,0.016017,0.035006,-0.000000,0.030048,-0.036391,0.041381,0.055293,0.036102,-0.030102,-0.044557,0.059927,-0.079868,-0.040082,-0.033344,0.043486,-0.028031,0.008398,0.061401,0.094342,0.017494,0.038148,-0.023630,-0.133811,-0.022308,0.072686,-0.001772,0.005939,-0.031837,0.059513,-0.059226,0.061338,-0.036186,-0.060181,-0.008436,0.015458,-0.049941,-0.091742,-0.095583,-0.094786,-0.105774,-0.047125,0.105771,0.019313,0.003820,0.009139,0.006420,0.073113,-0.050353,-0.029792,-0.020359,-0.052821,-0.039115,-0.061294,-0.094444,-0.079940,0.031014,0.026983,0.007640,0.067440,-0.032644,0.008622,0.036114,-0.030665,0.111005,-0.027423,-0.107476,0.035407
-0.076037,-0.075410,-0.099993,-0.038617,0.037606,0.037693,0.006937,-0.039095,-0.052060,-0.050325,0.046120,-0.003508,-0.026886,-0.023618,-0.089520,0.105201,0.025233,-0.063144,0.043043,-0.004682,0.036034,-0.101064,-0.040748,0.008634,0.044396,0.002039,-0.030318,0.104324,-0.020233,-0.011980,-0.039283,0.065793,0.043752,0.006714,0.082444,0.066251,0.007897,-0.045865,-0.013632,0.008283,0.072214,0.034168,-0.028071,0.025967,-0.032981,0.032364,-0.026379,-0.071592,-0.002600,-0.019644,-0.062845,0.004415,-0.101073,0.043923,0.022936,0.062646,0.038996,-0.093280,0.090101,-0.051265,0.030475,-0.038087,-0.060332,0.081741,-0.036677,-0.038647,-0.038596,-0.050923,-0.019307,-0.011589,0.089880,0.032009,-0.008462,-0.002822,0.054012,0.037928,-0.069688,-0.099472,-0.008253,-0.002076,-0.126903,-0.022159,-0.052614,-0.100818,0.042690,-0.060018,0.006694,0.016297,0.044584,0.026033,-0.024558,0.016880,0.053111,-0.014359,-0.034739,0.011957,-0.003236,-0.012313,-0.070496,0.078978,0.033353,-0.073632,-0.058781,0.125683,-0.049327,-0.037568,0.023029,0.090321,0.000070,-0.024941,-0.039784,0.018878,-0.028020,0.090836,-0.063247,0.151389,-0.081406,0.002571,0.081562,-0.039464,0.007100,-0.030512,-0.029212,-0.055093,-0.033631,-0.111878,0.124046,-0.000000,-0.040507,0.069829,0.030244,0.017005,0.113341,0.012871,0.025864,-0.019457,-0.026260,0.029564,-0.024398,-0.083782,0.013981,-0.014345,-0.032873,-0.013024,-0.037477,0.019670,0.037718,0.002972,-0.008489,0.073609,-0.022995,0.068875,-0.029560,0.019955,0.056734,0.027748,0.067082,0.048525,-0.000523,-0.042780,0.053468,-0.003525,-0.023762,0.065359,-0.019746,0.019105,-0.063710,-0.006956,-0.045019,-0.012744,-0.124945,0.013155,0.055807,0.016502,0.087362,0.003026,0.034251,0.012422,-0.029190,0.014109,0.024557,-0.082894,-0.018095,0.052875,-0.063926,0.089095,-0.030867,0.022290,-0.050393,0.021760,-0.081714,-0.076700,-0.069562,-0.003201,-0.078951,0.030217,0.061266,0.026420,-0.008481,0.034260,0.108458,0.103386,-0.034902,-0.002993,-0.044891,-0.014479,0.048872,0.082997,-0.049813,-0.020543,-0.057472,0.040434,-0.044701,0.092213,0.076305,-0.000707,-0.027177,0.025389,-0.015547,0.016745,-0.013407,0.053920,-0.110858,0.000000,0.013278,0.049477,0.006195,0.049590,0.088361,-0.002313,-0.006789,0.071933,-0.032838,0.021499,0.050261,0.084122,0.019152,-0.080360,-0.012006,0.028799,-0.032743,-0.021941,-0.053359,-0.041405,-0.063690,0.056312,-0.058947,-0.024284,-0.031029,0.038730,0.067204,0.064230,0.052261,0.038397,0.017986,-0.011205,-0.033148,0.050503,0.006035,0.015264,0.153934,-0.069338,-0.000694,0.025326,0.085461,-0.019625,-0.028631,0.016309,0.002841,0.023985,0.079340,-0.041894,0.078425,0.024822,-0.001512,0.011649,0.043561,-0.054869,-0.035452,0.052989,0.004211,-0.040688,-0.043997,-0.042239,-0.105328,0.010269,-0.096277,0.068292,0.079423,-0.007659,-0.036120,-0.026676,0.063523,-0.016718,0.011531,-0.061411,0.061049,-0.103632,-0.000176,-0.037505,0.014487,-0.022703,-0.013765,-0.015980,0.001015,-0.025583,-0.028684,-0.064636,0.087339,-0.044783,0.161189,0.048669,0.022802,-0.044339,-0.032691,0.013181,-0.005007,0.050547,-0.006694,-0.000000,0.019584,-0.014419,0.031586,0.035641,0.006501,0.063620,0.029568,-0.050886,-0.038504,0.002213,0.039252,0.055468,-0.013153,0.103845,-0.063186,-0.049579,-0.000996,0.048048,-0.040486,-0.068095,-0.021850,0.020691,-0.027351,0.000658,0.028100,0.064893,0.006372,0.022486,-0.050300,-0.006828,0.019272,0.017957,-0.029717,-0.047373,-0.045468,0.036817,-0.047307,0.004211,0.019439,0.025877,0.037580,-0.023440,0.055447,-0.047700,0.000945,-0.021243,0.043244,-0.049707,-0.050548,-0.024469,-0.018700,-0.053443,-0.002742,-0.008048,0.033692,0.015116,0.014391,0.014169,0.014365,-0.020533,0.125065,0.079523,0.034060,0.082940
