e0,e1,e2,e3,e4,e5,e6,e7,e8,e9,e10,e11,e12,e13,e14,e15,e16,e17,e18,e19,e20,e21,e22,e23,e24,e25,e26,e27,e28,e29,e30,e31,e32,e33,e34,e35,e36,e37,e38,e39,e40,e41,e42,e43,e44,e45,e46,e47,e48,e49,e50,e51,e52,e53,e54,e55,e56,e57,e58,e59,e60,e61,e62,e63,e64,e65,e66,e67,e68,e69,e70,e71,e72,e73,e74,e75,e76,e77,e78,e79,e80,e81,e82,e83,e84,e85,e86,e87,e88,e89,e90,e91,e92,e93,e94,e95,e96,e97,e98,e99,e100,e101,e102,e103,e104,e105,e106,e107,e108,e109,e110,e111,e112,e113,e114,e115,e116,e117,e118,e119,e120,e121,e122,e123,e124,e125,e126,e127,e128,e129,e130,e131,e132,e133,e134,e135,e136,e137,e138,e139,e140,e141,e142,e143,e144,e145,e146,e147,e148,e149,e150,e151,e152,e153,e154,e155,e156,e157,e158,e159,e160,e161,e162,e163,e164,e165,e166,e167,e168,e169,e170,e171,e172,e173,e174,e175,e176,e177,e178,e179,e180,e181,e182,e183,e184,e185,e186,e187,e188,e189,e190,e191,e192,e193,e194,e195,e196,e197,e198,e199,e200,e201,e202,e203,e204,e205,e206,e207,e208,e209,e210,e211,e212,e213,e214,e215,e216,e217,e218,e219,e220,e221,e222,e223,e224,e225,e226,e227,e228,e229,e230,e231,e232,e233,e234,e235,e236,e237,e238,e239,e240,e241,e242,e243,e244,e245,e246,e247,e248,e249,e250,e251,e252,e253,e254,e255,e256,e257,e258,e259,e260,e261,e262,e263,e264,e265,e266,e267,e268,e269,e270,e271,e272,e273,e274,e275,e276,e277,e278,e279,e280,e281,e282,e283,e284,e285,e286,e287,e288,e289,e290,e291,e292,e293,e294,e295,e296,e297,e298,e299,e300,e301,e302,e303,e304,e305,e306,e307,e308,e309,e310,e311,e312,e313,e314,e315,e316,e317,e318,e319,e320,e321,e322,e323,e324,e325,e326,e327,e328,e329,e330,e331,e332,e333,e334,e335,e336,e337,e338,e339,e340,e341,e342,e343,e344,e345,e346,e347,e348,e349,e350,e351,e352,e353,e354,e355,e356,e357,e358,e359,e360,e361,e362,e363,e364,e365,e366,e367,e368,e369,e370,e371,e372,e373,e374,e375,e376,e377,e378,e379,e380,e381,e382,e383
-0.049644,0.071770,0.089946,0.025919,-0.005905,-0.003294,0.035412,0.044002,0.057430,-0.019243,-0.079119,0.046681,-0.040613,0.057071,-0.057203,0.042226,-0.024870,-0.092836,-0.074976,0.098141,-0.066354,0.038228,0.045024,0.047720,-0.076512,0.055717,0.111320,-0.002013,-0.021340,-0.085186,-0.083414,0.081075,-0.016893,-0.007606,0.070144,0.021975,0.019718,-0.036394,0.018647,0.004669,0.041478,0.035421,-0.058628,0.048406,0.048981,0.064123,0.022055,0.020753,0.104532,0.052055,-0.004809,-0.013359,-0.045651,0.007547,0.023208,0.070068,-0.018899,-0.044340,0.084635,0.044154,-0.004761,0.039116,0.022729,0.083888,0.148493,-0.027773,-0.009010,0.016140,-0.082462,0.069708,-0.051421,-0.013875,0.039783,0.020020,-0.049829,-0.007530,-0.017840,0.019422,0.098111,-0.005958,-0.006095,-0.036013,-0.044721,-0.001952,-0.002722,0.044308,0.003747,0.074703,0.013823,-0.048774,-0.099233,0.049395,-0.006693,0.023104,0.054487,0.022250,-0.034608,-0.018944,-0.087221,0.088355,0.085629,0.074122,-0.023572,0.027367,0.038509,-0.020477,-0.009764,-0.024799,-0.069211,-0.065102,0.013678,0.001785,-0.019981,-0.021881,0.051366,0.066965,-0.050223,0.060747,-0.025890,0.022592,-0.023549,-0.025996,0.028868,0.032761,-0.052599,0.018185,0.035862,-0.000000,0.103070,0.055713,0.045210,0.100751,-0.064112,0.001151,-0.024473,-0.008976,0.001152,-0.044439,0.058894,0.031138,-0.110044,0.041726,-0.061461,0.062489,-0.028036,0.074112,0.035900,0.016172,-0.040967,0.024226,0.028103,0.081544,-0.014004,-0.011327,0.011341,-0.056778,0.025007,0.002731,0.031213,-0.010203,0.014771,0.034562,0.011706,-0.014988,-0.002775,0.034460,-0.084598,-0.015969,0.012189,0.043111,0.046495,-0.037382,-0.081366,-0.017316,0.002895,0.043140,0.016120,-0.051257,0.008327,0.022134,-0.056223,0.054052,-0.064597,-0.012951,-0.027497,0.038777,-0.027696,0.100198,-0.010885,0.018966,0.034936,-0.086149,-0.096326,-0.042297,0.027042,-0.057158,0.022093,-0.050885,0.024949,-0.073774,0.033988,0.051178,-0.031716,0.022766,-0.014259,-0.004311,0.031878,-0.045504,0.103244,0.033952,0.069633,-0.079456,0.068514,0.027588,0.038465,-0.010377,-0.023863,-0.031731,-0.109034,0.042421,0.073309,0.028630,-0.132632,0.000000,0.075223,-0.039394,-0.132181,-0.048027,-0.054591,-0.039990,0.022427,-0.005348,-0.084451,0.032816,0.042277,-0.063487,0.051921,-0.031754,0.071554,0.014259,0.107469,0.072638,-0.021039,0.043219,-0.075693,-0.005472,-0.029049,0.030296,-0.035089,-0.004549,0.017448,0.056568,-0.026902,-0.069712,0.040698,0.021554,-0.083963,-0.001411,0.018496,0.030879,0.022150,-0.008571,0.036226,-0.031689,0.034465,0.075134,-0.051480,0.042960,-0.018762,-0.054760,-0.039777,0.082454,-0.020306,0.049172,-0.007210,-0.050398,0.003470,-0.013648,-0.018943,-0.025413,0.002786,-0.096432,0.056848,0.042368,-0.136928,-0.020671,0.003475,-0.028520,0.016527,-0.019518,-0.094151,0.009417,-0.012812,-0.064851,-0.016626,-0.064225,-0.029190,0.004355,-0.005536,0.027786,-0.010364,-0.034549,-0.024991,0.019092,-0.032179,0.010334,0.034779,0.048642,-0.068451,-0.096846,0.071103,0.009752,0.045668,-0.043983,-0.003290,-0.022762,-0.081745,0.000328,0.029338,-0.000000,-0.018395,0.044620,-0.038608,0.060570,-0.026928,-0.022284,0.005066,0.013891,-0.006202,0.070074,0.037435,0.097008,-0.063509,-0.030844,0.039924,0.025852,0.023120,0.037589,-0.036253,-0.041407,-0.048263,0.012643,0.070548,-0.038707,0.107921,0.000139,-0.105345,0.072310,0.029567,0.027038,-0.008704,0.046787,-0.113962,0.000465,-0.082504,-0.024777,0.031853,0.042518,0.019487,-0.076945,-0.078995,-0.052849,0.023478,-0.099398,-0.048679,0.002315,-0.009674,-0.074353,-0.122902,-0.004382,-0.040347,-0.089458,0.026996,0.072342,0.052799,-0.023054,0.014356,-0.042605,-0.062186,-0.038617,0.062758,0.044145,0.099787,0.052619
-0.107816,-0.009126,0.017392,-0.028286,-0.014073,-0.064665,0.075093,0.043275,0.011541,-0.062369,-0.042478,0.035079,-0.043855,0.026400,0.001353,-0.010369,-0.035680,-0.061394,-0.088241,0.024930,-0.041442,0.023455,-0.056466,-0.044323,-0.007217,-0.029619,-0.002674,0.014152,0.031872,-0.083940,-0.119126,0.054911,0.096551,-0.006639,0.022243,0.028591,0.003190,-0.084896,-0.020441,0.034312,0.005372,-0.013491,-0.056218,0.042197,-0.041157,0.060205,-0.069479,-0.019016,0.130804,0.025249,0.010301,0.023795,-0.030762,0.007334,0.016742,0.135695,0.050230,0.002603,0.006052,-0.051062,0.042639,0.018646,-0.058177,0.015316,-0.152711,0.008573,-0.042639,-0.004937,-0.001938,-0.018712,-0.051470,0.019430,0.008140,-0.044883,0.016472,0.108587,-0.019389,-0.069865,0.074731,-0.062595,0.014495,-0.039352,-0.057489,-0.013931,0.011976,-0.038695,0.005659,0.096178,0.015468,0.002226,-0.019763,0.099685,-0.039291,-0.046723,-0.076686,0.010970,-0.041272,-0.054937,-0.090249,0.036502,-0.023553,0.060422,-0.048255,-0.021864,-0.004783,-0.007868,-0.066950,0.007286,0.019242,-0.037487,-0.000817,0.056566,0.002657,0.046170,-0.008492,0.041993,-0.037759,0.023490,0.109734,-0.101538,0.036047,0.059298,-0.089082,0.045585,0.003517,-0.022810,0.136722,-0.000000,0.031087,0.098659,0.088843,0.077998,0.040426,-0.043817,0.006701,-0.062927,-0.095794,-0.067245,-0.003430,-0.006023,0.073563,-0.072660,-0.060878,-0.018528,-0.011701,0.016577,-0.050744,0.041226,-0.026732,-0.016786,-0.038317,0.068657,0.006251,-0.075133,-0.012261,-0.097340,0.067346,0.006419,0.020371,-0.029778,-0.063996,0.068965,0.042718,-0.002171,-0.007259,-0.003474,-0.109034,-0.085124,0.010501,-0.021870,-0.055220,-0.036622,0.061371,-0.050653,-0.015399,0.052501,0.059245,0.010204,-0.075948,0.065613,-0.015274,0.010542,-0.041331,-0.047239,0.020948,0.054457,-0.057016,-0.061083,0.035793,-0.046098,-0.085723,-0.030990,-0.063113,-0.028430,-0.025644,-0.007241,0.017275,-0.015315,0.005078,0.038200,0.067342,0.088211,-0.008717,0.065798,0.015879,0.013332,0.100968,0.021939,0.052409,-0.028102,-0.054871,-0.074581,0.043554,0.071184,-0.004680,-0.081751,-0.127194,0.122843,-0.062936,0.034552,-0.013418,0.036853,-0.059620,0.000000,0.002446,0.014901,0.017483,-0.014944,0.041604,-0.028506,0.034555,0.064095,-0.014739,0.038776,0.071117,0.076283,-0.049846,-0.055205,0.042642,-0.045233,0.010211,-0.032690,-0.042398,-0.027854,0.000156,0.065287,-0.005931,0.049658,0.010668,0.013890,-0.020454,0.040895,0.046793,-0.072799,-0.007157,0.023393,-0.078518,0.080782,0.040609,0.025248,0.157924,0.054434,0.044917,-0.018882,0.006578,0.004885,-0.019436,-0.006654,-0.015343,-0.026357,0.059389,-0.044396,-0.144573,0.051346,-0.038509,0.057648,-0.007541,0.047727,0.012797,-0.007028,0.037673,-0.072597,0.018909,-0.020459,-0.058232,0.066859,-0.004202,-0.012809,0.077507,-0.015511,-0.011653,0.013974,0.034129,0.010579,-0.088029,0.052169,-0.010622,-0.028252,0.032464,-0.057511,-0.020426,-0.073710,-0.008658,0.091293,-0.022677,0.017056,0.017593,0.023616,0.033554,0.044076,0.105827,0.083595,-0.006584,-0.022825,-0.050596,-0.034672,0.056964,-0.010444,-0.014447,-0.000000,0.058865,0.101314,0.003870,0.107337,0.038718,-0.037392,0.012171,-0.020029,0.027262,-0.007344,0.086543,0.020140,-0.081003,0.049783,0.084305,0.021455,-0.020845,0.012515,0.038311,-0.016046,-0.021178,-0.013435,-0.037461,0.036006,0.040702,0.010133,-0.079450,0.103432,0.030517,-0.056795,0.016303,0.116777,-0.030511,-0.011492,0.003372,-0.072541,-0.059059,-0.076267,0.051011,-0.056970,0.023936,0.010866,-0.005840,0.026858,0.009491,-0.037322,0.051327,-0.001270,-0.026339,-0.036676,0.023908,0.006335,0.067479,0.003502,-0.020109,0.033618,0.017855,0.005283,0.043159,0.021108,-0.034589,0.003296,-0.094491,0.047435
-0.013257,0.009824,0.012486,-0.020856,0.041269,0.032642,0.020250,-0.015785,-0.044535,-0.027137,-0.048971,0.105228,-0.019831,0.007311,0.082556,-0.043396,0.006769,-0.071329,-0.067942,0.043941,-0.083663,0.016183,0.065746,0.013049,-0.082313,0.007009,0.044035,0.004750,-0.009997,-0.011009,0.010603,0.033656,0.006858,0.011760,0.015036,0.056577,-0.041637,-0.056617,0.060778,-0.015999,-0.033652,-0.092516,-0.044123,0.049935,-0.038853,0.002046,-0.026650,0.009290,0.011850,0.028447,-0.107646,-0.016370,0.011703,-0.100653,0.056410,0.093182,0.022906,-0.069798,0.037439,-0.098357,-0.011726,-0.098598,-0.018426,-0.002785,-0.044697,-0.040538,0.001284,0.048920,-0.082742,-0.011956,-0.004468,-0.052687,0.005992,-0.002152,0.007843,0.069078,0.085536,0.021714,0.101918,-0.073075,0.059934,-0.036689,-0.020860,0.028868,-0.030626,-0.031696,-0.029875,-0.020589,0.072957,0.002062,-0.010823,0.009517,0.012120,-0.029097,-0.017901,0.068553,-0.077532,-0.111784,-0.073062,0.049367,0.014820,0.120855,-0.011319,-0.091173,-0.074273,-0.046262,0.032482,0.066661,0.018470,-0.005828,0.044007,-0.008908,0.077781,0.052610,0.051168,-0.046812,-0.078050,0.039779,0.035941,-0.027770,0.012787,0.038415,-0.042301,0.009567,-0.063173,-0.002123,-0.042130,-0.000000,-0.009290,0.085990,0.049563,0.080701,-0.069581,-0.011513,0.007312,-0.036365,-0.119270,-0.027002,0.013340,0.044161,0.042241,0.113505,0.064776,-0.129770,-0.021916,0.063690,-0.002349,-0.002588,0.011287,-0.057888,0.061013,-0.057905,0.116569,0.038161,-0.007155,0.035761,-0.102549,0.012357,0.043483,0.056143,-0.130541,0.010411,-0.033688,0.000911,-0.100735,-0.033624,0.013101,0.015905,-0.009645,0.038224,-0.033634,0.017351,0.037110,0.052935,-0.024416,0.001972,-0.004737,-0.085069,-0.045487,0.007171,-0.018080,-0.069682,-0.005849,-0.033176,-0.038790,-0.038909,-0.021414,0.010025,0.046154,-0.000698,-0.072346,-0.024064,-0.039773,0.053627,-0.031216,0.048214,0.030470,-0.033426,-0.001385,0.020268,0.059384,0.041193,-0.043840,0.048736,0.015780,0.074509,0.064942,-0.019991,-0.040435,0.008474,0.018956,0.018757,0.113575,0.048914,0.074060,-0.042918,-0.061352,0.121218,-0.089857,0.028678,-0.040009,0.065282,-0.032879,0.000000,0.022383,0.053902,0.031822,0.004570,0.005783,-0.053165,-0.007772,-0.052744,-0.025278,0.029313,-0.072544,-0.017051,-0.004728,-0.057860,0.014922,-0.063810,0.105461,-0.054435,-0.012535,-0.032128,-0.029375,0.028550,-0.099959,0.111905,0.021816,0.045426,-0.044829,-0.074431,-0.048677,-0.024622,-0.035706,-0.091434,-0.098544,-0.006862,0.049121,0.047089,-0.036949,-0.040258,0.014436,0.041638,0.009173,-0.029391,-0.031569,0.074853,-0.013040,-0.003301,0.084043,-0.000093,-0.098959,0.033981,0.038341,0.040768,-0.082422,-0.082649,-0.010526,0.056747,0.063405,-0.073730,0.080717,-0.014795,-0.018067,0.108770,0.047342,-0.011692,0.035357,0.058091,-0.015147,-0.002429,0.054550,-0.011494,-0.050238,-0.037331,-0.056069,0.038209,0.004582,0.017899,-0.014445,-0.083598,-0.031689,0.106517,-0.000343,0.008745,-0.053459,0.026948,-0.005176,-0.032524,0.014817,0.060020,-0.002587,-0.008053,-0.098146,-0.066190,-0.011493,0.004656,0.018165,-0.000000,0.010066,0.018459,0.064476,0.050869,0.016666,0.001872,-0.037775,0.016986,0.059443,-0.005801,0.001091,0.030406,-0.027018,0.044910,0.055969,-0.000470,-0.024747,0.067152,-0.040754,-0.004692,-0.054543,0.073486,-0.037857,0.023590,0.034654,0.046543,-0.064978,0.048690,0.041998,0.051690,0.069541,0.011641,-0.012562,-0.023441,-0.008457,-0.076276,-0.016871,-0.006284,0.144404,-0.046942,-0.069015,0.076242,0.050143,0.123337,-0.095575,0.009441,-0.060237,0.039958,-0.068927,-0.101300,-0.061747,-0.009755,0.035892,0.070876,0.045621,0.018737,-0.006174,-0.064976,-0.041688,0.007312,-0.016937,0.014496,-0.012354,-0.017969
-0.056337,-0.012009,0.006123,0.004532,0.037070,0.013274,0.021655,-0.005270,-0.051428,-0.007200,0.000413,0.066836,-0.011812,0.064727,0.008970,-0.042123,0.009212,0.019111,-0.050912,0.048608,-0.042716,-0.029989,0.053478,0.011192,-0.014041,0.039633,-0.028665,-0.016390,0.013851,-0.069995,0.021792,0.021707,0.085268,0.089254,0.131346,0.081222,-0.022614,-0.064932,0.036455,-0.015418,0.027786,-0.112355,-0.098653,0.030726,-0.023540,-0.093643,0.027215,-0.007481,-0.043500,-0.059923,-0.071273,-0.001827,-0.010367,-0.102955,-0.016343,0.037339,-0.035823,-0.073972,-0.001646,-0.023662,0.030612,0.021955,-0.053676,0.007154,0.015679,-0.028337,-0.036679,0.105441,-0.131737,-0.015850,0.068904,-0.024611,-0.001921,-0.009849,0.017605,-0.059553,0.050956,-0.035583,0.074111,0.041487,0.078637,-0.022175,-0.066771,0.069789,-0.164788,-0.060941,0.033838,-0.031811,0.050621,0.018272,-0.019927,0.011387,-0.037163,0.036702,-0.061221,0.061991,-0.104890,-0.064464,-0.018159,0.024111,0.039357,0.046531,0.012626,-0.113770,-0.010705,-0.094333,-0.078359,0.028261,0.025129,0.034255,0.007633,0.018851,-0.087495,0.046996,0.017035,-0.004067,-0.077945,-0.038807,0.052453,-0.081901,0.049217,0.076984,-0.055785,-0.022632,-0.079658,0.006266,-0.019289,-0.000000,-0.048082,0.104741,0.028025,0.100829,0.013125,0.055916,0.013594,-0.017202,-0.067222,0.023642,-0.069953,0.067129,0.006152,0.145224,0.048228,-0.044068,-0.046745,0.053696,0.036827,0.016675,-0.046452,-0.058526,0.010155,-0.003007,0.083108,-0.019873,-0.023871,-0.028377,0.023112,0.024231,0.044716,0.065683,-0.049850,-0.026952,-0.102132,0.066579,-0.099613,-0.060006,0.032058,0.025658,-0.106089,0.048882,0.019905,0.019360,0.008429,0.101922,0.011768,0.048970,-0.023032,-0.036571,-0.026218,0.043793,0.061414,-0.025377,0.052323,-0.056727,0.062006,-0.043015,0.025814,-0.044795,-0.005964,0.051521,-0.091289,0.043938,-0.069528,0.021689,0.008962,0.038488,-0.031427,0.045975,0.072732,-0.013695,-0.008647,-0.047834,-0.052297,0.076884,-0.023635,0.067052,0.093638,0.006551,0.043826,-0.000554,0.045935,-0.103919,-0.015992,-0.034923,0.012507,0.010467,0.055232,0.101754,0.004328,0.004045,0.017387,0.061535,-0.071977,0.000000,0.017184,0.012321,0.024629,0.041800,-0.009607,0.001627,-0.027651,-0.025361,0.031592,0.052262,-0.077090,0.048266,0.046804,0.065880,-0.043006,-0.031483,0.003929,0.004841,0.003173,-0.062547,-0.017914,0.097912,-0.048964,0.145524,0.012796,-0.010273,-0.043087,-0.043985,0.004271,0.001804,-0.047543,-0.099703,-0.023908,0.017776,-0.009716,0.101976,0.004967,-0.049447,0.037691,0.044339,-0.000175,-0.026573,-0.011027,0.013123,-0.043334,-0.074307,0.057741,-0.050486,0.023825,0.043241,-0.044489,0.082006,-0.023224,-0.065997,-0.120122,0.099086,-0.047223,0.041306,-0.037963,0.021855,-0.005163,0.055452,0.052217,0.002658,-0.030950,-0.023552,0.050347,-0.052080,-0.059607,-0.061263,0.044512,0.000989,-0.033322,-0.004965,-0.063661,0.005625,-0.061222,-0.023018,-0.037156,-0.010544,0.014821,0.028730,0.028316,0.014522,-0.025329,0.004008,0.046379,-0.048665,-0.011808,0.008489,-0.045713,-0.049896,-0.051131,0.000428,0.008982,-0.000000,-0.090328,-0.046692,0.028373,-0.013127,-0.002742,-0.001579,0.101612,0.025679,0.071153,0.051721,0.016689,-0.017768,-0.108010,0.079105,0.049308,0.020268,-0.042206,0.078160,-0.066547,-0.052245,0.062492,0.098305,0.089373,0.009244,-0.053587,0.010820,-0.003815,0.022192,0.013071,0.021678,-0.004460,0.049719,-0.015411,0.018618,0.004684,-0.044909,0.024312,0.006376,-0.015410,0.007771,-0.103452,0.001817,-0.025376,0.031890,-0.029169,-0.009008,-0.073343,0.088765,0.007486,-0.009112,0.034299,-0.061540,0.034676,-0.020322,0.023087,-0.027463,-0.071430,0.046947,0.005617,-0.006824,-0.038271,-0.110146,0.045725,0.048383
-0.021097,0.035833,-0.014170,-0.025512,0.015999,0.009798,-0.025642,0.105374,-0.082613,-0.049391,0.007397,0.045091,-0.058314,0.035370,0.071318,-0.013856,0.049515,-0.021409,0.020797,-0.013778,0.007536,-0.078648,-0.015845,0.068517,-0.042440,0.009251,-0.035648,0.031261,0.021145,-0.093285,-0.026132,-0.009437,0.117982,0.052004,0.024341,0.023895,0.071594,-0.051039,-0.022583,-0.122678,-0.001287,-0.028182,-0.027416,0.057930,0.034964,-0.076223,0.011834,0.036460,0.010949,0.065909,0.063169,-0.005053,-0.016496,-0.059486,-0.086527,0.028508,-0.005284,0.002325,0.063258,-0.014926,0.080243,-0.040242,0.011578,0.015117,0.008880,0.053252,-0.077546,0.069431,-0.037938,-0.080338,-0.006944,-0.035463,-0.024689,0.026570,0.036798,0.009922,0.060075,-0.116013,-0.006464,0.043880,0.015928,0.031761,-0.032026,-0.006844,-0.053240,-0.081775,-0.014085,-0.000393,-0.017926,-0.088128,-0.035337,-0.060309,-0.046752,0.050123,-0.066212,-0.053816,-0.019459,-0.037243,-0.009751,0.039642,0.035720,0.009210,0.117180,-0.043647,-0.037226,-0.099404,-0.039323,0.025070,-0.030700,-0.020612,-0.102615,-0.015613,0.011390,0.050449,-0.026198,-0.051678,-0.058988,0.030481,0.121368,-0.010543,0.097697,0.068895,0.110555,-0.040803,-0.043263,-0.026867,-0.014280,-0.000000,-0.099291,0.054695,-0.047149,0.008937,0.103867,0.006182,-0.014095,-0.020115,-0.033431,0.096743,0.027434,0.098961,0.042375,0.112985,-0.002161,-0.063189,-0.020433,0.093413,0.001194,-0.062544,-0.102503,-0.009174,0.040382,0.014383,-0.002226,-0.062798,0.019177,0.105354,0.081054,0.013754,0.058476,-0.003402,0.055437,-0.034874,-0.015336,0.038793,-0.088229,-0.103951,0.029241,-0.006318,-0.021694,-0.027432,-0.034190,0.046486,0.010520,-0.050516,0.042632,0.027927,-0.085130,-0.005813,-0.086014,0.027092,-0.112010,-0.018945,0.070140,-0.151574,0.028994,-0.014069,0.084064,0.032536,0.007694,0.069218,-0.081143,0.018059,-0.085042,0.002426,0.060329,0.029832,-0.088092,0.021469,-0.002765,0.012578,0.039881,-0.011288,-0.014650,0.012016,-0.002523,0.049953,-0.023354,-0.024685,-0.024989,0.039160,0.025299,-0.009020,-0.046892,0.012966,0.005188,-0.109077,-0.044583,0.036675,-0.093649,0.015909,-0.001477,0.047858,0.025153,-0.000000,-0.042072,-0.003997,0.011931,-0.018446,-0.010152,0.010076,0.083186,-0.056161,0.021460,-0.004500,-0.038333,0.009849,-0.018335,0.040706,0.011592,0.053448,0.088238,-0.013437,0.016019,-0.082663,0.016794,0.028639,-0.088156,0.049094,-0.021264,0.027494,-0.037777,-0.014361,-0.005276,0.000976,-0.078939,-0.094323,0.071359,0.079679,0.016553,0.006791,0.046179,0.034213,0.029477,-0.066956,-0.006120,0.011034,-0.023367,0.011682,-0.015500,0.024951,-0.019156,-0.050370,-0.031773,0.004423,-0.008448,0.010759,-0.000300,-0.132486,-0.084443,0.036761,-0.011871,0.055910,0.024196,-0.001988,0.033405,-0.050856,-0.018506,0.000370,0.072823,-0.066814,0.050143,-0.082896,-0.011323,0.020485,0.057879,0.070310,0.021558,-0.060460,-0.067263,0.073163,0.010874,-0.041741,-0.047226,-0.059990,-0.011034,-0.019950,0.072370,0.022123,0.051403,-0.026055,-0.047436,0.056438,0.025967,0.029271,-0.010883,0.015757,-0.071870,0.066596,0.071232,-0.000000,0.030487,-0.037604,-0.029863,-0.020559,-0.071640,0.025877,0.076993,-0.012709,-0.026163,-0.037156,-0.012251,-0.039523,-0.125844,0.089658,0.045605,0.019804,-0.064084,0.082009,0.004259,0.054633,0.045385,0.047481,0.130550,0.059102,-0.072024,-0.004059,0.002141,0.062831,0.053569,-0.006625,0.065901,-0.002473,0.069869,-0.007881,0.044355,-0.062711,-0.058791,0.060232,-0.030266,0.082884,0.018655,-0.104964,-0.062398,0.012291,-0.010658,-0.028262,-0.044412,0.060069,-0.036502,0.048305,0.012544,-0.031904,0.009985,-0.000239,0.046881,0.016765,0.034365,-0.022737,0.084376,0.041028,0.009598,-0.017952,0.042455,0.039028
-0.135880,0.037855,0.011593,-0.019859,0.043129,0.002616,0.030960,0.022815,-0.024591,-0.072737,0.068897,0.029621,-0.022537,0.073127,0.081472,-0.040203,0.027890,0.053316,-0.055581,0.075258,0.011931,-0.018242,-0.031119,0.057386,-0.081316,0.030994,0.004172,-0.035079,0.065157,-0.054251,0.079344,0.059342,0.069354,0.024955,0.036935,0.064629,-0.027829,-0.058309,-0.019949,-0.056199,-0.016960,-0.083250,-0.084023,0.032414,0.027418,-0.086460,-0.004248,0.014198,-0.066713,-0.020280,-0.012928,-0.013442,-0.088695,-0.094707,0.023968,-0.008433,-0.064482,-0.032838,-0.020046,0.007016,-0.014532,-0.044371,-0.076168,0.041861,0.007063,0.012317,-0.057014,0.056325,-0.069221,-0.066409,-0.060854,0.001602,0.089195,0.026577,0.069881,-0.029611,0.060723,-0.059122,0.023573,-0.036050,0.014519,0.042737,-0.011001,0.058964,-0.061219,-0.035490,0.008507,-0.018733,-0.016935,-0.042579,0.049891,-0.017744,-0.016770,-0.019512,-0.078292,-0.042397,-0.036413,-0.015402,0.074033,0.001563,0.014338,0.004302,0.000896,-0.089216,-0.071718,-0.067309,-0.069528,-0.032012,0.064692,0.091629,-0.075633,-0.060757,-0.097091,0.003130,-0.042015,-0.060292,-0.034209,-0.023372,0.106141,-0.109343,-0.030965,0.033898,0.040063,-0.109470,-0.065280,0.032150,-0.009445,-0.000000,-0.053751,0.081358,-0.044237,0.027589,0.046594,0.024987,-0.045965,-0.008903,-0.024696,0.021893,-0.079388,0.111746,0.021979,0.133944,0.060764,0.009534,-0.094739,0.080327,0.069383,0.064994,-0.034941,-0.036830,0.056435,0.088946,0.089053,-0.063251,0.009962,0.051442,0.058809,-0.010469,0.068689,0.009679,-0.004746,-0.006612,-0.095891,0.142716,-0.081582,-0.110288,0.018368,0.012597,-0.027268,0.041471,0.016022,0.043476,0.039058,0.047882,-0.020852,0.039534,-0.001010,0.002006,-0.085468,0.050231,-0.014834,-0.044923,0.038985,-0.034584,0.031561,-0.034280,0.055124,0.036587,-0.023366,-0.003807,-0.050494,-0.023411,0.018700,0.023965,0.026548,0.032903,-0.024952,-0.036648,0.001862,-0.007856,0.061111,-0.029867,-0.031202,-0.005031,0.010613,0.048754,0.060401,-0.023452,-0.044485,-0.004953,0.021627,-0.046145,-0.045584,-0.026673,0.036907,0.009552,-0.000593,0.025177,0.028384,0.056236,0.014100,0.048767,0.037904,-0.000000,-0.027395,0.007196,-0.069994,0.070079,0.050181,0.031495,-0.006245,-0.045169,0.056581,0.062605,-0.051044,-0.002467,0.010470,0.042794,-0.094276,-0.012532,-0.051256,0.007804,-0.003863,-0.022422,-0.031291,0.132583,-0.006028,0.050082,0.039641,-0.019877,-0.041034,-0.051077,0.002849,-0.010580,-0.003900,-0.109444,-0.038115,0.065887,-0.004890,-0.001081,-0.003680,0.043091,0.055692,-0.008152,-0.015078,-0.033660,0.016598,0.005751,-0.082146,-0.013384,0.062112,-0.104194,0.021390,-0.027231,0.000385,0.021741,0.010365,-0.093262,-0.132761,0.045456,0.050561,-0.006336,-0.006899,0.026551,0.067921,0.021631,0.036698,0.017550,0.041910,-0.012643,0.052730,-0.058584,-0.052172,-0.000085,0.034618,-0.001370,0.048526,-0.066545,0.005128,-0.091879,-0.074327,-0.046980,-0.065539,-0.078213,0.035518,0.003056,0.039836,0.065363,-0.046785,0.016694,0.017676,-0.051594,0.009544,-0.004067,-0.017598,0.071114,-0.041985,0.080887,0.011828,-0.000000,-0.018916,-0.082210,-0.025638,-0.045910,-0.060242,0.020320,-0.009066,0.024186,0.007283,0.045796,-0.000993,-0.021111,-0.096673,0.079626,0.095954,0.059754,-0.028670,0.058894,-0.051759,-0.033321,-0.023350,0.085259,0.086452,-0.000321,-0.022227,0.052430,0.018928,0.019890,0.032595,-0.030025,0.011986,0.020018,0.041792,0.003367,0.060001,-0.026539,0.053451,0.004464,-0.012829,0.062488,-0.084098,-0.075644,-0.074636,0.026762,0.029447,-0.046910,-0.054254,0.038216,-0.060729,0.094361,0.010846,-0.028980,0.051260,-0.003297,0.013269,0.002118,-0.004749,-0.016165,0.138511,0.088719,-0.024913,-0.019999,0.143011,0.017464
0.004876,-0.042910,-0.041930,-0.043172,0.051502,0.035984,-0.013596,-0.044837,-0.076318,-0.013324,0.011198,0.063649,0.004692,0.047250,0.096525,0.015818,0.041850,-0.018080,-0.018056,0.090471,-0.114474,0.003296,0.079438,-0.016265,-0.030627,0.027923,-0.025193,-0.030568,0.031994,-0.013505,0.014229,-0.021329,0.014788,0.043387,-0.015472,-0.006830,-0.075734,-0.059502,0.054779,-0.038165,0.031062,-0.065026,-0.106133,0.067938,-0.018561,-0.012192,0.006448,0.011801,0.028360,-0.014753,-0.018801,-0.118711,0.000233,-0.027970,0.003701,0.074433,0.007041,-0.033189,-0.014395,-0.057827,0.052459,-0.010390,-0.027960,0.007611,0.018059,-0.022140,0.001084,0.097577,-0.121680,0.005572,0.026836,-0.034002,0.015003,0.008218,-0.015256,0.003575,0.060112,0.004771,0.093771,0.001255,0.073629,-0.010902,-0.021528,-0.038303,-0.120802,-0.022483,-0.054035,-0.035203,0.048801,-0.078789,-0.108038,0.015454,0.017309,-0.023634,-0.061678,0.047274,-0.096182,0.003051,-0.000612,0.029382,-0.031735,0.082591,0.006375,-0.119875,-0.052677,-0.012838,0.019389,0.069087,-0.028570,0.005863,-0.021575,0.008894,0.076824,0.082489,0.007249,0.017999,-0.114842,0.054748,0.114343,0.049200,0.020145,0.057242,-0.024759,-0.052345,-0.000505,0.008581,0.019330,-0.000000,-0.016268,0.091372,0.068859,0.094741,-0.039210,0.016965,0.024049,0.024041,-0.024103,-0.003716,0.009622,0.047401,-0.018427,0.084464,0.029009,-0.137829,-0.012489,0.053596,-0.001408,-0.002113,0.028095,-0.096285,-0.016239,0.030956,0.100068,-0.003888,0.069720,-0.011346,0.062190,0.026701,0.014882,0.054171,-0.114926,-0.034905,-0.076106,0.005667,-0.081526,-0.052454,0.030208,0.040122,-0.094067,0.009969,-0.063848,-0.047554,-0.033027,0.073187,-0.015027,-0.023658,-0.051093,0.004920,0.035471,0.061270,-0.046779,-0.062513,0.044907,-0.024466,-0.048042,-0.030471,-0.014847,-0.041348,0.009562,-0.043670,-0.042404,-0.014403,-0.088380,0.086823,-0.042212,0.034728,-0.049657,0.028701,0.055795,0.018314,0.022977,0.085026,-0.007919,0.006533,-0.061603,0.019641,0.111590,-0.022527,0.006433,0.038702,0.012264,-0.017503,0.095846,0.052022,0.041840,-0.030686,-0.046395,0.056822,-0.064077,0.088267,-0.046587,0.125136,0.032337,0.000000,0.016953,0.032825,-0.030262,0.030795,-0.003963,-0.011696,0.035688,-0.012130,0.072289,0.094999,-0.028812,0.049365,-0.062116,-0.010905,-0.103905,-0.088172,0.027817,-0.025824,0.043076,0.025911,-0.060783,0.044362,-0.073511,0.074702,0.061158,0.004675,0.009534,-0.022107,0.009414,0.022880,-0.035622,-0.092109,-0.054485,-0.058006,0.008076,0.015827,-0.010340,-0.016313,-0.035470,0.016950,0.034584,-0.081716,-0.101339,-0.000182,-0.026643,-0.030716,0.095277,-0.005358,-0.059503,0.035933,0.069736,0.060562,-0.055842,-0.054641,-0.008943,0.050892,0.066415,-0.053018,-0.044530,-0.008981,-0.065838,0.082851,0.075511,-0.042026,0.099502,0.004822,0.016497,0.016182,0.017699,0.039955,0.048295,-0.015657,-0.069066,0.032002,0.005169,-0.090717,0.035679,-0.127785,-0.016224,0.025362,0.014424,-0.032994,0.042625,0.013448,0.032141,-0.025823,-0.072610,-0.002136,0.001649,-0.029892,-0.132602,-0.039771,0.003578,-0.049961,0.041010,-0.000000,-0.010865,-0.046911,0.031226,0.064325,0.032043,0.034345,-0.006903,0.003729,0.010920,-0.018253,0.055004,0.039534,-0.028487,0.090472,0.011206,0.037868,0.079006,0.004563,-0.051013,-0.008664,-0.005080,0.121691,0.032129,-0.005840,-0.022968,0.045072,-0.044194,0.031193,0.029622,-0.056256,-0.001188,-0.009240,-0.040109,0.010787,0.000849,-0.045865,0.010318,0.038762,0.098490,-0.064616,-0.037824,0.003335,0.007628,0.097713,-0.093277,0.015231,-0.097831,0.049775,-0.003739,-0.060972,-0.025632,-0.075052,0.050702,0.035885,0.060405,-0.020199,-0.005303,-0.011342,0.004803,0.053315,0.022119,-0.110232,0.015791,0.065170
0.048018,-0.045908,-0.007417,0.019310,0.056839,0.032509,-0.044709,-0.076954,0.061742,-0.049971,-0.025303,0.119065,-0.117273,-0.063887,0.071786,-0.072043,0.004392,-0.043558,-0.024151,0.036995,-0.083279,-0.027978,-0.023068,0.006661,0.065722,-0.028068,-0.001759,0.030292,-0.029153,-0.074476,-0.025755,0.080692,0.009700,-0.010914,0.050597,0.073796,-0.014749,-0.028293,0.035199,-0.063605,-0.000113,-0.068152,-0.006053,-0.046213,0.026859,-0.053277,0.061334,0.031446,0.035272,-0.005165,-0.044240,-0.024016,0.018520,-0.052983,-0.079412,0.014940,-0.050363,0.015251,0.012142,0.006199,0.006507,0.000311,0.050350,0.068180,-0.001723,-0.036995,-0.035339,0.044988,-0.009933,0.043039,0.021352,-0.067353,-0.096358,-0.021926,-0.026481,-0.004538,0.049180,-0.000098,0.159368,-0.017285,0.077645,0.023625,0.013499,0.041221,-0.073010,-0.000056,0.024984,-0.007568,0.007139,0.003230,0.032416,0.007158,0.061053,-0.014389,-0.068508,0.004832,-0.039651,0.045081,0.037544,0.077574,0.004074,0.093007,0.030605,-0.061883,-0.035234,-0.003581,0.019940,0.053890,-0.005702,0.074158,-0.023267,0.065711,0.013499,-0.038259,-0.017707,-0.109903,-0.112013,-0.038415,0.040207,0.028698,0.033744,0.160361,-0.039819,-0.005315,-0.056229,0.039408,0.002656,-0.000000,-0.012342,0.070401,0.108775,0.091848,-0.069149,0.019918,0.030970,-0.007836,-0.018383,-0.012095,0.112432,0.090033,0.055000,0.037427,0.034546,-0.059042,0.018234,0.028227,0.103720,-0.089349,-0.016252,-0.022155,-0.015255,-0.016711,0.024476,-0.024253,0.028997,0.002779,-0.033755,0.025770,0.085663,0.140778,-0.035654,-0.063604,-0.029697,0.008183,0.040435,-0.043634,0.100042,0.060967,-0.076319,-0.006828,-0.058984,-0.016084,0.014689,0.028818,0.107274,0.062293,-0.131355,0.020234,0.000227,0.049341,-0.057117,-0.002013,-0.018235,0.027119,0.038866,-0.084433,-0.032187,-0.044189,0.040526,0.024524,-0.037629,-0.033624,-0.062475,0.148696,0.021035,0.029488,-0.055862,0.082552,0.027077,-0.021193,-0.055938,0.006389,0.038670,-0.074323,-0.034016,0.035002,0.033472,0.037267,-0.015637,-0.000453,0.028943,-0.003641,0.078516,0.022531,0.117937,-0.044599,0.031510,0.049721,0.009964,-0.047371,-0.048322,0.077447,0.016415,0.000000,-0.083955,0.027024,-0.005486,-0.024047,-0.014775,-0.089322,0.013654,0.049878,-0.002597,0.085644,0.017984,-0.026778,-0.062526,-0.013319,-0.031943,-0.011791,0.028505,-0.061932,-0.072274,-0.056426,0.049230,-0.007995,-0.009307,0.081818,0.016634,0.005284,-0.090886,-0.089963,0.024215,-0.086145,-0.093608,-0.032611,-0.094916,-0.001391,-0.006644,0.018444,-0.109965,-0.041847,0.004932,0.004829,-0.038891,-0.043785,0.016330,-0.031657,0.000877,-0.041031,0.030373,-0.038993,0.037970,0.053290,0.016004,0.035340,-0.079357,0.010092,-0.102157,0.056409,0.045593,-0.075426,-0.055773,0.067803,0.031306,0.053143,-0.050516,0.010343,0.019577,-0.021292,0.008269,0.013112,-0.016522,-0.105838,0.051567,-0.022040,-0.082908,-0.090487,-0.065143,0.086884,0.028503,-0.002280,0.000016,0.059855,0.044423,-0.024966,0.061234,-0.023314,0.035195,0.033757,0.015866,-0.072603,-0.053552,0.036886,-0.051632,-0.085475,-0.046131,0.005581,0.029320,-0.000000,-0.061620,-0.023558,0.095993,0.018828,0.060525,-0.045215,0.002656,-0.019387,0.001374,-0.019698,-0.028497,-0.019500,-0.038891,0.026454,-0.011786,0.025965,-0.030539,-0.002256,-0.042808,-0.023808,-0.046436,0.052148,-0.011122,0.013820,-0.026508,0.048069,-0.032117,0.000612,0.023479,0.038772,-0.028318,0.023904,0.035525,-0.021246,-0.057119,-0.016847,0.017095,-0.006192,-0.056692,0.047872,-0.080791,-0.037331,0.032152,0.071590,-0.051804,0.006533,-0.074062,0.071165,0.015558,-0.107012,0.036324,-0.058654,0.025459,0.034953,0.047268,0.045684,0.004502,0.029800,-0.100953,0.003478,0.004547,-0.101165,-0.018365,0.054519
-0.115179,-0.043966,0.046841,-0.039885,0.038182,0.072699,-0.023081,0.026768,-0.047865,-0.003916,0.048682,0.028986,0.025555,0.051675,0.023260,0.048723,0.002881,-0.003289,-0.031951,0.049194,-0.047914,0.024238,0.011326,-0.053633,0.069590,0.053533,-0.067443,0.082337,0.004457,-0.076518,0.067112,0.027059,-0.053172,0.029138,0.067350,0.046143,-0.036959,0.033534,-0.065338,-0.022330,-0.067186,-0.012397,0.043881,-0.051577,-0.024982,-0.025950,-0.010677,0.021674,-0.052051,0.104596,0.031585,-0.123330,-0.029577,-0.031567,0.048344,0.010466,-0.104772,-0.027770,0.019412,-0.023469,0.010141,0.028369,-0.048712,0.029599,0.038717,-0.032612,-0.014654,0.038547,-0.078115,-0.070879,0.112210,-0.053551,-0.027628,-0.050218,-0.043751,0.092240,0.041191,0.049205,-0.049545,-0.024675,0.003968,0.023704,-0.020520,-0.053093,-0.009982,-0.016305,-0.064367,0.034407,-0.031089,-0.011752,-0.044222,0.009967,0.070348,0.091741,0.054336,-0.006675,-0.035203,0.088503,-0.008626,0.062037,-0.029875,-0.044731,-0.004766,-0.082999,0.037070,-0.025120,0.041147,0.094258,0.030758,-0.061068,0.027588,0.108437,-0.080052,-0.002294,-0.001417,0.024237,-0.061358,0.045888,0.038169,-0.104161,-0.077184,-0.027190,-0.015550,-0.029890,-0.083105,0.051567,0.000563,-0.000000,-0.048418,-0.037994,-0.060952,0.024267,0.110547,0.009621,-0.030721,0.010419,-0.000108,0.006797,-0.077936,0.060455,-0.018660,-0.027194,-0.063626,-0.122294,-0.004991,-0.005401,-0.044178,-0.037406,0.001609,0.075559,0.001754,0.100590,0.017915,0.023004,-0.007261,0.025927,0.116817,0.001108,0.016903,0.053100,0.044127,-0.021516,0.040255,0.067692,-0.031295,-0.073032,0.002895,-0.048419,0.024308,-0.054382,-0.117619,-0.047139,0.007728,-0.025955,-0.021900,0.005264,-0.026203,-0.053207,-0.027702,0.082566,-0.011725,0.068784,0.058637,-0.028172,0.055522,0.046207,-0.029607,-0.025298,-0.055224,0.060076,-0.020823,0.014134,-0.023084,0.055711,0.140226,0.007834,0.027372,-0.055925,0.034178,0.001788,-0.024252,-0.005747,0.023364,-0.073676,-0.100556,0.015097,0.064967,0.056321,-0.012226,0.124128,0.030501,-0.070562,-0.020426,0.048130,0.050358,-0.084138,0.050624,0.050502,-0.092383,0.042642,0.010915,0.010772,0.054020,0.000000,-0.011581,-0.007452,0.068718,0.038184,-0.051474,0.025051,0.056967,-0.089336,-0.017755,-0.045242,0.074780,-0.000648,0.003665,-0.049601,-0.037276,0.014667,0.027896,-0.005126,0.068097,-0.015703,0.131142,-0.007626,-0.047057,0.007333,-0.020682,-0.007298,0.022448,0.004441,0.044727,0.064728,-0.035050,0.007779,-0.042685,-0.037493,0.055639,0.044393,0.005501,0.027504,-0.089594,-0.060543,0.010138,-0.077098,-0.056088,0.017846,-0.056028,0.030641,-0.007986,-0.054181,-0.060262,0.013560,0.031915,0.047366,0.015059,-0.018938,-0.044896,0.028019,0.060311,0.062374,-0.017756,-0.022340,0.077264,-0.012766,0.008569,-0.006369,0.009843,0.164816,0.039858,-0.013917,0.026233,-0.038708,-0.064676,0.035835,0.026528,-0.031439,-0.010803,-0.066339,-0.032363,-0.073588,-0.038989,-0.094612,-0.007439,0.030807,0.013973,-0.002072,0.027931,0.080365,0.056229,-0.016814,0.014015,0.028471,-0.043383,-0.043755,-0.017645,-0.035575,-0.041010,-0.000000,-0.071065,0.027050,0.023990,0.001211,0.009537,-0.029770,0.041084,-0.000401,0.023076,0.108025,-0.018523,0.003474,-0.128043,0.034748,-0.033330,-0.065690,-0.064692,0.039187,0.027201,-0.038869,0.034989,0.088120,0.137196,0.059832,-0.009234,0.080763,-0.009484,0.024422,0.076812,0.028438,0.033678,0.028570,-0.073039,-0.040948,-0.000148,-0.016503,0.046037,0.041674,0.011719,-0.033580,-0.033063,0.067549,0.023533,0.062806,-0.037877,-0.040049,-0.087319,0.001387,-0.007599,0.000617,0.068929,0.060474,-0.023160,-0.056647,-0.089747,-0.059049,0.082383,0.018228,-0.056504,0.033077,-0.034168,-0.124768,0.039599,-0.065355
-0.149635,-0.003251,0.002751,-0.000237,0.003618,-0.017979,-0.014229,0.105510,-0.082037,-0.008325,0.083394,0.074103,-0.106542,0.053460,0.027015,-0.029316,-0.010292,0.003287,-0.030770,0.008375,-0.010190,-0.056891,0.026312,0.057561,-0.044832,-0.031473,0.000763,0.000190,0.030620,-0.063606,0.068586,0.051667,0.089835,0.015612,0.099531,0.078898,0.099408,-0.101400,0.058659,-0.087665,0.010931,-0.065019,-0.027596,0.025435,0.027806,-0.038273,0.024269,-0.014779,0.011792,0.028024,0.038039,-0.028811,0.036724,-0.071519,-0.026727,0.090897,-0.075775,-0.009481,0.057172,-0.021793,0.077883,-0.007329,-0.022901,0.078096,0.032206,0.027758,-0.015044,0.019451,-0.114651,-0.008985,0.049950,-0.031809,0.028268,0.065365,0.003481,0.049296,0.069782,-0.072068,-0.019924,0.001202,0.025922,0.026294,-0.075686,0.013047,-0.185974,0.011102,0.061228,-0.005405,-0.040695,-0.066218,0.053500,-0.027885,-0.015179,0.027733,-0.110369,0.023700,-0.059876,0.041683,-0.021529,0.052892,-0.026317,0.050629,0.069021,-0.121601,-0.027125,-0.035528,-0.018037,-0.007297,0.038390,0.034599,-0.077280,0.020453,-0.036414,-0.030422,-0.076008,0.042541,-0.060080,0.009474,0.085121,0.011827,0.077309,0.053661,0.015411,0.011004,-0.095738,-0.040035,0.000620,0.000000,-0.058651,0.046284,0.011340,0.063509,0.098095,-0.075691,-0.019260,-0.063419,-0.108665,-0.009052,-0.044487,0.017959,-0.000753,0.064958,-0.039498,-0.045483,-0.068934,0.037303,0.028377,-0.010361,-0.067428,-0.083284,0.063509,0.034430,0.093989,-0.011340,0.007013,0.046597,0.013353,0.013031,0.070332,0.022328,0.038240,0.048935,-0.032101,0.015737,-0.016327,-0.068294,-0.039433,0.084379,-0.018345,-0.025882,-0.006507,0.067326,0.000082,-0.061733,0.039592,-0.014789,-0.003171,-0.030054,0.029474,0.009316,-0.071629,0.027886,0.050349,-0.101591,0.034375,-0.068470,0.067905,-0.069621,0.043561,-0.003107,-0.059555,-0.065520,0.014826,0.015627,-0.028645,0.029871,-0.011761,-0.108327,-0.052402,0.057058,-0.037372,0.017452,0.032211,0.050788,-0.022046,0.090599,0.038524,-0.036210,-0.033992,0.017754,0.046949,-0.032327,0.011564,0.014965,-0.008758,0.016086,-0.042491,0.075071,-0.080321,0.012502,-0.062056,-0.019561,0.017958,-0.000000,-0.049540,0.041769,-0.036622,0.027924,-0.011635,0.011581,0.029637,-0.027094,0.025541,-0.037672,-0.036524,-0.022842,0.075086,-0.023173,0.002116,0.085132,0.016469,-0.013324,0.034411,-0.074955,0.020022,0.106192,-0.082807,0.039897,-0.026666,0.028669,-0.073716,0.015283,0.028439,0.026329,-0.037662,-0.110260,-0.034595,0.071657,-0.004743,0.021421,0.007465,0.042277,0.096090,-0.061027,-0.003147,0.001825,-0.049658,0.014318,0.006196,-0.062073,0.006033,-0.103576,-0.004041,0.059293,0.036120,0.067939,-0.013186,-0.083156,0.009081,0.088994,-0.007313,0.007589,-0.008918,-0.013092,0.041249,0.006662,0.024872,-0.034318,0.087485,0.049566,-0.012972,-0.038661,-0.017627,-0.100619,0.086102,0.012223,-0.083595,-0.036761,-0.057853,-0.006750,-0.005538,0.012710,-0.003449,0.058973,-0.029397,-0.005846,0.024569,0.045854,0.075422,0.049105,0.031898,-0.068010,0.051259,-0.038328,-0.049087,0.055269,-0.022264,0.019147,0.083045,-0.000000,0.019575,0.021257,-0.062316,0.040428,0.068313,-0.052103,0.057397,-0.007558,-0.069375,-0.058984,-0.008879,0.003196,-0.135329,0.098986,0.053180,-0.032611,-0.031423,0.107636,-0.037432,0.021478,0.013080,0.030707,0.079870,0.047048,-0.063589,0.016045,0.031529,0.051723,0.048949,-0.016141,0.007624,-0.003995,-0.065366,0.047209,-0.027579,-0.008998,-0.101881,0.030192,0.014539,0.111589,-0.003918,-0.039414,0.033035,0.038427,-0.039987,0.030651,-0.033892,0.000002,-0.068959,0.037756,-0.007570,-0.032807,-0.014967,0.046536,-0.007857,-0.024602,0.045993,0.034832,0.014921,0.032701,-0.090387,-0.066669,-0.003197,0.035079
-0.034650,-0.028050,0.024197,0.011087,0.000923,0.016447,-0.017463,-0.031810,-0.064676,-0.034272,-0.013753,0.147070,0.026705,-0.064848,-0.012640,-0.016182,-0.017067,-0.010857,-0.047739,-0.067423,-0.100864,-0.003353,-0.044557,-0.006906,0.077310,0.035900,-0.000911,0.063853,-0.004559,-0.090239,-0.027420,0.014811,0.041759,0.020620,0.008034,-0.002794,-0.037074,-0.042139,0.078696,-0.055716,0.109577,-0.115127,-0.004533,-0.004839,-0.069297,0.028689,0.032343,0.002788,0.031180,0.054976,0.054479,0.030153,0.040697,0.059895,0.055045,0.037228,-0.034876,-0.014351,0.027846,0.057315,-0.004051,0.027813,-0.121840,0.036325,-0.024175,0.005921,0.010750,0.075766,-0.009788,0.015411,0.048863,-0.029032,-0.057770,0.080854,0.063549,0.110741,0.082353,-0.052874,0.078033,-0.055282,0.038862,-0.001296,0.056935,-0.053712,-0.077337,-0.007833,-0.000094,0.062894,0.068348,-0.044032,-0.015758,0.060559,0.027955,0.033744,0.013934,-0.004713,-0.118345,-0.043061,-0.107765,0.059750,0.001701,0.033068,0.004330,-0.100079,0.044859,-0.036118,0.001980,0.075142,0.018155,0.020229,0.057688,0.064273,-0.100800,0.054928,0.052746,-0.038531,-0.031793,0.011115,0.040320,-0.057938,-0.020162,0.060712,-0.094125,-0.022661,0.036697,0.045717,-0.066716,-0.000000,-0.150319,0.021288,0.019304,0.039552,0.048520,0.045727,-0.025850,-0.014671,-0.043099,-0.047793,0.017499,0.134535,-0.029725,-0.045246,0.065535,-0.121216,0.076009,0.029261,0.097700,-0.055404,-0.006049,-0.010219,-0.017004,0.040781,0.000533,-0.061107,0.005519,-0.033721,0.047988,0.007152,-0.016601,0.060490,0.017237,-0.003230,-0.044721,0.054101,-0.009555,-0.030614,-0.029056,-0.035402,-0.091703,0.019128,-0.074190,-0.005010,0.017946,0.018471,0.009887,-0.011942,-0.053801,0.023901,0.031665,0.052944,-0.064678,0.025375,0.039068,0.025737,0.011603,0.005152,0.020755,-0.006949,-0.003983,-0.027770,-0.014617,0.080438,0.073078,0.022031,-0.023850,0.024168,-0.072213,0.098680,-0.050177,-0.051764,0.002395,0.014869,-0.087647,0.003531,-0.052350,0.090990,0.002356,0.035612,0.008370,0.016275,-0.042247,-0.013946,0.084250,-0.014771,-0.002616,-0.053054,-0.009627,0.057468,0.033456,0.066992,0.024622,0.108245,-0.058656,0.000000,-0.082937,0.060537,-0.043160,0.041984,-0.063755,-0.029473,0.048299,0.059635,-0.091608,0.053623,0.067507,0.002895,0.000527,-0.026803,-0.052151,-0.089634,0.088613,0.006852,0.012452,-0.032024,-0.005864,0.020693,-0.054966,0.051568,0.019150,0.004048,-0.078739,0.083060,-0.027939,-0.018912,-0.040937,-0.093953,-0.032248,-0.020004,0.109530,0.031099,0.085651,0.052602,0.030101,-0.002934,0.035893,-0.028347,-0.076312,0.047280,-0.023893,0.031589,0.050631,-0.058801,-0.069833,0.036396,0.000095,0.004149,-0.039140,-0.060663,-0.088249,0.054141,0.094683,0.007953,0.007534,-0.007770,0.024443,-0.028458,-0.030905,0.006410,0.022624,0.021990,0.066195,-0.020621,-0.095102,0.044857,0.059722,0.021718,-0.025346,-0.020171,-0.035408,0.019711,0.021271,-0.007611,-0.081340,0.011368,0.002815,0.007672,-0.029046,0.014556,0.071105,0.004543,0.104834,0.001959,0.042239,0.032180,-0.054617,-0.112267,-0.046745,-0.014474,-0.002247,-0.000000,-0.119150,0.016048,-0.051687,0.042581,0.089535,-0.000551,0.051586,-0.010888,0.022027,0.055429,0.038345,-0.003314,-0.074458,0.078124,0.037674,-0.007432,-0.048749,-0.080626,-0.009836,0.007658,-0.050151,-0.006282,-0.003002,0.059272,0.009440,-0.000090,-0.041173,0.062672,-0.013907,0.071630,-0.018110,-0.019570,-0.056469,0.037353,-0.112855,-0.020376,-0.091771,0.025423,0.045472,-0.005773,-0.059319,0.018270,0.062439,0.069043,-0.052419,-0.018213,-0.087807,0.056108,0.040270,-0.069892,-0.031205,-0.012114,0.061475,0.002697,0.079514,-0.053908,0.024792,-0.027230,-0.054507,0.044782,-0.045930,-0.051245,-0.095480,-0.002531
-0.043959,-0.007838,-0.080502,0.022651,-0.040586,0.060591,-0.042872,0.029328,-0.067541,-0.078932,0.053939,0.039738,0.073764,0.039052,0.010719,-0.066963,-0.000985,-0.037626,0.067716,-0.006672,-0.047305,-0.030774,0.005457,-0.030371,-0.010233,0.002415,0.029167,0.021776,0.003880,-0.061311,-0.029015,0.097029,0.040005,0.015402,0.068820,-0.004418,0.039859,-0.095577,0.014228,-0.040521,0.023199,-0.020706,-0.058580,0.032935,-0.012241,-0.022882,-0.033441,0.085173,-0.002565,0.015481,-0.012260,-0.037736,-0.026015,-0.046760,0.016658,0.110842,-0.009844,0.007482,0.007825,-0.033846,0.051715,0.019905,-0.062860,0.036693,0.011893,0.015334,-0.064868,0.115068,-0.100397,-0.097531,0.036936,-0.070827,-0.024939,0.024610,-0.027599,0.043079,0.079230,0.022984,0.004397,-0.028786,-0.050095,0.039658,-0.061210,0.058192,-0.064321,0.001135,-0.032150,0.048861,0.038076,0.019950,0.045823,0.041604,-0.025729,-0.038199,-0.045326,0.032622,-0.033668,-0.066407,0.090793,0.013509,0.021371,-0.034120,0.062680,-0.097399,-0.052484,0.016791,0.010646,0.025941,0.077235,0.061137,-0.079395,0.035189,-0.052948,-0.062016,-0.069567,-0.015744,-0.056181,0.000639,0.056496,-0.177776,-0.043689,0.083195,-0.109951,-0.045908,-0.066547,-0.040033,-0.025682,0.000000,-0.098937,0.074406,-0.007993,0.112470,0.047406,0.122019,0.025902,-0.065204,-0.136484,-0.017616,-0.045348,0.028980,0.015360,0.115700,-0.007170,-0.035730,-0.055623,-0.009268,0.025695,-0.005988,-0.010870,0.002167,0.051184,0.041999,0.086444,-0.022849,-0.058757,-0.001516,-0.024123,0.013076,0.054134,0.040377,0.049910,-0.094625,-0.017967,0.006434,-0.020617,-0.111122,-0.089759,0.091994,-0.037882,0.042690,-0.016069,0.113852,-0.006848,0.028186,-0.006205,0.097765,0.115152,0.004154,-0.065205,-0.035324,-0.041767,-0.014354,0.003624,0.048759,-0.011097,-0.032856,-0.005586,-0.093322,0.011152,0.103156,-0.027453,0.031209,0.025521,0.086711,0.052087,0.020769,0.042566,-0.019718,-0.027087,0.015571,0.035503,-0.041192,-0.026914,0.072390,-0.045040,0.049830,0.128371,0.040813,-0.050713,-0.001697,0.008422,-0.015658,0.081331,0.025073,0.005868,0.010034,-0.027480,0.144148,0.029420,0.069785,-0.017791,0.034811,0.052433,-0.000000,-0.043905,0.002513,0.066073,-0.015646,0.057440,-0.065067,0.017951,-0.033628,0.003382,0.005937,0.016246,0.003359,0.039263,0.010124,-0.076296,0.026963,0.015705,0.041569,0.041695,-0.044222,0.012918,-0.030433,0.055469,0.010824,0.026573,0.010102,0.032859,0.020554,-0.042680,0.002609,0.022736,-0.041770,-0.089248,0.040982,0.012602,0.012672,0.003237,0.073256,0.076754,-0.135318,0.014707,-0.019521,-0.069476,0.047764,-0.058255,-0.040107,0.003447,-0.089322,-0.016815,0.020124,-0.019768,0.021251,-0.009887,-0.027318,-0.000527,-0.005297,0.077735,0.013979,-0.067223,0.038893,0.076060,0.094147,0.003014,0.009107,0.068321,-0.002080,0.068868,0.033484,-0.003247,-0.046307,0.006373,0.065987,-0.068418,-0.028053,-0.082510,0.016066,-0.046001,-0.010925,-0.033588,0.046815,0.067541,0.018570,0.022833,0.054640,-0.005053,0.049571,-0.035943,-0.070712,0.055954,0.062854,-0.050437,0.008996,-0.015365,-0.017473,-0.008267,-0.000000,-0.085548,-0.001415,0.021643,-0.031866,0.029692,-0.030659,0.005481,-0.035612,-0.018474,0.007836,-0.040175,-0.124188,-0.045607,0.026496,0.047837,-0.078818,0.046539,0.057771,-0.033162,-0.083905,-0.038266,0.041443,0.046917,-0.004471,-0.022882,-0.030677,0.014901,0.021920,0.068046,-0.108630,-0.013699,0.023796,-0.061798,0.053644,-0.007520,-0.088582,0.005058,-0.006956,-0.008295,-0.009370,-0.051935,0.102769,-0.027406,0.023221,0.030365,-0.018601,-0.013030,-0.039597,0.012386,0.022907,0.009180,-0.017584,0.011385,0.013533,-0.037715,-0.059609,-0.032987,0.037772,0.013749,0.060656,-0.089294,-0.122438,0.044077,-0.008094
0.059742,-0.077824,-0.008648,-0.003365,0.127402,-0.019983,0.005644,-0.079759,0.005482,0.048064,0.007436,0.008170,-0.100639,0.027959,-0.039431,0.037180,-0.020663,0.009044,-0.030967,0.029035,-0.023291,-0.003043,-0.030951,-0.044352,0.094200,0.016758,0.012817,0.031695,0.043241,-0.038930,0.027209,0.082056,0.018644,-0.036453,0.014304,0.132232,-0.003279,-0.019768,0.062077,-0.011676,0.018367,-0.076895,0.006864,0.000113,-0.031252,0.038520,0.031246,0.016324,0.058317,-0.023151,0.018986,-0.019917,-0.040262,-0.111550,-0.056807,0.051878,0.034577,-0.012675,0.039407,-0.037692,0.021220,0.019515,0.045846,0.025912,0.048325,-0.063580,-0.030540,0.041227,-0.049832,-0.008285,0.038833,-0.060851,-0.075539,0.005302,-0.001273,0.012646,0.086367,0.062862,0.115187,-0.091478,0.039532,-0.021310,-0.031557,-0.044112,-0.085741,0.014652,-0.007333,0.064542,0.074151,-0.042887,0.059168,-0.025379,0.076988,0.057313,-0.067512,0.019539,-0.057735,-0.053962,-0.050437,0.059776,-0.010456,0.078029,0.003017,-0.040378,-0.037396,-0.017760,-0.010563,0.045453,-0.011737,0.067327,0.006873,0.053307,-0.059651,0.079732,0.002174,-0.034061,-0.086736,-0.080006,0.042343,0.016416,0.018874,0.079638,-0.072562,-0.056711,0.016479,-0.023905,-0.049956,-0.000000,0.010619,0.114829,0.007139,0.059020,-0.068479,-0.009890,0.022922,-0.009131,-0.057768,-0.008463,0.073027,0.028480,0.022753,0.074291,0.039781,-0.149503,-0.023103,0.012969,0.099464,-0.020837,0.009897,-0.048261,-0.041453,-0.012080,0.092658,-0.082428,0.000853,0.015036,-0.021437,0.014607,0.007940,0.071128,-0.063917,-0.025658,-0.078655,0.008472,-0.014288,-0.054857,0.005396,0.061440,-0.052194,0.006413,-0.007257,-0.007459,0.034462,0.056384,0.134058,0.021365,-0.074106,0.039185,0.007813,0.019002,-0.067294,-0.001659,-0.021410,-0.029544,-0.002685,-0.071697,-0.036360,-0.061550,-0.019943,-0.039724,-0.071324,0.028120,-0.035025,0.032841,0.047437,0.123321,0.025312,0.029013,0.041959,-0.037069,0.043744,-0.012597,0.028571,-0.065123,-0.048066,0.056269,-0.035175,0.011441,0.017485,0.045746,-0.074363,0.015647,0.146796,0.026343,0.056461,-0.082844,0.023824,-0.029063,-0.053752,0.026983,-0.050333,-0.018785,0.006518,0.000000,-0.039540,-0.027536,0.029220,0.049619,0.020606,-0.088420,0.044857,0.017157,-0.002712,0.003872,-0.109023,-0.019444,0.019074,0.002968,-0.115006,-0.076188,0.025657,-0.052119,0.042644,-0.040925,-0.021481,0.037354,-0.017906,0.075885,0.008294,-0.002089,-0.088733,-0.002698,-0.001687,0.007948,-0.095489,-0.009832,-0.068503,-0.051613,-0.078220,0.024040,-0.014691,-0.073685,-0.015613,0.054563,-0.000039,-0.030966,0.041964,-0.044779,-0.048642,-0.024231,0.004660,0.064395,0.032289,0.009402,0.050833,0.119491,-0.048224,-0.043837,-0.015294,0.040511,0.126178,0.009290,-0.032205,0.023616,0.026820,0.113992,-0.004543,0.028861,0.047137,-0.019426,0.021320,-0.043074,0.003193,-0.020154,-0.043347,-0.052260,-0.053824,-0.007859,-0.041819,-0.042655,0.096226,0.004035,0.078186,-0.007715,0.028468,-0.034755,0.048762,-0.030396,0.000677,-0.009605,-0.066339,-0.144511,0.007416,0.041394,-0.122948,-0.014291,0.019274,0.008663,-0.020489,-0.000000,-0.016909,0.098298,0.001265,0.005425,0.011895,0.018243,0.002825,0.089696,0.074743,-0.021130,0.002995,0.059803,-0.003051,0.101228,-0.013563,0.002124,0.019174,-0.037255,-0.039611,-0.036996,0.010766,0.103881,0.003328,-0.039085,-0.009725,-0.003713,0.015787,0.060728,0.033722,-0.036846,-0.057873,0.064178,-0.005581,0.026427,0.039564,0.012290,-0.049224,0.048565,0.005449,0.027405,-0.023832,0.043720,-0.009976,0.001112,-0.095984,-0.066497,-0.104817,0.035338,0.043778,-0.130253,-0.002456,-0.103644,-0.004300,0.048766,0.110024,0.029162,-0.062139,-0.024513,-0.005647,0.040820,-0.032729,-0.107775,0.012411,-0.015191
-0.002186,-0.063325,-0.014194,-0.020486,0.025863,-0.043320,0.126860,0.073055,-0.011677,-0.035749,-0.015390,0.097055,-0.019303,0.025557,0.052919,0.029218,-0.029442,-0.044184,-0.051543,-0.009475,-0.108759,-0.066456,-0.052165,0.000507,-0.012611,0.069645,0.018540,0.039067,0.015055,-0.091237,0.029043,0.139675,-0.001754,-0.037216,0.105871,0.066466,-0.092900,-0.017816,0.024838,-0.076566,0.019425,-0.034552,-0.088765,-0.047914,0.022195,-0.005475,0.016145,-0.037409,0.053082,0.061988,0.029048,0.009656,0.036796,0.009665,0.007925,-0.024499,-0.000120,0.004213,-0.023595,-0.014840,0.086950,0.010463,-0.017645,0.023001,-0.040730,0.028390,0.042001,0.045413,-0.023242,-0.139020,0.046844,-0.101749,-0.076747,0.053447,0.065657,0.067543,0.064052,-0.011818,0.078142,-0.055318,-0.012948,0.018616,0.029079,0.005411,-0.041493,0.018296,0.043890,0.033659,0.050093,-0.014798,-0.050199,-0.002281,0.052094,-0.085393,0.038820,0.077373,-0.106668,0.021397,0.052472,0.021034,-0.009124,0.068735,-0.094250,-0.062200,-0.089627,-0.063633,0.039910,0.084968,0.054734,0.022163,-0.084206,0.002350,0.087855,0.001659,0.016634,0.022500,0.017806,-0.029456,0.103558,-0.057560,0.009600,0.131095,-0.055566,-0.018384,-0.044998,0.048632,0.036711,-0.000000,-0.040779,0.070526,0.043235,0.023686,-0.013165,0.065986,-0.009491,-0.063621,-0.035397,-0.018118,-0.020027,0.126422,-0.053726,-0.069473,0.070197,-0.044827,-0.046626,0.050407,0.059227,-0.064986,-0.055470,-0.071336,-0.090828,0.103433,-0.005690,0.054902,-0.041754,0.076646,0.029895,-0.027361,0.125857,0.043914,-0.050873,0.032255,-0.056337,0.010368,-0.022759,0.018620,-0.009326,0.010528,-0.023599,0.083826,0.000608,0.035282,-0.045346,0.013197,0.011743,0.011388,0.071833,-0.102027,-0.026257,0.029552,0.052257,-0.034553,0.028121,0.040420,0.022850,-0.097602,-0.021864,0.006800,-0.011406,0.083698,-0.049219,-0.014676,-0.014720,-0.016154,0.066925,0.061277,-0.053844,0.006633,-0.045648,0.013922,-0.023550,-0.032978,0.007123,-0.008126,-0.030646,0.018958,0.022773,0.058108,0.011493,-0.004214,0.006887,0.021813,0.011153,-0.054459,0.040401,-0.069470,0.009029,0.073944,-0.064082,0.037395,-0.022252,0.099867,-0.050180,-0.000000,-0.065361,0.019910,0.007509,-0.004568,0.023236,0.006250,0.043743,-0.011141,0.005017,0.056385,0.058721,0.006250,0.036043,0.018453,-0.118407,-0.018855,0.076920,0.026547,-0.004042,-0.077533,0.009267,0.040924,-0.049202,0.041330,-0.023316,0.064719,-0.043452,-0.050817,0.021110,-0.003700,-0.050283,0.042847,-0.013010,0.067630,-0.051914,-0.012182,-0.004473,-0.067261,-0.035904,-0.093343,-0.049849,-0.012322,-0.050557,0.090211,-0.035460,-0.043549,0.017553,-0.032923,0.038134,-0.011804,-0.052378,0.082847,-0.014783,-0.076728,-0.051098,0.034166,0.089678,-0.028840,-0.058147,0.002750,0.057647,0.046327,0.038445,-0.077831,-0.018529,0.048803,0.040996,-0.011096,0.034597,-0.144937,0.024748,0.013140,-0.006672,-0.050836,-0.027941,-0.026165,-0.000617,-0.116060,-0.028529,-0.067803,0.035856,0.014892,-0.064343,-0.004694,0.000474,-0.039551,-0.069679,-0.027206,0.024306,0.046179,-0.094203,0.001344,-0.015332,0.082156,-0.012361,-0.000000,-0.053240,-0.014070,0.039672,0.047239,-0.005574,-0.033433,0.010914,0.104164,0.001279,-0.004686,-0.074703,0.024766,-0.074798,0.067382,0.092096,-0.028077,0.003064,0.019407,-0.026326,-0.047140,-0.040975,0.058756,-0.017556,-0.062293,-0.024787,-0.003839,0.004744,-0.052058,0.052784,0.019265,0.015675,0.032234,0.040212,0.012612,-0.075281,-0.073191,-0.027676,0.033170,-0.035429,-0.030341,-0.046685,0.078658,-0.058327,0.070534,-0.051145,0.021470,-0.080190,0.028379,0.056781,-0.020072,0.029248,-0.077740,0.064904,-0.016722,-0.005633,0.030632,-0.004924,-0.030342,-0.002284,-0.060639,-0.068458,-0.074719,0.077971,0.039182
0.040284,-0.000878,0.021606,0.014702,-0.064956,-0.006490,0.104585,-0.008987,0.000867,-0.081922,0.006250,-0.005427,-0.033471,-0.031807,0.014599,-0.036512,-0.033301,-0.068044,-0.035107,0.105755,-0.003452,0.010949,-0.022871,0.048869,0.064041,-0.057264,0.010795,-0.027746,-0.039598,-0.067217,0.063347,0.030457,0.033290,0.001739,0.077618,0.017896,0.003277,-0.066279,-0.025815,-0.059327,0.068015,-0.101845,-0.051973,0.028258,-0.031775,-0.017501,0.002932,0.043785,0.030217,0.140243,-0.047480,-0.041642,0.007502,-0.036471,0.023480,0.029894,-0.024299,-0.039976,0.039544,-0.020926,0.076896,0.012498,-0.017989,0.017646,0.020901,-0.037420,0.048911,-0.024227,-0.114221,-0.038621,0.063342,-0.103087,-0.049165,0.028312,-0.016314,0.012935,0.040045,0.009562,0.007144,-0.054602,-0.007658,0.060731,-0.022448,-0.040032,-0.071399,0.020119,0.000736,0.077436,0.079769,-0.010386,-0.001045,-0.083796,0.034623,-0.036244,-0.008363,0.027859,-0.045413,-0.009943,0.078855,0.050570,-0.001551,0.090737,-0.025746,-0.060113,-0.057167,0.012542,0.023655,0.046513,0.045946,-0.001293,-0.018397,-0.017835,0.017630,0.000582,-0.001553,0.051679,-0.020397,-0.059244,0.143464,-0.134772,-0.001071,0.030160,-0.068414,-0.062754,0.007662,-0.047538,-0.041983,-0.000000,-0.043464,0.041535,0.008370,0.005143,0.000777,0.010678,0.046543,0.002338,-0.101065,0.000536,-0.026248,-0.035401,-0.029387,-0.010240,-0.076347,0.019655,0.017066,-0.004521,0.080910,-0.025717,0.073991,-0.010188,0.004394,0.103982,-0.104002,0.047196,-0.056099,0.070073,0.080650,-0.011789,0.012500,0.036751,0.081705,0.001569,-0.066177,0.038772,-0.017783,-0.029730,0.046369,0.049026,-0.066003,0.051803,-0.002461,-0.039515,-0.087448,0.081365,0.008676,0.023468,0.042796,-0.055252,0.004969,0.002768,-0.089425,0.071138,-0.008628,-0.003835,0.014269,-0.049879,-0.026037,-0.005173,0.060091,-0.054471,0.010556,0.033277,-0.047122,-0.022588,0.063355,0.071497,-0.037719,-0.091794,-0.014420,0.036645,-0.034194,-0.012993,0.041040,-0.020462,0.002165,0.049528,0.125309,0.065473,0.024225,0.023196,-0.000540,0.012362,0.067529,0.042878,0.048966,-0.023574,-0.087765,0.000483,-0.021448,0.019050,0.037811,0.030896,-0.031827,-0.000000,-0.031665,0.005754,0.031495,-0.020393,-0.049931,0.082757,0.023670,0.022784,-0.039800,0.084448,0.042960,-0.023043,0.018704,-0.034617,-0.031805,-0.092451,0.137685,-0.067580,0.018619,-0.022137,-0.005023,0.098107,-0.013036,0.054864,-0.081815,-0.000482,-0.003080,0.035626,-0.052981,0.074077,-0.055731,-0.071967,-0.085883,-0.039311,0.034422,-0.031273,0.060692,-0.058876,0.008124,-0.007483,0.016834,-0.076052,-0.015098,0.087727,0.019203,-0.028262,-0.030529,-0.065532,0.030685,0.049582,0.081473,0.093683,-0.061511,-0.053295,-0.082974,0.080411,0.068513,-0.012865,-0.022266,-0.000011,-0.026252,0.060465,-0.016772,0.000242,0.006070,0.065544,0.006078,-0.029619,0.054230,-0.065994,-0.008655,-0.081108,-0.072040,-0.034363,-0.015921,-0.035183,0.027900,-0.067906,0.083469,-0.045815,0.075773,-0.047703,0.061476,0.006844,0.087170,-0.103333,-0.025125,-0.049078,0.036470,0.070489,-0.109458,0.012284,0.021000,-0.010611,0.030679,-0.000000,-0.028207,-0.026481,0.005341,0.022939,-0.013294,-0.040465,0.020217,0.082174,-0.045002,0.068757,-0.023192,0.065478,-0.094884,0.008799,-0.074782,-0.030160,0.057374,0.012675,-0.046148,0.020518,-0.049282,0.054853,0.001319,-0.077027,-0.009990,-0.074125,-0.029153,0.125045,0.001103,-0.018817,0.034613,0.032384,-0.027087,0.054148,-0.073860,-0.085679,0.023876,0.025307,0.051652,0.006242,-0.044531,-0.016732,-0.013235,0.015780,-0.146366,-0.016540,-0.121393,-0.016886,0.030722,-0.042797,0.015243,-0.018098,0.039093,-0.010278,-0.006796,-0.042872,-0.015288,0.040726,0.024137,0.098268,0.053649,-0.151895,0.044691,-0.001777
-0.100133,0.021473,-0.030552,-0.011099,0.059426,-0.007234,0.112340,0.044250,-0.031265,-0.030283,0.056595,0.030928,-0.028984,0.051983,0.065643,-0.009017,0.043187,-0.052993,-0.014078,0.035841,-0.045232,-0.028450,0.083816,0.025749,0.016071,0.009797,-0.026368,-0.041114,0.006705,-0.041063,0.060360,0.104764,0.065400,0.013746,0.088644,0.058038,-0.044267,-0.036230,0.043531,0.002091,-0.042724,-0.097867,-0.067070,0.004316,-0.022160,-0.090926,-0.041959,0.051133,-0.003422,0.061233,0.016129,-0.021158,-0.043363,-0.091514,0.060943,-0.015816,0.004869,-0.072349,-0.034261,-0.013794,-0.004143,-0.013623,-0.050223,0.011724,0.023590,0.029590,-0.020488,0.033531,-0.104779,-0.097133,0.032980,-0.024406,0.078380,0.015286,0.011054,-0.031723,0.084090,-0.016861,0.025042,0.009743,0.049450,0.032308,-0.024269,-0.008384,-0.057408,-0.029949,-0.025405,-0.016344,-0.006027,-0.050853,0.004653,-0.049989,-0.011263,0.038007,-0.081781,0.013941,-0.055643,0.008126,0.059387,-0.001517,0.066914,0.015698,0.021073,-0.097347,0.025678,-0.060612,-0.096799,-0.053238,0.049174,0.010199,-0.122935,0.028933,-0.061143,-0.022203,-0.040248,0.032417,-0.096170,-0.003042,0.137184,-0.100764,0.008158,0.054923,-0.016842,-0.098093,-0.082743,0.015253,-0.021304,-0.000000,-0.103220,0.052053,-0.013203,0.058296,0.013034,0.018620,-0.014243,-0.036665,-0.065037,-0.019279,-0.059040,0.036497,-0.003172,0.187490,-0.069742,0.007079,-0.031685,0.058936,0.075124,0.072171,-0.060710,-0.071515,0.043232,0.051802,0.076137,0.031637,0.017287,0.022974,0.070990,0.010246,0.023497,0.032006,0.012920,-0.035642,-0.051591,0.091062,-0.050598,-0.080988,0.002174,0.031514,-0.015816,0.062005,-0.019606,0.051560,0.022432,0.059693,-0.017161,0.000997,0.042188,-0.052066,-0.034921,0.000775,-0.074203,0.030741,-0.011909,-0.117134,0.011759,-0.116841,0.015814,-0.037419,-0.025989,-0.025609,-0.025060,0.036836,-0.024637,0.112815,0.053400,0.009620,-0.045191,-0.005964,0.008665,0.019800,0.063628,-0.040520,0.003611,0.012963,0.016227,0.050557,0.111452,0.000849,-0.063430,0.021333,0.075944,-0.004804,0.029578,0.047665,0.020114,-0.060130,-0.008697,0.089786,-0.065533,0.018586,-0.045164,0.010719,0.018354,-0.000000,-0.020375,0.069744,-0.058847,0.024125,-0.029805,0.014070,0.001233,-0.004120,0.060566,0.020979,-0.020476,0.013103,0.030385,0.049214,0.014028,-0.017148,-0.012462,-0.021458,0.050278,-0.027802,0.029630,-0.004402,0.008472,0.055626,0.050113,-0.008394,-0.053234,-0.066158,0.035905,0.013615,-0.014540,-0.066311,-0.008373,0.057347,0.057263,-0.000757,0.051714,-0.000608,0.037135,0.012646,-0.019737,-0.035966,-0.001621,0.038339,-0.102268,-0.058641,-0.003445,-0.009219,0.094376,0.031613,-0.024688,-0.014967,-0.030720,-0.058843,-0.143057,0.113674,-0.068197,0.004364,-0.012438,0.014904,0.043963,0.049367,0.026891,-0.015173,0.029714,0.020859,0.067425,-0.037054,-0.070846,-0.007832,0.073810,0.012795,-0.026328,-0.049900,-0.024719,0.071178,-0.067615,-0.040515,-0.001673,0.022017,0.033133,-0.045490,0.040656,0.039617,0.020099,-0.053875,0.013103,-0.063840,-0.055184,-0.024208,-0.070836,0.031483,-0.059755,0.000925,0.005797,-0.000000,-0.026215,-0.044938,-0.029901,-0.078423,0.032239,-0.001027,0.038812,0.015449,-0.007445,0.019582,0.017550,0.014836,-0.133480,-0.001044,-0.011548,-0.015428,-0.040802,0.033067,-0.042351,-0.040481,-0.015352,0.060572,0.087322,-0.072477,-0.059208,0.025116,0.110799,0.104205,0.072676,-0.015122,0.001138,0.018267,-0.008439,0.031940,0.026627,-0.102111,0.032393,0.033566,0.048852,0.093009,-0.075042,-0.083825,-0.091613,0.009377,0.010372,0.010038,-0.085419,0.016367,-0.013907,0.067821,-0.031528,0.005874,0.033093,0.047690,0.035489,0.017985,-0.046004,0.025845,0.102988,0.059280,-0.053006,-0.151043,0.069153,0.057826
-0.047293,0.005877,-0.050846,0.023841,0.112025,0.056229,0.021613,0.008549,-0.027088,0.026646,0.001165,0.122730,-0.061095,0.039334,0.035331,0.002812,0.048612,0.048469,-0.039265,0.040185,-0.053995,0.003456,0.020034,-0.000819,-0.045276,0.029347,-0.078212,-0.048506,0.022720,-0.039475,0.035753,0.018776,0.051218,0.049383,0.078397,0.081150,-0.024386,-0.051983,0.054630,-0.006284,0.037234,-0.066435,-0.054840,-0.003776,0.059289,-0.084534,-0.047883,0.051670,-0.001685,-0.004751,-0.066874,-0.059121,-0.042785,-0.137877,-0.038328,0.030321,-0.091477,-0.034209,-0.017362,-0.058984,0.009925,0.029440,0.007561,0.044609,0.037465,0.005377,-0.041601,0.089395,-0.056021,-0.069345,0.052849,-0.021871,0.033575,-0.030297,0.009509,-0.037732,0.054127,-0.021729,0.016394,-0.044546,0.068664,0.011345,0.018595,0.010527,-0.075477,-0.049951,0.033975,-0.017922,-0.014852,-0.010008,0.043163,-0.063530,0.040305,0.054904,-0.138653,-0.013255,-0.081119,-0.021798,-0.039086,0.024968,0.017870,0.008476,0.049475,-0.077868,-0.033526,-0.077799,-0.068672,0.004060,-0.021067,0.053879,-0.007437,0.106485,-0.101199,-0.048701,-0.007482,-0.075409,-0.035279,-0.026258,0.078374,-0.017695,-0.012154,0.101091,-0.016643,-0.109126,-0.078366,0.018938,-0.005286,-0.000000,-0.025737,0.134675,0.021856,0.124101,-0.001170,0.011906,0.005923,-0.038716,-0.052422,-0.019232,0.008252,0.105669,0.042491,0.109754,-0.022652,-0.070920,-0.077167,0.069742,0.077628,-0.024099,-0.050937,-0.094681,-0.006555,-0.047504,0.056142,0.006842,0.008111,0.030245,-0.103414,0.049375,0.070709,0.033587,-0.049585,0.010912,-0.088428,0.074640,-0.054279,-0.091204,0.035609,0.040731,-0.125225,0.033919,0.001419,0.031467,0.021452,0.077152,0.046897,-0.010586,0.021253,-0.043805,0.038716,-0.029093,-0.031973,0.009113,0.031084,-0.000857,0.032857,-0.080655,0.059865,-0.077686,0.088815,-0.031398,-0.081466,-0.004003,-0.004188,0.108658,0.000540,0.024896,-0.011658,0.021695,0.044839,-0.020385,0.055081,-0.045350,-0.009457,0.046867,-0.008550,0.012527,0.028246,0.053906,0.027590,0.007291,0.058955,-0.059068,-0.034396,0.041318,0.079822,0.035247,-0.017796,0.029115,-0.027002,0.051404,0.021792,0.049899,0.011880,0.000000,-0.050200,-0.012864,-0.055587,-0.012629,-0.004251,-0.028829,-0.033005,-0.021507,-0.027983,0.062374,0.004099,-0.056015,-0.033339,0.054700,-0.052817,-0.007156,-0.023215,-0.014598,-0.022758,-0.041925,0.012541,-0.020523,-0.015025,0.099289,0.103569,-0.004865,-0.049772,-0.043774,0.088681,-0.033570,-0.059137,-0.048876,-0.022358,0.090754,-0.011734,0.078622,-0.025087,-0.029015,0.087037,0.007548,-0.028949,0.001713,-0.012417,0.036264,-0.046535,-0.023726,0.077065,0.008113,0.048699,-0.008591,-0.015940,0.023762,0.003838,-0.037183,-0.109541,0.142311,-0.036468,-0.039619,-0.021115,0.015476,-0.005600,0.126601,-0.015936,0.001691,0.050042,-0.061165,0.004760,-0.037911,-0.069681,-0.027240,0.012883,0.011014,0.007389,-0.076816,-0.049266,0.037012,0.020984,-0.046149,0.018065,0.018072,0.026629,-0.013387,0.041834,0.049033,0.038550,0.031174,-0.004475,-0.093820,-0.023433,-0.009952,-0.043453,0.003257,0.019029,0.056905,-0.024783,-0.000000,-0.060350,-0.033715,-0.039822,-0.007960,0.001773,-0.022899,0.055447,-0.020392,0.003201,0.051687,-0.022263,-0.024490,-0.187789,0.082905,0.020682,-0.012555,0.016941,0.033535,-0.000536,-0.055441,0.081562,0.064892,0.091782,-0.038222,0.015507,0.063425,0.030320,-0.009047,0.095526,-0.025749,-0.042013,0.061529,-0.034562,0.033992,-0.025099,-0.015273,0.084909,0.021470,-0.032919,0.079607,-0.033557,-0.048400,0.002928,0.043106,0.012187,0.043850,-0.072459,0.009159,-0.046112,-0.024287,0.008468,-0.081829,0.078723,0.012743,-0.006451,0.049788,-0.014210,0.001236,0.051902,0.021918,-0.048508,-0.065878,0.060568,0.085456
0.066047,-0.041708,-0.007725,-0.045295,-0.016118,0.030885,-0.039054,0.004231,-0.056002,-0.030970,-0.100318,0.070334,-0.076890,-0.047562,0.036733,0.003365,0.063198,-0.023612,0.025635,-0.029639,-0.075357,-0.056034,0.037342,0.069397,-0.036756,-0.003067,-0.006707,0.059692,0.044716,-0.123014,-0.069056,-0.023780,0.143614,0.032891,-0.025929,0.080647,0.003372,-0.005864,0.059032,-0.082426,0.034700,-0.045784,0.033075,0.024500,0.005875,-0.047238,0.025463,-0.008208,-0.017285,0.050985,0.016873,-0.026708,0.013463,-0.114809,-0.068251,0.073801,0.001447,-0.056077,0.070349,-0.072364,0.064526,-0.002505,-0.003313,-0.013671,0.078024,-0.035500,-0.067550,0.071781,-0.014915,-0.073183,0.043922,-0.070258,-0.100827,-0.004505,-0.030695,0.044225,0.064314,0.020793,0.058030,-0.038033,0.150853,-0.019931,0.017650,-0.058345,0.011370,-0.062985,-0.047690,-0.044206,0.032631,-0.035041,0.033278,-0.043311,-0.044039,0.042410,0.035273,0.093461,-0.071636,-0.001273,-0.048452,0.011516,0.032877,0.067086,-0.028876,-0.054290,-0.018497,-0.037872,-0.002204,0.050043,-0.031240,-0.090801,-0.045745,0.089457,-0.005503,0.037422,0.022452,-0.066071,-0.079319,0.048943,0.045743,-0.064326,0.089038,0.134893,0.019744,-0.045436,-0.027571,-0.116974,-0.052216,-0.000000,-0.022753,0.097071,-0.024694,0.038606,0.035835,0.001694,-0.022542,-0.047176,-0.052963,0.013237,0.027012,0.079045,0.078308,0.000821,-0.021584,-0.075259,-0.002236,0.079363,0.007366,-0.050070,0.011097,0.021430,0.005341,0.004501,-0.014801,-0.070967,-0.002394,0.070288,0.004236,0.031206,-0.029791,0.024629,-0.060377,-0.010591,-0.011894,0.061489,-0.112390,-0.064327,0.025113,-0.047494,-0.023187,-0.006779,-0.074060,0.030038,-0.031642,-0.009602,0.003666,-0.009139,-0.017577,-0.018613,-0.027097,0.007657,0.001078,-0.004957,0.058382,-0.068306,0.054477,-0.020431,-0.037145,-0.003442,-0.006601,0.012843,-0.105139,0.035653,-0.111414,0.074035,0.034371,0.066968,-0.057297,0.083615,0.061480,-0.080970,0.042191,-0.003397,-0.041678,-0.014943,-0.032441,-0.006853,-0.014709,0.081595,-0.019557,0.026768,0.022339,-0.004008,0.055595,0.057543,0.073559,-0.062580,0.067067,0.054745,-0.093078,-0.023791,0.057698,0.088385,-0.039031,0.000000,-0.052470,0.040096,0.080737,0.038070,-0.074298,-0.016640,0.091697,-0.017708,-0.019038,0.039564,0.043176,0.045384,-0.061962,0.001227,0.021387,-0.036078,0.072479,-0.038873,0.021570,-0.090338,0.084660,0.052119,-0.045439,0.105778,0.027733,0.048763,-0.006803,-0.013294,-0.061848,-0.025777,-0.059401,-0.039761,0.003843,0.022398,-0.008053,0.052794,-0.019607,-0.002743,0.027732,0.024378,0.021596,0.010545,-0.060643,0.031321,-0.021635,0.063690,0.075296,0.012652,0.008106,0.086116,0.021720,0.067892,-0.028822,-0.002618,-0.080210,0.044215,-0.022828,0.023681,0.017068,0.040699,-0.041388,0.071721,0.035110,0.011173,0.023647,-0.040407,-0.011934,-0.012826,-0.040276,-0.010142,0.012617,0.025954,-0.022709,0.073972,-0.055658,0.131777,0.007816,-0.078266,-0.082687,-0.011144,0.020945,-0.022358,0.011010,-0.018184,0.051826,-0.044802,-0.056092,-0.010384,0.011576,-0.003677,-0.010745,-0.124089,-0.019530,-0.024897,0.036428,-0.000000,-0.044819,-0.042714,0.018788,-0.015767,-0.062084,0.072416,0.022722,-0.034007,-0.001844,0.029570,0.025441,-0.015396,-0.107272,0.006587,-0.001499,-0.025536,-0.050047,0.025355,-0.032748,-0.046569,0.071291,0.082839,0.075338,0.021082,0.008415,-0.021879,-0.050465,0.008203,-0.027502,-0.035295,0.097004,0.006605,0.107349,0.018329,0.011310,0.009823,-0.014555,0.035285,-0.034563,0.017715,-0.034375,-0.013795,-0.020419,0.067978,-0.095841,-0.070128,-0.083204,0.113467,-0.010910,-0.114741,0.045981,0.003525,0.064566,0.022858,0.064007,0.056145,-0.041812,0.040152,-0.042776,-0.017972,0.044233,-0.069678,0.032288,-0.024230
-0.064530,0.056501,-0.092839,0.003622,0.048537,0.042040,-0.012942,-0.044755,-0.061750,0.013531,-0.027522,0.030420,-0.010811,-0.074284,-0.028066,0.025396,0.046462,-0.087067,-0.065343,-0.011696,-0.059400,-0.068733,-0.055397,0.008380,0.049553,0.000151,0.001769,0.077603,0.045056,-0.087529,0.011888,-0.026426,0.089950,-0.016859,0.025609,0.108246,0.068703,-0.073613,-0.017661,-0.075935,0.071762,-0.082429,-0.034748,0.021774,0.019261,0.005048,-0.004508,-0.022209,-0.061922,-0.052896,-0.013601,0.020915,0.023460,-0.002937,0.010497,0.019814,-0.070994,-0.053182,-0.011339,-0.059937,-0.049493,0.003033,-0.083083,0.040247,0.054237,-0.048338,-0.011205,0.021781,0.046017,0.046912,-0.075225,-0.062029,0.008941,-0.030657,-0.059867,0.027556,-0.025974,0.041403,0.017588,-0.096465,0.037392,-0.045559,-0.020997,-0.068879,-0.047963,-0.016369,-0.033718,0.001032,-0.022265,-0.017888,0.073967,0.052096,0.088733,0.021252,0.061359,0.044018,0.001161,-0.009250,0.020670,0.094821,0.054324,0.126361,-0.068241,-0.024559,-0.102830,-0.049059,-0.010149,0.054156,-0.031759,-0.032714,0.007341,0.105023,-0.036721,-0.009958,-0.031850,0.052103,-0.033114,0.012844,0.089608,0.039374,-0.016752,-0.014738,-0.082032,0.035295,-0.063801,0.072086,-0.017714,-0.000000,-0.033947,-0.023421,-0.035461,-0.051854,-0.033095,0.017895,-0.044981,-0.095274,-0.006069,-0.051407,0.051353,0.021623,0.010453,-0.003162,-0.039590,-0.135793,-0.028451,0.135455,-0.018472,0.036725,0.013318,-0.031440,-0.020041,-0.035037,0.039569,0.017581,-0.028784,-0.057520,0.027684,0.037769,0.005110,0.019032,-0.081684,0.037626,-0.052545,0.095038,-0.104912,-0.019851,0.019544,-0.025556,-0.050207,-0.027124,-0.061399,-0.100309,-0.080878,0.002217,-0.049796,0.022053,0.077179,-0.051477,0.067376,0.060702,-0.048150,-0.054955,0.020957,0.006249,0.113621,-0.021280,-0.016595,0.019652,0.012162,0.024832,-0.044734,-0.077451,-0.078988,0.034629,-0.004866,0.012712,-0.025669,0.045544,-0.076181,0.046532,0.087452,0.014837,-0.007391,0.054645,-0.055001,0.018132,0.068401,0.051031,0.041253,0.051285,-0.046218,-0.110220,0.001808,-0.021448,0.009894,-0.008253,-0.038233,-0.044304,-0.011055,0.050002,-0.006246,-0.007260,-0.003182,-0.000000,0.005771,0.065185,-0.017246,0.073610,-0.001173,0.073773,0.056176,0.087539,0.066549,0.145554,0.062827,0.020622,-0.046784,-0.038234,0.023836,-0.045790,0.023271,0.010207,0.060680,-0.050662,0.072147,0.042430,-0.017046,0.057685,-0.058307,0.032008,0.021927,0.001429,-0.046325,-0.079853,0.101038,-0.064576,-0.116194,0.032390,0.050786,-0.045361,-0.001337,0.000596,0.026019,0.049961,0.077302,0.043632,-0.033465,0.076520,-0.024453,-0.038558,-0.053171,-0.016013,0.047940,-0.051189,0.016190,0.030359,-0.037487,0.043200,-0.069627,0.036232,0.033191,-0.018369,0.057184,0.010881,-0.056745,0.049025,-0.072125,0.024339,0.060010,-0.027276,0.005394,-0.091866,-0.019342,0.019455,0.000196,0.007557,-0.075266,-0.051417,-0.045242,0.070693,-0.002467,-0.037886,0.013573,-0.012690,0.030088,0.041794,0.027128,0.041601,0.013941,0.030332,0.032222,0.007131,0.028519,-0.015034,0.017642,-0.048347,-0.040185,0.039976,0.086217,-0.000000,-0.047607,-0.074929,-0.022076,0.021986,0.031191,-0.045831,-0.044824,0.021587,-0.024492,0.028160,0.077950,-0.099714,-0.116197,-0.043413,0.056174,0.037319,0.005383,0.057537,-0.021019,-0.086324,0.025614,0.080701,0.060340,0.011814,-0.019038,0.024572,0.015565,0.139630,0.042166,-0.036155,-0.012702,0.033498,0.037246,-0.035974,-0.020669,0.057927,-0.023068,-0.015812,0.037527,0.021584,-0.016267,-0.027267,0.016177,0.041956,-0.041731,-0.004165,-0.100128,0.002535,-0.094338,-0.099423,-0.002035,-0.051214,0.026094,0.077444,0.045392,0.051432,-0.113637,0.038649,0.053905,0.023562,0.106673,-0.010157,-0.038379,0.040859
0.072503,0.066922,-0.072823,-0.013996,-0.091480,0.021373,-0.030879,0.095820,-0.008646,0.026423,0.031085,-0.023118,-0.016873,-0.089264,0.057233,-0.007333,0.076586,-0.049547,-0.013186,0.006553,0.040394,-0.002307,0.017621,-0.005648,0.069780,-0.017316,-0.047890,-0.026148,-0.009082,-0.058366,-0.013430,0.030719,0.109113,-0.034806,0.043548,-0.054756,0.047872,0.033645,0.003544,-0.026670,-0.048426,0.052593,-0.073956,-0.085320,-0.023873,0.005337,-0.019345,0.124605,0.013414,0.054201,0.021373,0.026562,-0.017747,0.040580,0.070179,0.032663,0.007285,0.028859,0.007167,0.041650,-0.007964,-0.017033,0.027703,0.016700,0.027458,0.004180,-0.048657,-0.089713,-0.140858,-0.003090,0.028823,-0.034705,0.004048,-0.113129,-0.011653,-0.000700,0.059272,0.049082,0.002369,-0.003761,-0.013989,0.025528,-0.048348,-0.052158,0.005343,-0.016986,0.050792,0.042379,0.040448,0.002695,0.038363,-0.046388,-0.000972,-0.014333,-0.010795,-0.026190,-0.024092,-0.043187,0.087468,0.010520,0.071630,0.080464,-0.051016,-0.075730,-0.047221,-0.002500,0.099297,0.060858,0.012185,0.017510,0.006302,-0.007508,-0.029747,-0.049209,-0.050106,-0.024947,0.006485,0.018792,0.099577,0.009068,0.064215,0.079679,-0.024855,0.013764,-0.111619,-0.028454,-0.054669,-0.000000,0.034561,-0.005222,-0.012129,-0.125353,0.015879,0.065190,0.040691,0.032001,0.007780,0.050090,-0.051572,0.031094,0.022453,-0.020332,0.006565,-0.032013,-0.135642,0.044379,0.005226,0.043307,-0.061102,-0.076373,0.010922,0.033759,0.007124,0.019385,-0.070322,0.046135,0.061949,0.009789,0.045938,-0.076886,0.062878,-0.019738,-0.005172,-0.046246,0.056977,0.026460,0.089751,0.029198,-0.047642,0.043342,0.066849,-0.094636,-0.135552,0.067304,0.003225,-0.002953,0.075936,0.007287,-0.019476,-0.006647,-0.005599,-0.024547,-0.054106,-0.016672,-0.001493,-0.009853,0.041150,0.022442,-0.044492,0.105169,0.126375,-0.098818,-0.074403,0.141214,0.043280,0.034039,-0.087707,0.021162,-0.103146,-0.074083,0.055837,0.070356,0.021892,-0.036008,0.059412,-0.009654,0.085385,0.008797,0.024222,-0.000086,0.051328,-0.016065,0.012163,0.002503,-0.011046,0.045437,-0.000274,0.005013,0.011079,0.008977,0.012222,0.088063,-0.000560,-0.000000,-0.011285,0.110592,-0.000897,-0.042502,-0.071686,0.027311,0.000827,0.028493,-0.021407,0.064057,-0.005879,0.027443,-0.010252,0.020603,-0.059232,0.011410,0.044169,-0.064665,0.027306,-0.018232,0.057063,0.040116,0.072984,0.036416,-0.041292,0.074558,-0.027908,-0.058998,-0.001831,-0.036924,-0.009631,-0.126516,-0.082160,0.011431,-0.034457,-0.100791,-0.026098,-0.049828,0.039540,-0.056813,0.098024,0.045824,-0.054162,0.055233,0.041765,0.056681,0.014595,0.006527,0.105653,0.015738,-0.060131,0.020372,0.006241,0.072822,-0.109234,0.042806,0.072286,-0.049074,0.017456,0.005184,-0.048267,0.039842,0.019692,-0.046577,0.016946,0.007980,0.005258,-0.021319,0.023008,-0.049927,0.017140,-0.026167,0.060764,-0.021353,-0.045701,0.167482,-0.058214,-0.107646,0.004908,0.083238,0.046515,0.021579,0.065193,0.014756,-0.065615,0.018354,-0.030813,-0.047876,-0.048255,0.032340,-0.077533,-0.023934,0.032080,0.018058,-0.011196,-0.000000,0.012976,-0.031300,0.075782,0.005566,-0.023982,-0.067555,0.011371,0.073777,0.023403,-0.015573,-0.011831,-0.052365,-0.126236,-0.000824,-0.067102,-0.058742,-0.044049,0.032689,0.046057,-0.064547,0.029477,-0.010617,0.061462,-0.044406,0.005469,-0.038472,-0.000553,0.071819,-0.056396,-0.050240,0.000245,-0.022828,0.035111,-0.002715,-0.041654,-0.063945,-0.070518,0.000011,0.017461,-0.005372,-0.001397,-0.017507,0.008323,-0.008935,-0.046276,0.031594,-0.055648,0.000582,-0.019333,-0.126416,0.112300,0.013693,0.008390,0.043277,0.001783,-0.038713,-0.106788,-0.000646,-0.052124,-0.001925,-0.049189,-0.072970,-0.034559,-0.008915
0.085891,0.095653,0.091253,0.094618,-0.023199,-0.023346,-0.014305,0.046459,0.026406,0.028879,0.095797,0.000288,-0.020704,-0.030133,-0.016494,0.012366,0.025780,0.015648,-0.050232,0.016616,-0.065587,-0.040771,-0.025273,0.061026,0.117292,0.018781,-0.001069,0.041662,0.038787,-0.016780,-0.079456,0.040251,0.129294,-0.046018,-0.058667,-0.072311,0.002844,0.003685,0.037627,0.021935,-0.024529,0.073284,-0.063076,-0.002837,-0.106770,-0.036982,0.005492,0.071230,-0.025092,0.064120,0.040634,0.044900,-0.007074,-0.028541,-0.035663,-0.023442,-0.051695,0.025219,0.055168,0.024990,-0.089988,0.022672,0.063976,0.016969,0.056463,-0.045979,-0.021435,0.033876,-0.059294,0.009875,0.006631,-0.010798,-0.011164,-0.098982,-0.045385,-0.008509,-0.008621,0.018656,0.003826,-0.006040,-0.050935,-0.077099,-0.034220,0.001113,-0.024806,-0.028974,0.022224,0.030293,0.006346,-0.032284,0.009256,0.032751,-0.046354,-0.093606,0.070128,-0.030166,-0.044178,-0.045655,0.011703,0.030173,0.032092,0.028246,-0.122056,-0.040247,-0.052020,0.025782,0.022953,0.032950,0.049184,0.020200,0.043858,0.035686,0.005951,-0.022701,-0.041308,0.009678,0.064059,0.050169,0.065730,-0.006213,0.027048,0.001069,-0.051032,0.046520,-0.104423,0.020274,-0.024512,-0.000000,0.058482,-0.037151,0.001659,-0.022099,0.027078,-0.014984,0.061736,-0.035362,-0.037830,-0.037567,0.012597,0.026151,-0.034598,-0.105205,-0.009903,-0.034994,0.014269,0.060559,0.006127,-0.004122,0.003827,-0.044144,-0.004508,-0.028885,0.048270,-0.012175,-0.035913,-0.027867,-0.016135,-0.013873,0.078559,-0.019714,0.132138,-0.025831,0.012242,-0.041020,0.006569,0.080807,0.024409,0.047969,-0.033414,0.006974,0.035235,-0.191773,-0.115664,0.001911,0.015653,0.075404,0.046500,0.083336,-0.001394,0.003362,-0.076044,-0.027080,-0.008309,-0.001090,-0.021212,0.002771,0.004328,0.057773,0.020434,0.140849,0.000655,-0.041854,-0.048184,0.083219,0.005015,0.058191,0.004699,0.031764,-0.087938,-0.025695,0.024967,0.063330,-0.017029,-0.018061,-0.021915,-0.029676,0.150760,-0.046534,0.049464,0.005479,0.011721,-0.041087,-0.026285,-0.005150,0.017777,0.096449,-0.032320,-0.025032,0.085042,-0.066590,0.021576,-0.009769,-0.018472,0.000000,-0.051280,0.075321,-0.048354,-0.029753,-0.048457,0.021903,0.076193,0.011468,0.024951,0.075899,0.053428,0.052741,-0.073371,0.014795,-0.034120,0.030459,0.099163,-0.068926,-0.023022,-0.007279,0.019881,0.045242,0.117116,0.069255,0.016830,0.014333,-0.012141,0.044703,0.015093,0.011296,-0.030519,-0.035224,-0.063796,-0.025751,0.064185,-0.119569,-0.055996,0.036854,0.008602,-0.116951,0.001148,-0.024026,-0.050285,0.071373,0.083691,-0.004877,0.021647,-0.044963,0.075764,0.013968,-0.107605,-0.048535,0.019228,0.112794,-0.099527,-0.049072,0.045402,0.030330,0.011065,-0.020307,-0.057972,0.004990,-0.014573,0.012039,-0.023032,0.051012,-0.013052,-0.003547,0.047979,-0.096117,0.076924,0.003658,0.104997,-0.086779,0.024275,0.077832,0.018348,-0.006836,-0.001474,0.096894,0.019904,0.067482,-0.036208,-0.036054,-0.037235,-0.006285,-0.100190,0.043712,-0.006307,0.054277,-0.075138,-0.043906,0.015779,0.019761,-0.000687,-0.000000,-0.026193,-0.008814,-0.000613,0.013620,0.033849,-0.068087,-0.003775,0.015739,-0.035638,0.019625,-0.060907,-0.028077,-0.071874,-0.048557,-0.047444,-0.031801,-0.029476,0.081722,0.014325,-0.010056,0.058742,0.029729,-0.023637,-0.024466,-0.003939,0.014003,-0.075106,-0.041886,0.011525,-0.048162,0.085047,0.005056,0.045591,0.000865,-0.047952,-0.002968,0.077016,0.071225,-0.022402,0.038224,-0.042334,-0.054997,0.063105,-0.014022,-0.014670,-0.006499,-0.022335,-0.010770,-0.033568,-0.091524,0.126617,0.028245,-0.036122,0.051934,0.024298,-0.010921,-0.036116,0.050539,-0.180826,-0.050470,-0.053299,-0.083474,-0.028652,-0.013058
0.053509,0.038778,0.021387,0.031729,-0.007567,-0.009912,-0.043065,0.097668,0.010142,0.022818,-0.041982,-0.078206,0.001619,-0.040845,0.034221,0.009011,0.077877,-0.093124,-0.054546,-0.044301,0.047586,-0.055375,-0.004910,0.050787,0.046730,0.006155,-0.027912,-0.030412,-0.007189,-0.035526,-0.010609,0.055750,0.123908,-0.064684,0.032319,-0.109305,0.036553,0.053625,-0.053572,-0.021072,-0.027457,-0.033955,-0.066606,-0.002731,-0.072619,-0.056669,-0.009208,0.055493,-0.036146,0.020397,-0.012218,-0.030094,-0.019556,-0.026412,0.025921,-0.034098,0.060758,-0.030250,0.073779,0.034501,-0.033465,-0.022009,-0.030062,0.016054,0.048612,0.008416,0.031278,-0.097392,-0.074780,-0.020380,-0.006993,-0.095000,0.037192,-0.086321,0.071768,-0.016168,0.102029,0.062664,0.057274,0.007736,0.007862,-0.049899,-0.051277,-0.071395,0.053260,-0.003690,0.046741,-0.036934,0.043657,-0.058177,0.050802,-0.075552,0.038904,0.003371,0.014541,0.016015,-0.043372,-0.036756,0.033169,-0.016703,0.002079,0.113126,-0.030599,-0.061059,-0.004949,-0.025299,0.065985,0.060227,0.067412,0.022982,0.014543,-0.031516,0.017655,-0.011681,-0.053709,0.020390,0.007328,-0.043624,0.021483,0.036823,-0.005129,-0.013896,-0.056376,0.031053,-0.065024,-0.050001,-0.114269,0.000000,-0.002746,0.008450,-0.009638,-0.102897,-0.037470,0.028430,-0.029426,0.079061,0.024988,-0.077488,-0.023062,0.057564,0.056667,0.077419,0.010736,-0.151154,-0.100701,0.056772,0.034901,0.047720,-0.093161,-0.036587,-0.006197,0.028664,0.051142,0.026892,-0.025927,0.036685,0.044091,-0.001424,0.056537,-0.028016,-0.008009,-0.017335,-0.039996,-0.008385,0.121904,0.032533,0.012485,-0.026218,-0.053819,0.100184,0.007989,-0.019778,-0.035830,-0.003531,0.063260,-0.045667,-0.060565,-0.017945,-0.081235,0.018224,-0.111479,0.041988,-0.065640,-0.031472,-0.025354,-0.056607,0.119803,-0.024188,-0.050091,0.095152,0.050047,-0.025828,-0.032256,0.147310,0.036005,-0.012320,-0.072344,0.033494,-0.007571,-0.042430,0.005023,0.025575,0.043279,-0.030656,-0.004687,-0.039996,0.001679,0.004989,0.003757,-0.007667,0.053565,-0.054160,0.056325,-0.034197,-0.021763,0.008953,0.003827,-0.019435,0.010216,-0.031090,0.013495,0.061741,0.091898,-0.000000,-0.013926,0.031342,0.034610,0.033743,0.030081,-0.035407,0.076217,-0.015261,0.088850,-0.023442,0.010346,0.045972,0.022444,0.068374,-0.036193,0.012137,-0.020627,-0.010881,0.029673,-0.041410,-0.019016,0.062149,-0.004173,0.007773,-0.031750,0.130020,-0.046391,-0.037580,0.072852,-0.038636,-0.111059,-0.001734,-0.061312,0.060673,-0.125108,0.027841,0.002271,-0.004571,-0.034912,-0.062300,0.074406,0.017566,-0.024206,0.024503,0.047827,0.019361,-0.060425,0.001159,0.103917,0.008840,0.032553,0.016301,-0.053223,0.085015,-0.064467,0.020197,0.131886,0.029144,-0.049721,-0.009686,-0.023673,0.098868,0.014721,-0.005938,0.043660,0.003430,0.061948,-0.022446,0.116262,-0.099079,0.091413,-0.028477,0.003386,-0.024548,-0.039283,0.107715,-0.043733,-0.027944,-0.002404,0.043407,-0.038487,0.034654,0.029190,0.000694,-0.020353,-0.016781,-0.028731,-0.122365,-0.026406,0.116973,-0.067347,-0.011929,0.027564,0.048377,0.048483,-0.000000,0.030521,-0.027216,0.045622,0.050319,0.056610,-0.077214,0.036739,0.057719,0.029689,0.016444,0.087556,0.027293,0.013913,0.042376,-0.005766,-0.011928,-0.030237,0.014939,0.022414,-0.048560,-0.015618,0.016943,0.026287,0.004139,-0.040001,0.000455,0.069329,0.103841,-0.068407,-0.044077,-0.072953,0.022429,0.020995,-0.000024,0.019076,-0.056026,-0.043699,0.012983,-0.073245,-0.004094,-0.032855,-0.061383,-0.078156,-0.046938,0.028817,0.029234,-0.113363,0.031075,0.006205,-0.037997,0.059610,0.067061,0.028409,0.000969,0.009799,-0.001517,-0.121837,-0.037942,-0.015179,-0.018533,0.044184,-0.116746,0.010599,0.004228
-0.039849,0.108843,0.030144,0.072047,0.044546,0.034566,-0.112805,0.002711,-0.050739,0.000969,0.073433,0.067184,0.032872,-0.030220,0.002749,-0.026946,0.042390,-0.049464,-0.089739,-0.019766,-0.046271,0.055995,-0.079421,0.023804,0.123986,0.004736,-0.061426,0.033502,0.013900,-0.034507,-0.048579,0.012082,0.019608,-0.026774,0.058876,-0.040586,0.013633,-0.080691,-0.072841,0.002140,0.044181,-0.047893,-0.053796,-0.039241,-0.037006,-0.077288,-0.024576,0.004051,-0.051393,-0.010839,-0.044087,0.025983,-0.032377,-0.087824,0.001262,-0.003855,-0.039598,-0.048474,0.005973,-0.043065,-0.021126,-0.006596,-0.102925,0.051329,0.072949,-0.004076,0.014935,-0.032998,0.007121,0.015217,0.069996,-0.058762,0.113911,0.005960,0.071129,0.015718,0.078226,0.050204,0.070416,0.011382,0.005944,-0.106522,-0.091455,-0.045813,-0.026345,-0.017722,-0.020083,-0.058102,0.039040,0.045700,0.078356,-0.066235,0.073415,-0.020644,-0.065932,0.002393,0.001783,-0.033260,0.040581,0.048309,0.020439,0.046291,-0.053664,-0.050636,-0.012627,-0.048447,0.020086,0.013278,0.001027,0.021968,-0.018438,0.010350,-0.058944,-0.068160,-0.061878,0.054135,0.009319,-0.041911,0.042095,-0.041393,-0.007979,-0.017061,-0.012208,-0.007949,-0.034224,0.036143,-0.068651,-0.000000,0.010437,-0.076862,-0.029741,-0.115800,0.061361,-0.001824,-0.050352,-0.044214,0.027727,0.030696,0.024843,0.067807,-0.000692,-0.002072,-0.029555,-0.035652,-0.094339,0.030715,-0.097750,0.083669,0.009618,0.000058,0.036959,0.012192,-0.033159,-0.053028,-0.055392,-0.029099,-0.004636,0.020043,-0.001624,0.085663,0.129884,-0.004421,-0.035002,0.072232,-0.060305,-0.026136,0.017292,0.011872,-0.011733,0.030644,-0.054601,0.021666,0.035989,-0.003246,-0.000542,-0.058157,-0.054734,-0.053991,-0.020122,0.078663,-0.044121,-0.020516,-0.044573,0.011581,0.100740,-0.024785,0.001884,-0.030202,-0.035766,0.089060,0.082230,-0.084790,-0.027576,0.078204,0.069380,0.006838,-0.084545,-0.015860,0.015941,0.041850,0.046522,0.004633,0.092453,-0.041936,-0.058115,0.014717,0.136451,-0.026625,0.091552,0.032711,0.057255,-0.019214,0.054345,-0.018376,-0.008630,-0.033995,-0.010422,-0.040670,0.003920,0.078370,0.022524,-0.008841,0.142030,-0.000000,-0.074319,0.053788,-0.038488,-0.010264,-0.081130,-0.007093,-0.004181,-0.016821,0.086206,-0.034107,-0.043363,0.074682,-0.029622,-0.018755,0.032380,0.006006,0.006085,-0.033228,0.003540,-0.038329,0.067955,0.056265,-0.050703,0.105536,-0.055649,-0.014027,0.011167,-0.008815,0.030349,-0.082362,0.083495,0.032659,-0.046111,0.034152,0.034392,0.015005,0.016950,-0.041145,-0.051894,-0.082665,0.066917,-0.025179,-0.037617,0.018778,0.065030,0.034858,0.014009,-0.022530,0.128113,0.005436,0.009539,0.032235,-0.025437,0.151312,-0.053246,0.009475,0.099607,-0.049593,-0.059868,0.052881,-0.036350,0.065741,-0.000420,0.042539,0.059163,-0.013955,0.057725,-0.107025,0.029001,-0.050615,-0.050864,-0.037727,-0.023526,-0.065110,0.055604,0.064711,-0.038366,0.012065,-0.057019,0.087930,-0.025528,0.041296,0.008595,0.012916,0.029368,-0.062161,0.020870,-0.086399,0.001356,0.103162,-0.000988,0.016822,-0.045815,-0.008746,-0.010772,-0.000000,0.000676,-0.005268,-0.031155,0.079911,0.040048,-0.006060,-0.042210,0.033478,-0.022467,0.048434,0.033743,0.005633,-0.054615,-0.011046,-0.013768,-0.071109,0.006475,0.047447,-0.030810,-0.047230,-0.012004,0.053902,0.001919,-0.043024,-0.001408,0.008460,0.003022,0.130001,-0.000056,0.007250,-0.056569,-0.017807,-0.037193,-0.057636,0.040827,-0.029182,0.045187,0.049672,0.058464,0.006138,0.003842,-0.003913,-0.009232,0.084970,0.003337,0.008313,-0.125825,0.005954,0.011245,-0.076869,0.010946,-0.033389,-0.057984,-0.045931,0.030657,-0.041000,-0.003908,-0.022473,-0.056789,-0.024524,0.052950,-0.173340,-0.044929,0.098804
0.038115,0.069600,0.062827,-0.015973,0.037576,0.024848,-0.054043,0.043641,-0.045235,-0.018428,-0.044567,0.071047,-0.079839,-0.015735,0.070783,-0.011067,0.047229,-0.041449,-0.031671,-0.021096,-0.076441,0.009140,-0.063935,0.000594,0.034547,0.014036,-0.092126,-0.017013,0.045929,0.000695,-0.064699,0.012211,0.026656,0.018012,0.067819,-0.039538,0.052450,-0.011754,-0.017343,-0.005484,-0.002570,-0.020163,-0.121499,0.040278,-0.038741,-0.022675,-0.021962,-0.008984,-0.031508,0.023379,0.022816,-0.028330,0.020109,-0.087185,-0.047503,0.042112,0.021857,-0.012084,0.082649,0.034045,-0.040626,-0.019304,-0.002510,0.011367,0.039842,-0.020884,-0.062617,0.063760,-0.054928,-0.026767,0.029351,-0.034728,-0.012814,-0.094796,0.074511,-0.052769,0.050522,-0.010629,0.042881,-0.032725,-0.048342,-0.005885,-0.028002,-0.046775,-0.038676,-0.025983,0.039917,0.039093,-0.021857,-0.036316,0.034049,-0.033620,0.045240,0.025544,0.034591,0.072527,-0.077831,-0.039401,0.027453,0.040359,0.037994,0.012554,0.057456,-0.022421,-0.057943,0.009504,-0.009593,0.045804,0.016283,-0.040315,-0.020046,-0.007293,-0.036606,-0.030921,-0.109693,-0.043057,-0.014850,-0.085256,0.033940,0.014691,0.086332,-0.029809,0.069891,0.044507,-0.071550,0.001308,-0.076856,0.000000,-0.126768,-0.030497,0.001244,-0.046307,0.051722,-0.050201,0.019529,-0.038366,0.023327,0.021981,-0.122436,0.077031,-0.078504,0.056147,0.049717,-0.141518,-0.098372,0.043941,-0.010207,0.013335,-0.057573,-0.102428,0.009885,-0.040264,0.074813,-0.046171,0.043691,-0.007014,0.032621,0.044356,0.085984,0.028018,0.043995,-0.028629,-0.081404,0.040330,0.011617,-0.021069,0.011455,0.018309,-0.067161,0.036557,-0.014498,0.064892,0.033150,-0.016504,0.053901,0.050308,-0.083646,-0.040735,-0.021801,0.036480,-0.074347,-0.051121,-0.003118,-0.073314,0.030681,0.018091,0.025279,0.018928,-0.024554,0.069902,0.017156,-0.036465,-0.002621,0.143760,0.069521,0.091159,-0.068729,0.028131,-0.021382,0.010538,0.043642,0.042807,0.047544,-0.000466,0.000352,0.068702,0.055429,-0.021617,0.001462,0.070820,0.028722,-0.089686,0.051554,-0.046006,-0.009377,-0.025673,-0.040738,0.046010,0.024669,0.113293,0.018973,0.080778,0.018078,-0.000000,-0.024718,0.052129,-0.053181,-0.042982,-0.011886,0.045331,0.057132,-0.081460,-0.014569,-0.003456,-0.070885,0.067453,-0.034548,0.100208,-0.058257,-0.033980,0.058005,0.017482,-0.006986,-0.085550,0.002780,-0.030409,-0.009344,0.063020,-0.033865,0.047881,-0.045773,-0.001208,0.021709,-0.056608,-0.042600,0.021537,0.029414,0.008980,0.008675,0.040660,0.030020,0.062130,0.027289,-0.075922,-0.003524,-0.073096,0.066040,-0.040677,-0.028009,0.043064,-0.001024,-0.034177,-0.037992,-0.010539,0.041032,0.000749,-0.039408,-0.007087,-0.082389,0.075198,0.036731,-0.008627,-0.030055,-0.013347,0.050278,0.042484,0.030148,-0.000439,0.073081,-0.004699,0.007664,-0.110069,0.021862,-0.021857,-0.024831,-0.030788,-0.026554,-0.001873,-0.103419,0.072632,0.033159,-0.087357,0.016707,0.056682,-0.044257,0.039068,0.033081,-0.032396,-0.024537,-0.062559,-0.019227,0.021983,0.011375,0.056838,-0.076887,0.018000,-0.071734,0.050325,0.012662,-0.000000,0.034397,-0.007237,0.016083,0.045140,-0.082556,-0.020933,0.014196,0.049874,-0.035108,-0.060334,0.026503,-0.014106,-0.058215,0.057428,0.030673,0.018998,-0.012542,0.085197,-0.010299,-0.150611,0.058367,0.105879,0.100487,0.075521,-0.084991,0.015856,0.059536,0.135700,0.103379,-0.036643,-0.026478,0.072992,-0.044402,-0.019023,0.057031,-0.014972,-0.142357,0.056514,0.037447,0.022502,0.001400,-0.023345,-0.047018,-0.028401,0.032916,0.010978,-0.104822,0.095442,-0.068017,-0.043556,0.070588,0.022049,0.020810,0.064116,0.032739,-0.005463,-0.040168,-0.070750,-0.038713,-0.044317,-0.055464,-0.102059,0.014505,0.101219
-0.076670,0.133104,0.052104,0.030493,0.040938,-0.008080,-0.072080,0.061963,-0.037140,0.002350,0.068586,0.022215,-0.011931,0.039566,0.059247,-0.089666,0.065695,-0.036753,-0.004161,-0.054995,-0.009896,-0.028361,-0.040390,0.030177,0.072969,0.023577,-0.119479,-0.052350,0.012899,-0.014513,-0.086943,0.045467,0.035547,0.006614,0.084892,0.010334,0.057684,0.030439,-0.021533,-0.020187,-0.031067,-0.048070,-0.044436,-0.008169,-0.001442,-0.063099,0.028334,0.019610,-0.048816,0.016173,0.019718,0.034589,-0.012419,-0.020677,-0.005019,0.070440,-0.003991,-0.040279,-0.010376,-0.022947,-0.049169,-0.029765,-0.053918,0.017934,0.090536,0.006271,-0.007243,0.004301,-0.072743,0.037479,0.081240,0.000334,0.057844,-0.059561,0.091257,0.021245,0.061994,-0.010556,0.025775,0.024675,0.028628,-0.013789,-0.071865,0.000470,-0.128264,-0.058369,0.088131,-0.010543,-0.081375,-0.033924,0.104417,0.001496,-0.007261,0.060414,-0.091881,-0.011872,-0.013349,-0.033546,0.062040,0.066960,0.016514,-0.006266,0.029555,-0.059498,-0.029916,-0.075485,-0.071437,0.000752,0.022459,0.040288,-0.049244,-0.013848,-0.025031,-0.069768,-0.093479,-0.027032,0.020038,0.019919,0.051935,-0.003143,0.093229,0.064787,0.056860,0.049592,-0.066058,0.068870,-0.006222,-0.000000,-0.041236,0.002603,-0.007797,-0.032210,0.039600,-0.063271,-0.023727,0.034291,0.025608,0.030410,-0.050010,0.026359,0.020604,0.051382,0.005273,-0.075677,-0.135827,0.054088,0.015088,0.101540,-0.148962,-0.107680,0.040905,-0.016101,0.012752,0.026716,0.013917,0.011207,-0.022084,0.025728,0.061255,0.044450,0.087163,-0.055024,-0.041392,0.041117,-0.058219,-0.026607,-0.000026,0.007147,-0.034993,0.043298,-0.026449,0.024733,0.060454,-0.006775,0.052448,-0.015700,-0.023389,-0.055200,0.021605,0.025689,-0.070012,0.023710,-0.011771,-0.053190,0.057121,-0.063444,0.039597,-0.018490,0.098460,0.055566,-0.014494,-0.043271,-0.081325,0.052672,0.024473,0.026451,-0.078337,-0.001897,-0.031321,0.028012,0.022859,-0.008590,0.075095,0.017073,0.058973,0.025644,0.123855,-0.126889,0.044209,0.028656,0.100941,-0.147716,-0.007579,-0.014679,-0.039261,-0.021221,0.024679,0.009040,-0.028749,0.017568,-0.023622,0.049566,0.067774,-0.000000,-0.026574,0.044004,-0.083768,0.027048,-0.026632,0.001278,-0.032313,-0.038756,0.133148,0.051207,-0.002560,0.050970,-0.026536,0.085152,0.002230,-0.033664,0.047936,-0.091324,0.026687,-0.067831,-0.017558,-0.023945,-0.037888,0.042437,-0.050035,0.035859,0.018775,-0.055017,0.054844,-0.065831,-0.002196,-0.032236,0.001349,0.032967,0.045220,0.018798,0.011900,0.056490,0.009517,-0.077909,-0.003371,0.022608,-0.048768,-0.014454,0.009667,-0.013983,0.035804,-0.058803,0.080537,0.047919,0.004062,0.029330,-0.011792,0.009541,-0.119500,0.023856,-0.031547,-0.020254,0.046096,0.016633,-0.031738,-0.008128,0.076900,-0.087471,0.053785,-0.001934,0.044075,-0.069585,-0.000959,0.029336,0.014508,0.000439,-0.010188,-0.059418,-0.044509,0.051550,-0.026440,-0.016907,-0.047161,0.025119,0.004959,0.038128,-0.031287,0.024108,-0.038391,-0.005056,-0.000211,0.059950,-0.037369,0.086575,-0.046636,0.055763,-0.027348,0.051212,0.033547,-0.000000,0.040626,-0.010034,-0.045884,0.038581,-0.026450,0.002843,0.051200,0.025702,0.024390,-0.038591,0.027048,0.002584,-0.115228,0.006555,-0.020575,0.057361,-0.103678,0.041968,-0.048730,-0.097861,0.004390,0.101189,0.050545,-0.035992,-0.066536,-0.005385,0.051896,0.129693,-0.007549,-0.024420,-0.045308,0.052668,-0.013967,-0.035310,0.056801,-0.048846,-0.008397,0.052699,0.078429,0.047070,0.006381,-0.029343,-0.075143,-0.017397,0.037458,-0.015618,-0.110608,0.021362,-0.091217,0.005605,0.053395,0.032218,-0.071020,0.102439,0.001160,-0.024331,-0.046722,-0.048314,0.004028,0.015625,-0.019121,-0.142078,0.024292,0.102628
0.042744,-0.027456,0.045512,0.036771,0.036247,-0.011397,-0.044204,-0.012447,-0.054434,0.001603,0.037959,0.019746,-0.065519,-0.017897,0.029533,-0.014335,0.089385,-0.026935,-0.107127,-0.020823,-0.017324,-0.037137,0.018727,0.043358,-0.024666,0.005647,-0.098771,-0.016969,-0.022962,-0.102926,-0.049359,0.052905,0.031666,0.074088,0.010600,-0.051222,0.040041,-0.072147,0.056172,-0.028291,-0.018708,-0.022057,-0.062483,0.062673,-0.028511,-0.050285,0.045096,0.029432,0.004962,0.049293,-0.040732,0.091194,0.018166,-0.033213,-0.030925,0.013988,0.061163,-0.008724,0.040543,0.032637,-0.034945,0.016012,0.029602,-0.003828,0.044850,-0.038318,-0.104494,0.028579,-0.122235,-0.005156,-0.030920,0.037068,-0.014326,0.011670,0.057735,-0.066960,0.020223,-0.048823,0.046156,0.078503,0.005793,-0.031214,-0.036779,0.005252,-0.129421,-0.018191,0.032357,0.116882,-0.059662,-0.013282,0.077697,-0.021449,0.018411,0.063180,-0.036857,-0.013992,-0.130579,-0.017843,0.023527,-0.032072,0.052536,0.049487,0.011322,-0.071503,-0.045136,-0.076398,-0.057495,0.007775,-0.008738,0.099242,-0.057073,0.029439,-0.056525,0.000014,-0.074350,0.061681,-0.006211,0.013251,0.018469,-0.008687,0.112350,-0.005582,0.037346,-0.020541,-0.042834,0.022801,0.058066,-0.000000,-0.077915,-0.020405,-0.002248,-0.029976,0.045743,-0.035623,-0.025662,-0.005962,0.068740,-0.018937,-0.165469,0.016618,0.000148,0.084781,0.002501,-0.065060,-0.049275,0.065940,0.116635,0.009024,-0.054416,-0.081710,-0.035650,0.102175,0.044410,0.014985,0.040403,0.057755,0.031256,-0.010838,0.132621,-0.037427,0.051112,-0.033679,-0.026710,-0.017946,0.024611,-0.013992,0.020042,0.036130,-0.073894,-0.008312,0.039688,0.031395,0.010587,0.011029,-0.004077,-0.039986,-0.007168,0.007003,-0.079906,0.053746,0.018556,-0.004277,0.041816,-0.059858,0.012571,-0.047848,0.128206,0.047606,-0.002078,0.001025,0.007169,-0.026511,-0.006151,-0.008918,-0.014678,0.011686,-0.112014,0.162988,0.094180,0.003239,0.000484,-0.039079,0.072634,0.046442,0.018022,0.034294,0.062185,-0.021961,-0.068281,0.027589,0.053241,-0.052867,-0.001017,0.030471,-0.039288,0.087112,0.021264,0.025669,0.040945,-0.010883,-0.039819,0.004778,0.038040,-0.000000,-0.020057,0.103092,-0.053551,0.094746,0.007794,-0.005493,0.001268,0.003771,0.076355,0.024587,-0.059299,0.070403,-0.043249,0.053603,-0.004830,-0.049685,0.044339,0.039415,0.016381,0.006487,-0.019646,0.021506,-0.012490,0.042694,-0.002402,-0.019669,-0.038470,0.021117,-0.004167,-0.057128,0.022194,-0.058911,0.029178,0.066188,-0.021009,0.041360,-0.018794,0.018032,0.120606,0.045398,-0.040734,0.005722,-0.048664,-0.037237,-0.030599,-0.035245,-0.029674,-0.035277,0.111855,0.020263,-0.039733,0.078467,-0.015528,-0.029023,-0.065415,0.094588,-0.051523,-0.022973,-0.013905,0.013802,-0.029899,0.060238,0.005603,-0.051880,0.007618,-0.046993,0.024408,-0.015813,0.043250,-0.016925,0.040183,-0.030100,0.018856,0.032981,-0.164873,-0.016977,-0.013572,0.009560,0.005417,0.034673,-0.005289,0.003659,0.063364,0.023851,-0.085270,-0.036979,-0.013297,-0.031258,-0.025078,0.022425,-0.117846,0.012812,-0.093377,-0.000878,-0.003917,-0.000000,-0.011340,-0.092184,0.038654,0.061759,0.062989,0.025533,0.035446,0.136038,-0.015765,0.028995,0.020674,-0.005056,-0.157596,0.002879,-0.011500,0.042567,0.001130,0.052852,0.027668,-0.088451,0.076052,0.051970,0.121318,-0.017917,-0.063229,0.036259,-0.010012,0.040034,0.019696,-0.035524,0.032631,-0.027812,0.020317,-0.041612,0.021927,-0.073518,-0.110213,-0.005585,-0.056945,0.016645,0.028373,-0.068276,0.012603,-0.039616,0.000634,-0.060456,-0.099441,-0.041071,-0.012240,-0.056786,0.102109,-0.016137,0.032080,0.087518,0.009543,0.015950,-0.054831,-0.033699,0.044427,0.049139,-0.039293,-0.002940,0.024485,0.012705
0.077828,0.062577,-0.049767,-0.012878,-0.051348,0.003250,-0.055482,0.058970,-0.030813,0.048482,0.023980,0.003028,-0.064487,-0.028405,-0.013526,-0.029335,0.073184,-0.065739,-0.046700,0.056579,-0.024121,0.008676,0.054042,-0.008181,0.096917,-0.032537,-0.020977,-0.019475,0.011567,-0.101915,0.002026,0.030923,0.108112,-0.056261,0.010863,-0.070188,0.051289,-0.039334,0.035094,-0.002625,-0.073212,0.064344,-0.048761,-0.019310,-0.015736,0.030089,-0.054018,0.117974,0.041291,0.046720,0.045053,0.003313,0.028684,-0.002842,0.040016,0.005522,0.012858,0.007592,0.031872,0.025224,-0.001893,0.041668,-0.028531,0.068430,-0.008731,0.041160,-0.006750,-0.072387,-0.134240,-0.004278,-0.018861,-0.078479,-0.051792,-0.026922,0.004544,0.012324,0.047346,0.048495,0.023146,0.029906,-0.067636,0.012461,0.010304,-0.037365,0.059021,-0.075768,0.025985,0.025188,0.067111,-0.011875,0.081696,-0.025940,-0.023425,0.074996,0.009152,-0.026637,-0.062561,-0.045664,-0.009546,-0.014585,0.071849,0.101324,-0.068615,-0.006265,-0.065219,-0.015179,0.116874,0.053304,0.025280,0.027064,0.048925,0.022051,-0.071932,-0.075489,-0.066409,-0.074901,-0.047107,-0.005396,0.088792,-0.009102,0.012261,0.065058,-0.076417,-0.010810,-0.038357,-0.032081,-0.070130,0.000000,0.061742,-0.067793,-0.021009,-0.066472,0.016574,0.074902,-0.027020,0.029031,0.017428,-0.020323,-0.017747,0.048772,0.029726,-0.025363,-0.019514,-0.023360,-0.130656,0.068866,0.003630,0.099883,-0.062364,-0.020023,0.051496,-0.047477,0.008634,-0.000224,-0.123689,0.064639,0.034562,0.011122,0.005997,-0.087619,-0.009900,-0.003353,0.000639,0.035158,0.083448,0.037126,0.053845,0.018553,-0.018145,0.070264,0.058113,-0.076730,-0.050771,0.076253,0.013405,-0.022307,0.052255,0.019039,-0.079694,0.040432,0.002217,-0.036089,-0.036279,-0.019858,-0.001801,0.051240,0.052009,-0.013707,-0.019354,0.090987,0.101443,-0.110357,-0.056928,0.082907,0.022355,-0.019466,-0.090610,-0.000389,-0.064750,-0.023626,0.088779,0.074234,-0.004977,0.019944,0.012271,0.016483,0.066661,0.015040,-0.020114,0.047341,0.025994,-0.087251,0.008241,-0.022845,0.012501,0.059395,0.008692,-0.005715,0.003142,-0.066833,0.061652,0.041281,0.042317,-0.000000,-0.078231,0.034839,-0.017567,-0.015160,-0.061003,-0.009061,0.093267,0.034560,-0.036772,-0.028810,0.053540,-0.000551,0.014422,0.026862,-0.013191,-0.012386,-0.011762,0.037933,0.016794,-0.039055,0.056047,-0.002183,0.034052,0.087964,0.046179,0.036637,-0.053920,-0.044702,-0.037809,-0.113693,-0.050587,-0.078107,-0.024295,0.087197,-0.066684,-0.083384,-0.092352,-0.023451,0.035538,-0.037197,0.076721,0.059553,-0.030871,0.037502,0.021871,0.041399,-0.011382,-0.014127,0.020206,0.019508,-0.002729,0.062294,0.031502,0.057322,-0.062648,0.054815,0.067428,-0.044888,0.013003,0.031324,-0.008214,0.110557,-0.007447,-0.023006,0.051742,-0.005280,0.012505,-0.054897,0.015713,0.010273,-0.022682,-0.026146,0.036589,0.007622,0.043827,0.116531,0.023006,-0.097631,-0.005732,0.071105,0.009968,-0.002571,0.005202,0.053689,-0.040813,0.029436,-0.045861,-0.126066,-0.006973,0.082562,-0.102653,-0.052971,0.010880,0.029004,-0.029034,-0.000000,-0.025373,-0.076607,0.051219,0.027492,-0.033997,-0.015150,0.008402,0.027671,-0.023358,-0.012679,0.061712,-0.002843,-0.098095,-0.001406,-0.007110,-0.114438,0.023660,0.078238,0.033438,-0.046287,0.023551,0.036096,0.058372,-0.090084,0.028920,0.034224,-0.017704,0.116637,-0.056489,-0.110009,-0.038385,-0.032596,0.096791,-0.039063,-0.041766,-0.009520,-0.073481,0.033075,0.010435,0.022762,-0.023278,-0.028821,0.033176,-0.044425,0.011432,0.000063,-0.043411,0.071476,-0.004180,-0.084711,0.050910,-0.025588,0.046506,0.027174,0.021768,-0.051429,-0.079321,-0.024395,-0.065803,0.026445,-0.026023,-0.087756,-0.127795,-0.006645
0.037071,0.021213,0.065029,0.041245,0.026102,0.000807,-0.125366,0.087041,0.037217,0.008732,-0.016632,0.079951,0.066994,-0.011975,-0.023237,-0.023471,-0.027785,-0.050489,-0.007176,-0.042499,-0.058619,-0.053259,-0.055349,0.039043,0.009436,-0.015337,-0.056230,-0.039398,-0.002161,0.021394,-0.112706,0.066945,0.109699,-0.054108,0.014657,-0.093003,0.061916,0.035478,-0.098897,0.010157,0.007868,-0.090099,-0.030178,-0.024188,-0.071178,-0.007071,0.005137,-0.012647,-0.054605,0.080664,-0.046444,0.030634,0.021161,-0.032409,-0.025031,-0.046456,0.044921,0.003626,-0.035632,0.035151,-0.075648,0.004889,-0.036088,-0.039824,0.019403,0.003049,0.036380,-0.070407,-0.060845,0.018317,0.024925,-0.013641,-0.005394,-0.084001,0.060991,-0.017470,0.018110,0.084451,0.091065,-0.025647,0.109109,-0.012359,-0.094658,-0.043246,0.008296,0.034536,0.032530,-0.051792,0.010048,-0.051908,0.087592,-0.068858,-0.005085,0.025441,0.005824,-0.001778,-0.014705,0.014137,0.045891,0.022184,-0.009979,-0.003254,-0.024986,-0.060161,-0.000559,0.005686,-0.043633,-0.019603,0.034092,0.001512,0.007244,-0.063453,-0.020848,0.003540,-0.022399,0.010891,0.042330,-0.041080,0.015370,0.092214,-0.029439,0.014187,-0.087787,0.011933,-0.073734,-0.037791,-0.062242,-0.000000,-0.033145,0.024418,0.001876,-0.072498,-0.102421,-0.009367,-0.046911,0.075066,0.030238,-0.044544,-0.012106,0.054885,0.004765,-0.047209,0.110852,-0.101019,-0.068267,0.101298,0.066501,-0.011943,-0.063117,-0.053649,0.010418,0.009619,0.057639,0.014314,-0.003269,0.033487,0.018284,-0.059520,0.109326,-0.019272,0.034963,-0.019071,-0.056393,0.014954,0.107492,0.025616,-0.015236,-0.056272,-0.032785,0.031163,0.011745,0.032259,0.047042,-0.018924,0.063921,-0.095374,-0.128265,-0.022630,-0.096022,0.025655,-0.091650,-0.011598,-0.055498,-0.030520,0.012491,-0.032782,0.055837,-0.012804,-0.043909,0.062304,0.017618,-0.005048,-0.022984,0.081643,0.061103,-0.032714,-0.053192,0.018803,-0.023901,-0.035885,-0.035130,0.006563,0.094093,0.003160,-0.011224,-0.071473,0.050388,-0.038314,-0.051030,0.009705,0.015382,0.003809,0.095271,0.026207,0.029608,0.007358,0.055548,-0.042612,-0.004610,0.025612,-0.065733,-0.004602,0.134432,0.000000,-0.052198,0.081135,-0.000616,0.064977,0.005519,-0.013937,0.003196,-0.053445,0.101224,-0.002514,0.007536,0.028527,0.023030,0.102240,-0.061078,0.002324,-0.042444,-0.054721,0.017415,-0.069535,0.027088,0.078410,-0.003357,0.011441,-0.077424,0.065144,-0.065460,0.036525,0.062287,-0.018337,-0.108847,0.005116,-0.000083,0.066440,-0.084566,0.006500,0.000138,0.045262,-0.068988,-0.021217,0.021625,0.030490,0.076484,0.051668,0.018450,-0.029471,-0.049034,-0.024585,0.183824,-0.014084,-0.037880,-0.006507,-0.066920,0.043043,-0.089434,0.046354,0.126996,0.026239,-0.041570,0.051173,-0.027600,0.048790,-0.036039,-0.037211,0.026649,0.025703,0.103017,-0.069415,0.104368,-0.053448,0.077638,0.049422,0.040004,0.003494,-0.002155,0.063473,-0.033028,0.052866,-0.018729,0.001737,-0.047633,0.043835,-0.004263,-0.006229,-0.024394,0.053372,0.003230,-0.054967,-0.029632,0.072746,-0.033303,0.025234,0.015660,-0.029301,-0.040216,-0.000000,0.049148,0.068349,-0.008797,0.031614,0.082474,-0.063727,0.048540,0.103432,0.032519,0.032342,-0.014920,0.018054,0.048932,0.027504,0.012124,0.054363,-0.046711,0.022915,-0.001648,-0.040462,0.071416,0.053925,-0.023802,0.020187,0.006455,-0.024961,0.011273,0.086544,-0.069484,-0.036029,0.029351,0.040945,0.054736,-0.056430,0.012127,-0.086452,-0.047199,0.040169,-0.024687,-0.042657,-0.043640,-0.038211,-0.093854,-0.041531,0.039214,0.027366,-0.090572,-0.002732,0.004704,-0.022725,0.029978,0.076851,0.053710,-0.003198,0.084614,-0.031344,-0.047646,0.011117,-0.087519,-0.030744,-0.014237,-0.088965,0.020552,0.051788
0.062956,0.027071,0.010221,0.019493,0.052548,0.030407,-0.043258,0.044588,-0.036784,-0.019971,-0.014986,0.086087,-0.046626,-0.018010,0.024619,-0.005194,0.109141,0.007996,-0.047046,-0.067531,-0.052135,-0.006781,-0.021517,0.023617,0.048441,0.031857,-0.073038,0.006787,0.047250,-0.030080,-0.032836,0.048051,0.092954,-0.047420,0.053811,-0.038763,0.018062,0.031126,-0.025513,-0.056566,-0.013443,-0.058313,-0.054987,0.069735,-0.056538,-0.046142,0.045491,0.008064,-0.000420,0.034512,0.001106,-0.005229,0.017301,-0.075723,0.012202,0.032547,0.025005,0.013094,0.005646,0.009771,-0.085014,-0.061119,0.077318,-0.041682,0.068587,-0.119696,-0.015960,-0.032942,-0.128312,-0.006305,0.028406,-0.023677,0.058637,-0.127062,0.050942,-0.015556,0.018197,0.026601,0.091860,-0.023540,0.062440,-0.009624,-0.000733,-0.020898,-0.092648,-0.011513,0.049832,0.003360,-0.025851,-0.041224,0.064270,-0.017384,-0.004321,-0.027278,-0.072583,-0.023515,-0.067119,-0.026365,0.064769,0.072042,0.056146,0.083050,-0.035862,-0.054274,0.004661,-0.024169,0.067189,0.073545,0.005559,0.019077,-0.001272,-0.017675,-0.032283,-0.010111,-0.060685,-0.031963,0.025122,-0.041212,0.103426,-0.035744,0.142628,-0.043715,0.030970,0.043012,-0.112024,0.028459,-0.051463,-0.000000,-0.041712,-0.030667,0.030722,-0.002887,0.022047,-0.064441,0.023146,0.011259,0.037724,-0.012078,-0.095540,0.079753,0.004305,0.004596,0.073715,-0.113486,-0.141719,0.024801,-0.002468,0.038458,0.010013,-0.147941,0.025437,0.045340,0.094939,-0.021888,0.006378,-0.008545,0.019087,0.001091,0.074610,-0.007794,-0.006077,0.016709,-0.074567,-0.051520,0.069941,-0.024703,0.025203,0.010919,-0.106283,0.046796,0.048635,-0.002310,-0.030686,0.011384,0.006568,0.028740,-0.038931,-0.008675,-0.025209,0.006531,-0.043254,-0.067650,-0.031155,-0.078495,-0.002495,-0.001388,0.044881,0.050290,-0.036859,0.063660,0.076259,-0.045926,0.008557,0.142114,0.108696,0.085251,0.000990,0.074144,-0.032283,-0.005756,0.013923,-0.045566,0.095804,-0.001189,-0.033814,-0.037406,0.021367,-0.038636,0.005318,-0.015582,0.049341,-0.046419,0.087561,-0.023683,-0.048512,0.060559,0.036452,-0.016739,0.035058,0.063960,0.032043,0.063139,-0.022082,-0.000000,-0.032769,0.110361,-0.044573,0.017881,0.007998,-0.062437,-0.009217,-0.009052,0.011847,0.011891,-0.032838,0.082877,-0.013518,0.113204,-0.068928,-0.001579,-0.010401,-0.100670,-0.017367,-0.064392,-0.005101,0.050854,0.034499,0.032733,-0.045952,0.026897,-0.045996,-0.008669,0.053846,-0.026740,0.029494,-0.024632,-0.036388,0.074589,-0.010729,0.024626,0.014226,-0.038191,0.003603,-0.052140,0.028297,-0.090179,-0.012618,0.030087,-0.003899,0.045451,-0.008869,-0.015486,0.083333,0.006603,0.045952,-0.006681,-0.041685,-0.010653,-0.082484,0.013169,0.075496,-0.053219,-0.053551,0.020059,-0.041658,0.056903,-0.002743,0.030356,0.055288,0.009795,0.030546,-0.059520,0.052788,-0.041804,-0.018285,-0.004915,-0.010140,0.029125,-0.074471,0.116664,0.059712,-0.059191,0.006483,0.043897,-0.076469,-0.011025,0.027408,-0.074442,-0.032925,-0.009084,-0.027686,0.022268,-0.029990,0.051821,-0.068453,-0.022376,-0.103794,-0.003157,0.027016,-0.000000,0.002786,0.002588,0.002496,0.051327,-0.012276,-0.089953,-0.022188,0.133725,-0.002344,0.002247,-0.038089,0.009525,-0.010788,0.023423,0.008044,0.017853,-0.002270,0.075246,-0.006663,-0.129287,0.050698,0.038544,0.003893,-0.013811,-0.104033,-0.021156,0.020668,0.084068,-0.000543,-0.054767,0.108046,0.026801,-0.014515,0.039674,0.052010,-0.030090,-0.111788,0.007401,0.042181,-0.002642,-0.029562,-0.012393,-0.089291,-0.013449,-0.034437,0.008052,-0.146095,-0.028829,-0.069249,-0.081612,0.109497,0.030808,0.014902,0.032984,0.090777,-0.000046,-0.019734,-0.041505,0.014201,-0.012458,-0.005995,-0.080402,0.024559,0.036031
0.070066,0.014142,0.021648,0.000277,0.003234,-0.032689,-0.108033,0.017399,0.036299,0.030362,-0.028472,0.007705,-0.055608,-0.023554,0.048623,0.023591,-0.002020,-0.053011,0.016764,0.029462,-0.020383,-0.046737,-0.039031,0.017506,-0.022566,0.031802,-0.021083,0.020045,-0.058247,0.008338,-0.010119,0.005381,0.029955,-0.053103,0.064054,-0.001369,-0.032730,0.022152,0.046948,-0.006320,0.009527,-0.014085,-0.056235,0.042937,-0.028265,-0.004578,-0.048308,0.020228,0.017245,0.103414,0.014178,0.089041,0.005107,0.036017,-0.006378,0.021066,0.050443,-0.061920,0.001671,0.033274,-0.028398,0.023231,-0.055544,-0.018034,0.056145,-0.101210,0.028841,-0.021921,-0.090094,0.050217,-0.009221,-0.105124,-0.008523,-0.081842,0.060910,0.018096,0.035715,0.030340,0.000863,-0.066155,0.073201,-0.012095,0.029514,-0.047827,-0.130078,0.061658,0.060014,0.006175,0.021461,0.002681,-0.022797,0.029327,0.047336,-0.034593,0.090224,0.084400,-0.051877,-0.017349,0.054310,0.014946,0.074514,-0.007033,0.015705,-0.102599,0.025055,-0.071352,0.044110,0.010807,0.071815,0.003379,0.060755,0.039629,0.050916,-0.021170,0.084367,0.055834,0.015382,0.051240,0.085282,0.028421,0.075419,0.070753,-0.094529,0.005755,-0.027705,-0.028714,-0.026290,-0.000000,0.032616,-0.033107,0.002949,-0.014120,-0.028556,0.006670,0.026898,0.045552,-0.006265,-0.025330,0.002421,-0.035313,-0.027886,-0.033555,0.022633,-0.109187,0.010203,0.056540,0.013266,-0.039359,0.007101,-0.124095,-0.008016,0.045605,0.023250,0.016874,-0.015086,-0.057567,0.055094,0.002517,0.044761,0.027732,0.003973,-0.020364,-0.051870,-0.032613,0.007567,0.120892,0.029842,-0.010633,-0.099533,0.025229,-0.027949,0.026683,-0.059482,-0.087052,0.127289,0.011876,-0.040241,-0.045364,0.010048,-0.025572,-0.066346,-0.008256,-0.040930,0.015450,0.028440,-0.098797,-0.006320,-0.029059,0.015818,0.101130,-0.044909,0.060440,-0.133102,0.061050,0.006696,0.025604,-0.057614,0.098444,-0.014028,-0.082172,0.007248,-0.006555,-0.001721,-0.023849,0.096756,0.026950,0.140141,-0.064282,0.075132,-0.108036,0.039471,-0.042881,0.094939,0.016544,0.053864,-0.010527,-0.044925,-0.012030,-0.059227,-0.045580,-0.012320,0.096952,-0.017780,0.000000,-0.025784,0.030378,0.004286,0.023612,-0.069670,-0.028221,0.039159,0.107534,0.020737,0.092661,-0.027147,0.073246,0.038120,0.089579,-0.054556,-0.095293,0.127196,-0.040854,0.031578,-0.005298,0.067307,-0.026441,-0.017824,0.038603,0.009160,0.049413,-0.028898,-0.053021,-0.110689,-0.004606,-0.019889,-0.091442,-0.019231,0.041874,0.020444,-0.060542,0.005909,-0.030292,-0.035957,0.031234,0.060060,-0.024277,-0.042992,0.010053,0.029252,0.006687,0.052748,0.023199,0.015308,-0.038232,-0.070054,-0.036199,-0.052599,0.131717,-0.114014,0.011243,-0.005963,0.021622,0.012678,-0.021543,0.007386,0.094554,0.043212,-0.043421,0.016549,-0.006473,-0.036996,-0.007950,0.008520,-0.020205,0.005554,0.068697,-0.052208,-0.029482,-0.092455,0.145334,-0.025194,-0.131961,0.030332,0.072997,-0.016116,-0.001882,0.001479,-0.006305,-0.029783,-0.064836,-0.000025,-0.027211,-0.027681,-0.003221,0.004871,-0.037684,0.034895,0.024018,0.012017,-0.000000,-0.016508,0.017799,0.096421,0.015756,0.043598,-0.096826,-0.006381,0.023551,0.058582,-0.006118,0.041196,-0.028372,-0.025062,0.019429,-0.049536,0.021537,0.020752,-0.010488,-0.000863,0.013817,-0.070726,0.035791,-0.028379,-0.015135,0.013214,-0.018666,0.012910,0.033779,-0.042067,-0.005302,-0.038677,0.020796,-0.060284,-0.022072,-0.075741,0.008372,-0.032807,-0.009652,0.004715,-0.056714,0.018620,-0.054158,-0.044188,-0.012266,-0.041568,-0.099644,-0.081111,0.035275,-0.008460,-0.124479,0.080516,-0.032392,-0.030159,0.090149,0.118090,0.022572,-0.082593,0.044798,-0.153836,-0.045881,-0.015720,-0.035166,0.026259,-0.028039
0.067464,0.121022,0.005962,0.056815,-0.026484,0.025506,-0.067160,0.079068,-0.050949,0.049502,0.043701,-0.021565,0.012108,-0.070385,0.016089,0.027579,-0.004449,-0.071259,-0.052269,0.008390,-0.005528,0.037261,-0.074703,-0.016988,0.119043,0.002960,-0.042514,0.014362,0.037617,-0.037249,0.055475,0.070984,0.024145,-0.008878,0.053901,-0.062756,0.007765,-0.024481,-0.053710,-0.031011,0.013369,0.047074,-0.025267,-0.053715,-0.100857,-0.036757,-0.017969,0.057724,-0.074080,0.004585,0.037190,0.008421,-0.028393,-0.006186,0.010485,-0.049580,-0.023426,0.009248,0.016096,-0.015990,0.010414,0.035830,-0.067615,0.015860,-0.006598,0.012036,0.060156,-0.070383,-0.029613,0.024818,0.050786,-0.071075,0.038945,-0.004918,0.049403,-0.037271,0.082728,0.108320,0.055627,0.029985,-0.041467,-0.030278,-0.032606,-0.073239,-0.032310,-0.002962,-0.047210,-0.028511,0.080153,0.038113,0.091217,-0.101494,0.106052,-0.009231,0.036327,-0.037709,0.012876,-0.046807,-0.003496,-0.002056,0.019030,0.102149,-0.094057,-0.050916,-0.010441,0.023511,0.068119,-0.012829,0.012120,0.030988,-0.037029,-0.012634,-0.008047,-0.061329,-0.037852,0.020131,-0.074517,-0.021336,0.021972,-0.085934,0.027094,0.049777,-0.033272,0.001287,-0.053657,0.006643,-0.070057,-0.000000,0.098933,-0.079645,-0.024791,-0.085603,0.059885,0.005974,-0.014264,0.016690,0.011784,0.009802,-0.012348,0.094948,0.019012,-0.021133,-0.004763,-0.075066,-0.122942,0.040956,-0.038708,0.095770,0.011319,-0.046209,0.027751,-0.006208,0.010064,-0.026255,-0.077227,0.044887,0.065855,0.009582,-0.039363,0.019805,0.089466,-0.030351,0.037009,-0.009460,0.009549,0.059094,0.033410,-0.015540,0.021854,0.063833,-0.015368,-0.010890,-0.019469,-0.006055,0.087372,-0.080329,-0.059469,-0.025309,-0.021882,0.030543,-0.085973,-0.025297,-0.022046,0.024330,0.033163,0.021529,0.040954,-0.011983,-0.039037,0.070958,0.130162,-0.021287,0.025564,0.111358,0.062636,0.027653,-0.147789,-0.050515,-0.013560,-0.030252,0.079677,0.033936,0.023086,-0.096333,0.024727,0.017524,0.067158,0.015900,0.040218,0.016240,0.073782,-0.017766,0.083481,-0.031713,0.007324,0.007561,-0.018868,-0.050641,-0.013481,-0.025687,0.037682,-0.000580,0.157859,-0.000000,-0.047332,0.001208,0.004370,-0.047404,-0.067670,0.014645,0.111466,0.049832,0.051605,-0.016689,-0.012055,-0.007854,-0.028246,-0.002425,-0.015602,0.016465,0.009746,-0.045472,-0.013481,-0.040028,0.047678,-0.007592,-0.003372,0.081051,0.011779,0.037170,-0.005539,-0.031032,0.024085,-0.042395,0.005423,-0.006741,-0.071221,0.048473,-0.018861,-0.048603,0.008821,-0.025640,-0.046807,-0.140113,0.097908,0.034209,-0.004904,0.020691,0.061950,0.058658,-0.044926,-0.011595,0.122302,-0.056431,-0.006613,-0.006150,0.012539,0.158956,-0.020678,0.028280,0.126840,-0.054346,-0.014407,0.001269,-0.009052,0.041704,-0.009117,0.023397,0.007223,-0.031939,0.019878,-0.081522,0.025675,-0.093592,0.048326,-0.055634,-0.013769,-0.048536,0.081922,0.095917,-0.044016,-0.043117,-0.073823,0.025893,0.021568,0.015900,-0.002571,-0.007415,0.036135,-0.009469,-0.020111,-0.134297,-0.018811,0.126362,-0.048304,-0.053458,0.003769,-0.002468,0.001437,-0.000000,-0.044939,0.009753,0.013668,0.018144,0.017884,-0.064911,-0.023210,0.033125,-0.019511,0.011150,0.041293,0.022448,-0.068336,0.020235,-0.046163,-0.083577,-0.036143,-0.005669,0.027504,-0.026534,-0.010628,-0.010075,-0.024073,-0.070761,0.021922,-0.023899,0.028915,0.134045,-0.020842,-0.054585,-0.049171,-0.005870,-0.041496,-0.029118,-0.023732,-0.050412,0.077690,0.006943,-0.028296,-0.027449,0.007459,-0.005288,0.042196,0.016438,0.007459,0.057782,-0.101397,0.023365,0.028336,-0.171133,0.078270,-0.002185,-0.008150,-0.000660,0.011299,-0.008846,-0.061342,0.024475,-0.044885,-0.037069,-0.021632,-0.117836,-0.068910,0.057255
0.005509,-0.005248,0.072514,0.044155,-0.021373,-0.088455,-0.066149,0.021386,-0.041183,0.007976,0.025142,0.024535,0.079744,-0.049062,-0.018497,-0.002392,0.062475,-0.091410,-0.079351,-0.013291,0.019755,0.078045,-0.065494,0.041987,0.005926,0.044687,-0.138571,0.053979,0.012798,0.010213,-0.062013,0.037011,0.117918,0.001949,0.068862,0.005947,-0.037722,-0.079586,0.025854,0.040424,-0.014076,0.033533,-0.014207,0.045608,-0.038953,-0.050541,-0.052534,-0.060386,-0.047811,0.003306,-0.025877,0.084034,-0.077507,-0.038395,-0.000797,0.008512,-0.030321,-0.112117,0.026665,-0.008482,-0.050288,0.012568,-0.040599,-0.038193,0.035682,-0.054914,-0.019312,-0.003860,-0.039701,0.059364,0.013997,0.015791,-0.017113,0.052973,0.043665,0.000912,0.116413,-0.041174,-0.027177,0.008531,-0.004375,-0.032590,0.027388,-0.074944,-0.032041,-0.019223,0.019557,-0.005229,-0.034501,0.071488,0.019754,-0.077710,0.062053,0.080199,0.003645,0.079848,-0.014801,-0.065297,0.021127,0.051474,0.029999,0.024103,0.057327,-0.095209,-0.073486,-0.024908,0.009036,-0.014977,-0.082621,0.022593,0.003394,0.064961,-0.060298,-0.071169,-0.035680,-0.013318,0.000508,-0.041576,-0.056381,-0.052123,0.009935,0.009797,0.057793,0.042094,0.001771,0.070999,0.051204,-0.000000,0.067229,-0.099299,0.010407,-0.036147,0.085794,0.052912,-0.013632,-0.036318,0.057367,-0.018040,-0.043805,0.083378,0.017366,0.017134,-0.000043,-0.099544,-0.053864,0.056853,-0.032317,0.012342,-0.068026,-0.148027,-0.038979,-0.029379,0.041061,0.009059,-0.033541,0.048217,-0.043245,0.018069,0.025768,0.098654,0.100898,-0.030546,-0.026396,-0.015429,-0.051123,0.005852,0.042112,-0.009147,-0.017497,0.058097,-0.005082,0.053050,0.006966,0.071801,0.060558,-0.033407,-0.074676,-0.019593,-0.005827,0.026743,0.039025,-0.033667,-0.057998,0.016894,0.132410,-0.012077,-0.004087,0.001393,-0.075221,0.065396,0.073582,-0.028271,0.023895,0.028448,0.062297,0.028546,-0.015017,0.018120,0.009304,-0.035776,0.006792,-0.002137,0.089530,0.003562,0.038683,0.034009,0.044650,-0.026305,-0.044412,0.010040,0.082990,-0.065097,0.117427,0.030146,-0.013148,0.047535,0.007397,0.030621,-0.016978,0.025895,-0.001490,0.015503,0.025690,0.000000,-0.009536,0.152750,-0.024501,-0.012606,-0.080299,-0.014639,0.048773,-0.019073,-0.020686,0.087315,-0.031728,0.034232,-0.014760,-0.028182,-0.015295,-0.065586,0.058956,0.011087,0.024303,-0.071123,0.037426,0.023474,-0.053409,0.091474,-0.033629,0.030198,-0.101746,-0.000621,-0.044803,-0.092671,0.018719,0.012104,-0.011975,0.031998,-0.026273,0.051128,-0.009558,0.083649,0.066974,-0.060066,-0.000425,-0.029877,-0.001387,0.017596,-0.046486,-0.033924,0.137621,-0.092264,0.013586,0.004224,-0.089062,0.049286,-0.086123,0.128540,-0.019015,0.036369,0.015981,-0.097691,-0.007793,-0.030850,-0.009310,0.032778,0.021160,-0.072076,0.056099,-0.026431,0.067542,-0.030167,0.017379,0.006048,-0.022748,0.004221,-0.006196,0.044689,0.007607,-0.008901,-0.054617,-0.011551,0.037089,0.067814,-0.001231,0.001757,-0.016572,-0.000558,0.030906,-0.022077,0.056659,-0.095472,0.028216,0.096997,-0.065783,-0.010189,-0.028012,-0.016846,0.014099,-0.000000,0.005234,-0.005657,-0.020546,0.041027,0.044708,-0.011483,-0.016511,0.115808,-0.012314,0.031948,-0.029925,-0.007537,-0.067241,0.058870,0.042054,-0.043072,-0.016166,0.032557,-0.055133,-0.098609,-0.000465,0.085549,-0.031099,-0.020463,0.057490,-0.014113,0.021470,0.082976,0.039090,-0.052871,0.020100,-0.029253,-0.083617,-0.064066,-0.008525,-0.013856,0.005782,-0.007647,0.008803,-0.053242,-0.020892,-0.044361,0.072296,0.062386,0.009461,0.027801,-0.208443,0.038554,0.027870,-0.116861,0.118650,-0.024295,0.003562,0.068691,0.047218,-0.009857,-0.025671,-0.019855,0.012429,0.009494,-0.053352,-0.091788,-0.055862,0.023127
-0.024437,-0.040279,-0.013498,0.059555,0.086557,0.065586,-0.031861,0.008538,-0.008592,0.026461,-0.014245,0.069793,-0.077664,-0.011074,0.108502,-0.011806,0.045456,0.019504,-0.038519,0.039541,-0.002104,0.018888,0.023858,0.038941,0.019853,-0.045989,0.032605,0.004835,0.077264,0.040495,-0.094163,-0.005212,0.063863,-0.010446,0.047583,-0.000396,-0.036467,-0.102877,-0.035576,-0.046836,-0.009346,-0.115095,-0.067855,0.009725,-0.058078,-0.000097,0.008113,0.087945,0.008262,0.086730,-0.027447,0.024948,-0.073458,-0.059270,0.057786,0.009877,-0.013717,-0.106417,0.026698,0.044301,-0.061584,-0.043799,0.003410,0.006755,0.027218,-0.051433,-0.056340,0.069534,-0.080809,-0.024893,-0.036837,-0.037985,0.022290,-0.058622,-0.010924,-0.024141,0.023440,0.012786,0.092423,-0.009462,-0.006019,-0.046842,-0.071408,-0.002364,-0.030604,-0.021067,0.019841,-0.014535,-0.008524,0.067809,0.051568,-0.075221,-0.051229,0.130811,-0.101601,0.001516,-0.052922,0.011849,-0.012052,0.004664,0.046790,0.067146,0.004960,-0.023189,-0.079135,-0.097213,-0.028498,-0.005462,0.040662,0.059516,0.003962,0.030195,-0.023599,-0.058295,-0.069900,0.007680,0.028503,-0.089021,0.035971,-0.037688,0.044685,-0.002455,-0.021141,0.025693,-0.036843,0.027002,0.011926,-0.000000,-0.039640,-0.000553,0.058920,-0.043443,-0.060676,0.008997,-0.075495,-0.047248,0.011113,-0.030649,-0.060394,0.083131,-0.019642,0.111089,-0.029349,-0.098541,0.007497,0.030410,0.108627,0.075230,0.050479,-0.162016,0.017714,0.051583,-0.056253,0.024200,0.010512,-0.029048,0.056779,0.026702,0.028205,0.037080,0.033177,-0.098760,-0.083063,0.007205,0.001604,-0.025090,-0.042004,0.002108,-0.014931,0.051053,-0.020342,0.015101,0.071726,0.066381,-0.004473,-0.061202,-0.038716,-0.047035,-0.087362,0.033949,-0.010057,-0.059616,-0.048565,-0.012866,0.012968,-0.082203,-0.034284,-0.015446,-0.067798,0.010094,0.092650,0.011975,-0.110345,0.079799,0.002611,0.025577,-0.138529,0.053590,0.024939,0.040660,0.004964,-0.038309,0.029971,0.060821,-0.025609,0.044662,0.091702,-0.020765,0.013908,-0.025822,0.077839,0.028146,0.071234,0.024024,-0.072687,0.012663,0.047485,-0.052953,-0.014276,0.050835,-0.000202,0.106538,0.020467,0.000000,0.008279,0.072891,-0.071149,-0.021813,0.014111,-0.049359,-0.041032,0.035445,0.041507,0.074238,-0.030407,0.006796,-0.037340,0.018991,-0.052759,-0.028722,0.052622,0.018709,0.003600,-0.019591,-0.065941,0.087875,-0.001008,0.078016,0.013542,0.060648,-0.008201,0.040926,0.009917,-0.020812,-0.036763,0.036887,-0.038512,0.033609,0.009711,0.097694,0.011187,0.023468,0.024963,0.119691,0.085836,-0.038673,0.035097,0.022349,-0.011339,-0.044569,0.079152,-0.003640,0.024128,0.032220,0.079807,0.035876,-0.013581,0.003103,-0.029626,0.016405,-0.053289,-0.033479,-0.035200,-0.042525,-0.022994,0.096883,-0.040402,-0.090349,0.009251,-0.028083,0.023266,-0.088135,0.111454,-0.028299,-0.003451,-0.056265,-0.055658,-0.051582,-0.052230,-0.028557,-0.053099,-0.089538,0.006796,0.053499,-0.063541,0.029692,0.003509,-0.014251,-0.014003,-0.057655,-0.062527,0.032072,0.010193,0.068367,-0.139916,0.001571,-0.140926,0.002769,-0.066763,-0.000000,0.002919,-0.107159,-0.001639,0.030674,0.070130,-0.067979,-0.012169,0.089057,0.033661,-0.004447,0.042593,0.065972,0.021956,0.019432,-0.024796,0.076336,0.032374,0.041113,-0.017072,-0.086901,-0.027510,0.101514,0.078614,0.027420,-0.007769,-0.013356,-0.037579,0.067359,0.038166,-0.039255,-0.002005,0.016874,0.004928,-0.008121,0.001359,0.015577,-0.059242,-0.003582,0.001733,-0.022977,-0.038845,0.017801,0.004014,0.048343,-0.075569,-0.018077,-0.132346,0.029117,0.008959,-0.058231,-0.025778,-0.001349,0.063494,0.034777,0.039475,0.017203,-0.069807,0.020278,-0.035811,0.009494,0.023579,-0.079134,-0.014038,0.051488
-0.017961,0.015530,0.078708,0.018026,0.045564,-0.061612,-0.082320,0.018653,-0.094458,-0.014226,-0.049165,0.032115,0.042784,0.025606,0.054491,0.023511,-0.055506,-0.087583,-0.048381,-0.047620,-0.077357,0.073742,-0.045926,0.008952,0.003307,0.029295,-0.124748,0.030331,0.012328,-0.064611,-0.014857,0.045795,0.093485,-0.060372,0.070801,-0.010179,0.012836,-0.076542,0.025016,0.054702,-0.050024,-0.037183,0.017419,0.016430,-0.030670,-0.037921,-0.002376,0.000464,-0.010292,0.009763,-0.027121,0.040791,-0.030880,-0.106924,-0.002771,0.123076,-0.009421,-0.046731,0.030518,-0.082069,-0.003773,0.010840,-0.080871,0.050330,-0.011264,-0.033714,-0.077309,0.034044,0.020785,0.021899,0.081840,-0.012454,0.016812,-0.010721,0.130554,0.033402,0.045486,0.012136,0.087877,-0.012376,-0.017126,-0.037642,-0.001409,-0.022337,-0.039876,-0.022101,0.012429,-0.044913,-0.027389,0.027378,0.102335,-0.094712,0.030345,0.042501,-0.007029,0.038415,0.030291,-0.156255,0.028653,0.094345,-0.064272,0.007183,0.022477,-0.049634,-0.042576,-0.002134,0.014995,0.016642,0.002006,-0.002021,0.023695,0.057740,0.004745,0.031259,-0.019333,-0.077099,-0.102160,-0.018258,0.004576,0.019830,0.058081,0.055728,0.065727,0.033066,-0.001568,0.103931,0.028211,-0.000000,0.057120,0.056792,0.007185,0.063329,0.078382,-0.012409,-0.039244,-0.001036,-0.058823,-0.019080,-0.030876,0.086262,-0.022039,0.021478,0.103971,-0.112445,-0.098323,0.005331,-0.060358,0.011689,-0.036947,-0.049696,0.032479,-0.092001,0.108555,0.011982,-0.001207,0.032460,-0.045235,0.054182,0.048292,0.069975,-0.018197,-0.023756,-0.047433,0.010248,-0.057304,-0.066958,0.020649,-0.018730,0.045333,0.030465,-0.025660,0.019514,0.058267,0.002543,0.044739,0.069604,-0.051430,-0.016292,0.033200,0.061004,-0.045874,-0.084381,0.015996,-0.000460,0.039982,0.019341,-0.006162,-0.039148,0.034933,0.053213,-0.000136,-0.096991,-0.035868,0.050653,0.095391,0.053159,0.013066,-0.029440,-0.064915,-0.044691,-0.013321,0.060315,0.062568,-0.007622,0.045002,0.043748,0.076969,-0.075207,0.005993,0.000442,0.038448,-0.066560,0.054732,0.010060,0.071448,-0.002020,-0.050544,0.086588,-0.017799,0.004341,0.048523,0.067527,0.006414,0.000000,-0.062810,0.033891,0.005866,-0.037781,-0.052709,-0.055194,0.040722,-0.049753,-0.016062,0.045186,0.004394,0.069261,-0.028866,-0.058779,-0.027163,-0.024058,0.008817,-0.033488,-0.031456,-0.124392,0.024456,0.015225,-0.070732,0.053297,-0.038498,0.057175,-0.100201,-0.028177,-0.003088,-0.080757,0.016008,-0.041683,-0.027910,0.004172,0.015489,0.046543,0.028850,0.013978,-0.015771,-0.062580,0.032114,0.030291,-0.021163,0.023555,0.005681,0.016839,0.097153,-0.053113,-0.073092,0.026100,-0.005340,0.028065,-0.106404,0.021779,-0.051789,0.065394,0.057760,-0.058257,-0.019448,-0.014038,-0.050797,-0.002686,-0.013751,0.012333,0.125059,-0.047936,0.005597,-0.006398,-0.053208,-0.004884,0.005658,0.014196,-0.035971,-0.005471,-0.027988,0.048696,-0.077190,-0.084702,-0.090902,0.050323,-0.034213,0.019668,-0.059300,0.077466,0.010980,0.006459,0.109311,-0.066547,0.069446,0.080847,-0.035903,-0.006522,-0.024576,-0.029612,0.043000,-0.000000,0.020217,0.090857,-0.040142,0.081636,0.012135,-0.055495,-0.039371,0.028265,0.001062,-0.029701,-0.007235,0.035179,-0.101176,0.061271,0.094498,-0.023867,-0.062942,0.071335,-0.086183,-0.089434,0.016276,0.108211,-0.033957,0.050929,-0.030563,-0.015744,0.038458,0.087358,0.029189,-0.000175,-0.024654,0.009203,-0.063445,-0.031116,-0.017100,0.010742,-0.017695,-0.053713,0.014508,-0.059556,0.036451,-0.009734,-0.001358,0.055334,0.013327,0.019741,-0.129977,0.050757,-0.012388,-0.111463,0.043426,0.008396,-0.029854,0.081973,0.052792,-0.012316,-0.038938,-0.067975,-0.021305,-0.055254,-0.030426,-0.087573,-0.003622,0.008023
-0.018353,0.027885,0.001596,-0.037813,0.042059,0.051562,-0.002836,0.023608,-0.008135,-0.038641,0.023434,0.095440,-0.103468,0.082998,0.021591,-0.024763,0.074875,-0.025864,-0.035716,-0.108497,0.011195,-0.052452,0.002011,-0.045376,-0.013663,0.021316,-0.032098,0.066841,0.018327,-0.064683,-0.050605,-0.023888,0.125454,-0.063000,-0.033043,0.018649,-0.005875,-0.046315,0.015263,-0.017993,-0.018471,-0.075377,-0.030148,-0.012293,-0.024259,-0.005735,0.022749,-0.017919,0.043323,0.083939,0.007659,-0.089224,-0.022646,0.040342,-0.014766,0.041181,0.000708,-0.111070,0.014667,0.003807,-0.034902,-0.025563,-0.021534,0.071527,0.079519,-0.062865,0.031101,0.042757,-0.043099,0.016638,0.005522,-0.049942,0.049911,0.024242,-0.021057,0.020522,-0.021306,-0.012774,0.067837,-0.008362,-0.016307,0.015343,0.008317,0.002281,0.003368,0.038306,0.038898,-0.012564,-0.035842,0.007770,0.027683,-0.003064,0.045880,0.001588,-0.103671,0.094324,-0.036947,-0.023849,-0.102842,-0.001255,-0.018426,-0.046666,-0.022585,-0.036588,-0.066451,-0.094010,0.037752,0.037837,0.036412,-0.002002,-0.028236,0.043193,0.003534,-0.025116,-0.060537,0.051696,0.000492,-0.030581,0.119726,-0.094079,-0.028633,0.041150,0.000945,-0.075728,-0.012646,-0.033660,-0.007096,-0.000000,-0.014442,0.125255,-0.017383,-0.025923,0.020888,0.011189,0.001398,-0.017139,-0.029598,-0.038386,-0.047752,0.021260,0.049037,-0.030901,-0.075898,-0.086250,0.033233,0.129812,-0.021107,-0.017682,-0.038684,-0.085163,-0.044921,0.011198,0.038662,-0.023685,0.042210,-0.034027,-0.012558,0.037960,0.058624,0.018255,-0.017487,-0.009916,-0.043456,0.110943,-0.095447,-0.059119,0.011424,-0.002099,0.009256,0.033724,-0.018518,0.043484,0.063509,-0.013315,0.009047,0.004923,0.007895,-0.001683,-0.033431,-0.019343,0.003584,-0.016019,-0.020086,0.035469,0.078896,-0.153983,0.026212,-0.011537,-0.066389,-0.009399,-0.046876,0.008331,-0.053937,0.052334,-0.000044,0.000599,0.018777,-0.034083,-0.030900,0.010147,0.091452,-0.004446,-0.047082,0.108668,0.004570,0.006411,0.048481,0.045110,-0.014275,0.013640,0.026137,0.047211,0.059874,-0.005603,0.087188,0.024912,-0.051741,0.102697,-0.070561,0.039851,-0.034646,0.053485,0.002900,0.000000,0.007986,-0.008813,0.057132,0.018626,0.057345,0.026917,0.063181,-0.108082,0.036033,0.103367,-0.038486,0.010002,0.012817,-0.056955,0.001300,0.014883,0.029654,-0.125491,-0.010446,-0.074978,-0.038600,0.139101,-0.026735,0.125158,-0.008122,0.082241,-0.125790,-0.005785,0.009684,0.010025,-0.093099,-0.053709,-0.117107,0.034507,-0.041898,-0.005201,0.080274,0.022775,0.013149,0.108123,0.087879,0.013895,-0.046206,0.120261,-0.048398,-0.026907,0.030083,-0.061884,-0.054780,0.036277,-0.047908,0.011530,-0.025426,0.010118,-0.015025,0.108228,0.059640,-0.027826,0.007742,0.044666,0.073223,0.083252,0.028636,-0.025890,0.064611,0.003048,0.061040,0.012258,0.031365,-0.057804,0.019264,0.014867,0.007328,-0.017637,-0.062412,-0.077051,0.110835,-0.033743,-0.035599,0.020265,-0.026233,-0.040095,-0.070857,-0.000479,0.060959,-0.046753,0.021356,-0.096612,0.012603,-0.006480,-0.141732,-0.009557,-0.051099,0.011891,-0.038120,-0.000000,-0.024098,-0.065664,0.016062,-0.016447,0.027747,-0.084168,0.037819,0.057683,0.017988,0.007472,0.036593,0.033288,-0.015502,0.100802,0.033482,-0.015321,0.081145,0.018085,-0.092983,-0.007368,-0.063188,0.046298,0.032321,0.042184,0.000698,-0.045172,0.067280,0.116829,0.069555,0.027092,-0.054167,0.051853,0.024472,-0.014536,-0.034845,-0.010946,-0.021302,-0.025828,-0.009880,-0.008690,-0.052202,-0.009859,-0.014960,0.117797,-0.001410,-0.036279,-0.123016,-0.014216,-0.009636,-0.028390,-0.012991,-0.048468,0.102169,0.073779,-0.024440,0.045500,-0.003862,-0.074659,-0.032650,0.000861,0.018725,-0.023810,0.073218,0.029114
-0.024771,-0.035650,-0.028907,0.012173,0.016739,-0.001898,-0.024426,-0.035071,-0.039212,0.007657,-0.010282,-0.008905,0.017353,-0.049815,-0.079819,-0.021585,-0.055805,0.027234,-0.038806,-0.067255,-0.014530,-0.012047,-0.021457,-0.047390,0.025950,0.030402,-0.030096,0.041477,0.034834,-0.050350,-0.030658,0.072456,0.074616,0.030671,0.029976,0.131111,-0.002198,-0.055544,0.090012,-0.050527,0.000092,-0.104335,0.020923,0.004237,-0.051105,-0.011833,0.030072,-0.072925,0.027973,-0.018447,-0.015970,0.010533,0.038924,-0.051953,-0.029021,0.022716,-0.004751,-0.012665,-0.009840,0.002222,0.052247,0.020967,-0.071549,0.006623,0.059050,-0.025431,-0.091260,0.142661,-0.044554,-0.080472,0.077937,-0.081264,-0.099204,-0.001089,-0.068776,0.050462,0.066476,0.011189,0.078801,-0.036087,0.040324,0.020837,-0.016210,-0.088075,-0.149195,0.038514,0.025015,0.129945,0.062401,-0.030750,0.020555,-0.016176,-0.026417,0.015661,-0.048284,0.060528,-0.049054,-0.028737,-0.055899,0.015897,0.004010,-0.022469,0.008364,-0.103295,-0.007766,0.005261,-0.052978,0.047466,0.051384,0.011646,-0.038821,0.017080,-0.095373,0.051893,0.000732,-0.014617,-0.045545,-0.080596,0.049870,-0.040590,0.020216,-0.001475,-0.099197,-0.024651,0.001290,-0.045332,-0.064950,-0.000000,-0.098939,0.052045,0.007298,0.091379,-0.014369,0.013961,-0.005136,-0.059785,-0.026278,-0.110862,-0.034940,0.055366,0.002515,0.055160,-0.001224,-0.114046,-0.007797,-0.008526,0.088403,-0.016348,-0.031579,-0.056510,-0.039607,0.082023,0.096585,-0.062701,0.045031,-0.086223,0.001727,0.010952,0.113956,0.093817,-0.020520,0.006190,-0.078403,0.055505,-0.018982,-0.018314,-0.027754,0.043939,-0.015800,0.021826,0.018883,0.022522,0.038419,0.028834,0.040896,0.078440,-0.013144,-0.012591,-0.016302,0.059336,-0.045809,0.019295,0.114528,0.015146,-0.011155,-0.013066,0.037417,0.015578,-0.028919,-0.022925,-0.070609,0.017669,-0.002226,0.088271,-0.053944,0.029787,0.011564,0.103130,-0.027763,-0.041640,-0.004667,0.040266,0.008032,0.072537,-0.039780,0.075940,0.007629,0.072447,-0.012926,0.008755,-0.055265,-0.045591,0.067885,0.009966,-0.015373,0.055756,-0.010459,0.022594,0.040813,0.057956,0.018060,0.096364,-0.052539,0.000000,-0.065950,0.071521,0.047706,0.023848,0.023220,-0.020229,0.021494,-0.091314,0.081270,0.129147,-0.050687,-0.014651,0.014066,0.010080,-0.081167,-0.082582,0.091745,-0.018807,0.004440,-0.029835,-0.092287,0.116914,-0.075563,0.034167,-0.058659,-0.021943,-0.065069,-0.037038,-0.064676,-0.033400,-0.006651,-0.070393,-0.091460,0.049981,-0.035752,0.041449,0.094952,-0.056158,0.010789,-0.022910,0.057969,-0.029692,-0.060293,0.036084,-0.089657,-0.089803,-0.031609,0.001399,0.012663,0.030548,0.039656,0.080865,-0.055459,-0.111214,-0.026518,0.031338,0.119647,0.005293,0.018121,0.067194,-0.004892,0.045334,0.056392,0.055414,0.040786,0.010848,0.053053,0.055099,0.025486,-0.042633,0.132674,0.057648,-0.037288,0.020828,-0.045844,0.011506,0.052479,-0.049375,0.001529,0.007762,0.045048,0.039408,0.034512,-0.018628,0.035441,-0.033376,0.041840,-0.034867,0.048060,0.029830,-0.113574,-0.039233,0.002425,-0.038766,0.014997,-0.000000,-0.067541,-0.016806,0.011663,0.005724,-0.017992,-0.023460,0.066073,0.077044,0.036798,0.011573,-0.010543,0.043916,-0.104130,0.056369,0.067134,-0.047669,-0.025369,0.056284,-0.031858,-0.025227,0.083057,0.015701,0.028819,0.088645,-0.024750,0.009354,0.012576,0.016732,0.004921,0.061696,-0.005956,0.018267,0.002974,0.032992,-0.046745,-0.054284,-0.049989,-0.005567,0.005116,0.026261,-0.049022,-0.005371,0.006101,0.012421,-0.053197,-0.006348,-0.097390,-0.018222,0.025609,-0.053867,-0.012904,-0.032996,0.074629,0.000878,0.025035,-0.031028,-0.044989,-0.012887,0.048603,-0.028541,-0.053316,-0.055800,0.019224,-0.001325
-0.058368,0.022560,-0.004874,-0.086607,0.043274,0.036769,0.002350,-0.037789,-0.000569,-0.078165,-0.061891,0.055226,-0.030051,0.043593,0.103339,0.015044,0.013638,0.017234,-0.073956,0.049280,-0.060357,0.022592,-0.000393,-0.001484,-0.132222,0.036966,0.029190,-0.004977,0.002618,-0.085092,0.062719,0.008990,0.090571,0.021421,0.037390,0.025504,-0.016830,-0.091679,0.034142,-0.011441,-0.050754,-0.108213,-0.087177,0.020560,0.036453,-0.032794,-0.018785,0.043971,0.008030,0.009591,-0.050720,-0.045620,-0.025731,-0.098634,-0.017453,0.086803,-0.015478,-0.057079,-0.022898,-0.017205,0.000108,-0.044588,-0.042521,0.105932,0.003375,-0.022936,-0.036508,0.042617,-0.117728,-0.025505,-0.005346,-0.030519,0.049578,-0.038796,0.012758,0.019668,0.094791,0.012761,0.068063,-0.075047,-0.006743,0.009637,-0.068048,-0.033827,-0.000226,-0.104641,-0.001377,-0.084215,0.010128,-0.010244,0.005483,-0.021577,0.035364,-0.034637,-0.031929,0.049566,-0.058185,-0.100999,0.006681,0.052771,-0.014188,0.057739,-0.044450,-0.061827,-0.079398,-0.051433,-0.030172,0.075197,0.019740,0.037695,-0.000599,-0.009376,0.005454,0.004123,-0.015286,-0.099843,-0.028437,-0.033555,0.117078,-0.021264,-0.001143,0.034686,-0.034500,-0.045045,-0.014515,-0.011634,-0.015203,-0.000000,-0.082568,0.051687,-0.026431,-0.023306,0.030704,0.024838,-0.056586,0.003192,-0.083566,-0.006898,0.031282,0.098121,0.079070,0.127495,0.029360,-0.092884,-0.077071,0.097729,0.084771,0.025985,-0.049803,-0.005331,-0.004272,0.000686,0.038562,-0.052298,0.068395,0.032174,-0.005491,0.017815,0.047356,0.003513,-0.067768,-0.034063,-0.057456,0.106147,-0.103867,-0.073818,-0.023643,-0.015446,-0.014681,0.044870,-0.036570,0.022364,-0.039817,0.072600,0.076525,0.018225,0.028224,-0.052903,-0.020608,-0.013696,-0.013933,0.001669,0.026633,-0.043735,-0.024260,-0.073079,0.009939,-0.059252,0.029273,-0.101631,-0.041099,0.010878,-0.062247,0.063585,0.027398,-0.018812,0.003323,0.010044,-0.012206,-0.005449,0.092773,0.044084,-0.025391,0.034435,-0.063300,0.081943,0.097983,0.008101,-0.025712,0.014127,0.098791,-0.035044,0.103491,0.046623,0.084745,0.004264,-0.028121,0.011674,-0.048151,0.009481,-0.025183,0.060874,0.063546,0.000000,-0.052045,0.052442,-0.028124,0.032808,-0.003597,0.022542,-0.017914,-0.075453,0.036505,0.048270,-0.016493,0.095304,-0.013505,-0.032466,-0.069105,-0.068762,0.035633,-0.058773,0.000453,-0.036976,0.034195,0.135048,-0.036694,0.087185,0.051346,0.023224,-0.032614,0.001141,0.059687,-0.024110,-0.041448,-0.080727,-0.055758,-0.001544,0.013100,0.044933,0.020350,-0.013324,-0.008616,0.032047,0.040751,-0.043484,-0.025170,0.050127,-0.002362,0.012772,0.064068,0.022262,-0.059662,0.019371,-0.026524,0.061058,-0.023048,-0.035031,-0.031795,0.108150,0.074669,-0.083884,0.040097,0.032799,0.012447,0.123759,0.053616,0.017636,0.097848,-0.013196,0.018111,-0.037010,-0.007812,-0.019510,0.016340,-0.032771,-0.040276,0.019959,-0.049890,-0.025814,0.054211,-0.084941,-0.039594,0.033182,0.002355,-0.019647,0.007599,0.004774,0.010940,-0.102492,0.002810,-0.032644,-0.018365,0.042162,-0.112215,-0.008101,-0.057711,-0.004648,-0.006226,-0.000000,-0.027646,-0.030841,-0.006450,0.074321,-0.004391,-0.043666,-0.068551,0.001018,0.026647,0.019620,0.074995,0.034221,-0.061428,0.134085,0.029704,0.034654,-0.006257,0.067175,-0.057171,-0.045773,0.018845,0.100941,0.014780,-0.050477,0.029599,0.052019,-0.022534,0.119052,-0.016562,-0.062069,-0.039046,0.029333,-0.000571,0.010089,0.023625,-0.026334,-0.080501,0.033120,0.057667,0.057753,-0.065057,0.028662,-0.008321,0.075123,-0.043663,-0.018814,-0.156991,0.059313,-0.014845,-0.027318,-0.038012,0.039639,0.057137,0.053713,0.040244,-0.007282,-0.012761,-0.046201,0.039042,0.077754,0.040292,-0.028363,0.033767,-0.031245
-0.046096,-0.000199,-0.025759,0.028111,0.070201,-0.021178,-0.075027,-0.021170,-0.020154,-0.024076,0.012539,0.038474,0.000836,-0.013615,0.084199,-0.084728,0.091969,-0.007778,0.000996,-0.010824,-0.037461,-0.004955,0.020963,0.020814,-0.013225,0.057623,-0.055321,-0.017674,0.024801,-0.082120,-0.018978,0.060783,0.058945,0.000642,0.115521,0.006843,-0.000033,-0.053927,0.058674,-0.029572,-0.036207,-0.020263,-0.068349,0.032632,0.011235,-0.069671,0.037288,0.040654,-0.040060,-0.011322,-0.035460,0.042510,-0.048610,-0.042727,-0.012362,0.020926,0.045560,-0.029973,-0.032043,0.062662,-0.012672,-0.073564,0.012704,0.008239,0.025976,0.013175,-0.014744,0.031518,-0.126714,-0.015541,-0.039770,0.019621,-0.028778,-0.064946,0.069068,0.042240,0.080594,-0.038070,0.037429,0.037161,0.052603,-0.039901,-0.126712,-0.006273,-0.113907,-0.085327,0.072745,-0.004994,-0.051879,-0.040253,0.013838,0.057921,-0.026616,0.021262,-0.073707,-0.003595,-0.023670,-0.033186,0.099924,0.029161,0.013351,0.052185,0.041463,-0.048848,-0.028944,-0.129041,-0.013292,0.034665,-0.014942,0.107373,-0.005683,0.019222,-0.085566,0.001958,-0.032143,-0.011942,0.018085,-0.007808,0.086785,0.033983,0.030615,0.049589,0.011042,0.009924,-0.053143,0.065066,0.042248,0.000000,-0.100019,-0.029595,-0.022841,0.020237,-0.054379,-0.002433,0.006717,0.022911,0.022053,-0.032124,-0.070225,-0.006381,-0.050495,0.080503,0.049668,-0.073683,-0.079911,0.103793,-0.005496,0.012506,-0.104844,-0.109967,0.028619,0.007656,0.084788,0.024194,0.013872,0.056466,-0.000777,-0.004466,0.036389,0.040265,0.065193,-0.021615,-0.082473,0.009528,-0.014331,0.009336,0.040160,0.026883,-0.105118,0.070113,0.013155,0.018711,-0.009747,0.045194,0.004890,-0.044164,-0.075365,-0.005929,-0.089353,0.046569,0.038644,-0.012574,-0.053451,-0.088095,0.061311,-0.097871,0.004284,-0.016506,-0.027718,0.075668,-0.024417,-0.058679,-0.011728,0.085458,0.030666,0.020149,-0.075979,0.080242,0.048990,0.005431,-0.019844,-0.069464,0.118832,0.006687,-0.031421,0.082612,0.031210,-0.078573,-0.008599,0.036470,0.046472,-0.076236,0.029308,-0.028559,-0.014025,-0.004902,0.016895,0.054056,-0.035638,0.029998,0.019865,0.038561,0.045444,-0.000000,0.030166,0.076426,-0.062878,0.093434,-0.052506,-0.030226,-0.098497,0.009736,0.013597,0.011723,-0.052189,0.047625,0.024212,0.083405,-0.003356,-0.022641,0.021996,-0.011080,0.095120,-0.028903,0.062365,-0.014612,-0.040577,0.003279,-0.016641,0.030242,-0.073610,0.029698,0.047617,-0.086577,-0.015518,-0.080621,0.025673,0.025787,0.021336,0.060739,-0.071423,0.006331,0.104642,0.030092,-0.035959,-0.009814,-0.098453,0.025608,0.015438,-0.085127,0.077780,-0.052266,0.048563,0.028587,-0.030103,0.101707,-0.054429,-0.058085,-0.116983,0.078913,-0.057707,0.042563,-0.003506,-0.022580,-0.003579,0.051518,0.043848,-0.058422,0.060867,0.000689,0.094589,-0.100520,0.015027,0.024146,0.031195,0.019958,0.014423,-0.014246,-0.046982,0.054856,-0.045317,-0.051307,0.042761,0.046246,-0.009938,0.078129,-0.007929,0.044163,-0.076577,-0.026297,-0.022803,0.021375,-0.010185,0.043656,-0.004028,0.042734,-0.045628,0.048828,0.050274,-0.000000,0.061618,-0.072206,-0.012360,0.055845,0.014531,0.018272,0.005265,0.075946,0.073959,0.008885,0.011684,-0.029213,-0.123473,0.046497,-0.030493,0.050280,-0.058809,0.103727,-0.049408,-0.092941,-0.004625,0.112557,0.140397,-0.059813,-0.011098,0.014493,0.056436,0.021940,0.051732,-0.046431,-0.022660,0.013361,-0.010686,-0.011910,-0.003673,-0.057053,-0.060040,0.054275,0.047654,-0.002269,-0.002260,-0.058656,-0.103724,-0.012078,-0.022090,0.005873,-0.091422,0.023543,-0.019304,0.035940,-0.014725,-0.016323,-0.011069,0.032051,0.025954,-0.054658,-0.069092,-0.015106,0.038870,0.040797,-0.011411,-0.064436,0.019180,0.049943
0.002014,-0.001185,-0.046769,-0.043208,-0.046061,-0.019781,0.030534,0.063727,-0.037404,0.010608,0.068357,0.010123,-0.013225,-0.023616,-0.032077,-0.026152,0.070179,-0.033449,-0.020053,0.061047,0.060541,0.025131,-0.028340,0.026390,0.046798,0.025485,-0.086853,-0.089004,0.045714,-0.063595,-0.004795,0.057035,0.064062,0.008343,0.108530,-0.051826,0.071383,-0.017590,0.028320,-0.062598,0.038954,-0.036712,-0.074433,0.029414,-0.002449,-0.027334,0.010281,0.070417,-0.023796,0.048655,0.020434,-0.005150,-0.062711,0.009678,-0.005866,-0.054677,0.009406,-0.014827,0.055650,0.012074,-0.088893,0.020715,-0.002229,0.009171,0.011423,-0.003218,-0.030541,-0.044481,-0.105534,-0.026584,0.007488,0.001784,0.032808,-0.010253,0.026165,-0.055987,0.108726,0.022069,0.002210,0.015033,-0.022523,-0.004138,-0.068613,-0.001683,0.003491,-0.050551,0.019288,0.053816,0.041841,0.000526,0.021470,-0.016208,0.104445,0.068185,-0.055493,-0.007462,-0.071673,-0.026889,0.162817,0.000666,0.027496,0.108958,0.043785,-0.091757,-0.096082,-0.046972,0.016309,0.038091,0.011732,0.022430,-0.045968,-0.023799,-0.055224,-0.025224,-0.039198,-0.023615,-0.046716,-0.029542,0.034197,-0.026379,0.012913,0.057473,0.055610,0.017788,-0.154883,0.016766,-0.016031,-0.000000,-0.043150,-0.043751,-0.026514,-0.069704,0.011767,0.050975,0.000644,0.029729,0.051953,0.019552,-0.111745,0.058003,0.033977,0.137263,0.020978,-0.052296,-0.101117,0.027257,0.039090,0.124984,-0.025361,-0.065660,0.052591,0.054262,0.040241,0.045159,-0.119129,0.037718,0.060611,0.018042,0.018009,-0.074107,0.075752,-0.069218,-0.060964,0.041731,0.048358,-0.027229,0.059108,0.041338,-0.056415,0.049163,0.024560,-0.020692,-0.027082,0.077373,-0.012427,0.005855,0.016027,-0.035788,-0.097955,-0.007538,-0.008526,-0.065462,-0.063818,-0.080651,0.026419,0.027054,0.078146,0.013346,-0.035104,0.117544,0.090611,0.008869,-0.048332,0.078770,0.066168,0.037656,-0.101638,-0.042202,-0.051972,-0.052941,0.005798,0.000289,0.036661,0.004328,-0.035314,-0.031123,0.010851,0.015904,-0.026498,0.053521,0.041415,-0.087738,0.072416,0.042908,-0.020810,0.006871,-0.011604,0.037101,0.039852,0.014056,0.025030,0.053813,0.021268,-0.000000,-0.058919,0.125469,-0.015477,-0.017106,-0.026656,0.026355,0.059547,0.017639,0.007476,0.061602,-0.013300,-0.008063,-0.022221,0.035400,-0.041642,-0.021217,0.055483,0.049220,0.026872,-0.040648,0.016906,0.049476,0.006355,0.057941,-0.013636,0.100595,-0.044579,-0.031432,0.024140,0.012113,-0.008426,-0.060911,-0.055240,0.058809,-0.088404,0.037046,0.027868,0.002487,0.087153,-0.108525,0.027568,0.017056,-0.058265,0.069260,-0.076239,-0.033740,-0.021610,0.012824,0.055538,-0.035919,-0.051682,0.070006,0.004133,-0.024471,-0.122845,0.086867,0.067190,0.005513,-0.038507,0.007505,-0.048261,0.041429,-0.021496,-0.019944,0.030398,-0.015249,0.085307,-0.054485,-0.015599,-0.011003,0.039647,0.022485,-0.012197,-0.036603,-0.046265,0.134141,-0.060499,-0.009565,0.044915,0.001222,0.046080,-0.034556,0.070354,-0.010017,-0.032730,-0.033800,-0.020813,-0.093267,-0.029981,0.036647,-0.077769,-0.027562,-0.012716,0.003730,0.029265,-0.000000,-0.003782,-0.057999,0.021253,-0.009312,-0.021255,-0.053192,0.045698,0.093299,-0.027271,-0.018406,-0.007570,-0.045456,-0.093184,0.050784,0.012842,-0.001325,-0.006046,0.016411,-0.012660,-0.121299,0.029768,0.014491,0.085501,-0.035475,-0.053392,-0.052874,0.005956,0.092104,0.007344,-0.063993,-0.002881,0.002349,-0.001589,-0.021856,0.089572,-0.080564,-0.007910,0.009032,-0.054923,0.003361,-0.060667,-0.070783,-0.019768,-0.025357,0.039330,0.023994,-0.123115,0.025580,-0.023350,-0.104423,0.096096,-0.015069,0.027581,-0.013268,0.028910,-0.078134,-0.083106,-0.009514,0.055060,0.041696,-0.041937,-0.101395,0.018187,-0.012952
-0.010140,0.022573,-0.024755,-0.021404,-0.080038,0.053354,-0.040680,0.010769,0.028960,0.025505,-0.025638,0.039418,-0.005543,-0.019279,-0.030591,0.008813,0.067227,-0.085315,-0.021510,-0.057343,-0.004858,-0.013850,-0.071363,0.038266,0.037253,0.003589,-0.015857,-0.002278,0.011638,-0.066406,-0.023008,-0.004770,0.064324,-0.003493,0.037941,0.002777,0.022783,-0.010769,0.012884,-0.028156,-0.024954,0.003854,-0.057600,-0.006527,-0.038708,-0.053894,-0.023657,-0.039518,0.004287,0.062635,-0.076850,-0.042227,-0.001087,-0.026764,0.055291,-0.015924,0.044419,0.000434,0.008373,0.025861,-0.016245,-0.027015,0.011790,-0.029762,0.026827,0.003364,0.051102,0.000296,-0.124921,-0.009242,0.013819,-0.052835,0.004915,-0.077341,0.059447,0.068755,0.005876,-0.010507,0.029404,-0.024856,0.078909,0.057961,-0.069345,0.014743,-0.068762,-0.062207,0.020123,-0.003755,0.012927,0.026984,-0.005056,-0.010409,0.003889,0.019896,-0.050297,0.024800,-0.083612,-0.005147,0.053713,0.029370,-0.020142,0.097908,0.032455,-0.095665,-0.072244,-0.059868,0.113665,0.050360,-0.040041,-0.013852,0.027005,-0.040246,-0.093752,-0.054688,0.036330,0.043817,-0.033618,0.026541,0.068097,0.000508,0.061389,0.029940,0.035981,-0.041786,-0.132623,0.015182,-0.046457,-0.000000,0.011929,-0.007617,-0.013469,0.009013,-0.075982,-0.065634,0.070507,0.088813,-0.011561,-0.061280,-0.039446,0.077849,0.005037,-0.024512,0.081040,-0.062876,-0.001219,0.104694,-0.030120,0.009403,0.018016,-0.021536,0.021391,-0.040423,0.088694,0.045918,-0.020732,0.060684,-0.003414,0.005785,0.088939,0.028635,0.012414,0.029322,0.006145,-0.027558,-0.005407,-0.010875,0.133197,-0.013990,-0.068239,0.013151,-0.027589,0.009316,-0.062314,0.054775,-0.029255,-0.010029,0.044677,-0.027994,-0.003630,0.057401,0.035435,-0.020926,0.006064,-0.037180,0.010615,-0.034419,0.062376,0.013379,-0.020775,0.046579,0.051126,0.030576,-0.012559,0.008563,0.086780,0.067498,0.039002,-0.109073,-0.023781,-0.030629,0.050207,-0.069280,0.028452,-0.057847,-0.052856,0.027328,0.026663,0.008635,-0.068864,0.044134,0.019990,-0.083142,0.127628,0.050431,0.070406,0.036702,-0.000131,0.002250,-0.023659,0.043435,-0.044532,0.061980,0.020724,-0.000000,0.078382,0.102211,-0.022218,-0.058410,-0.036337,0.001336,0.013808,-0.014315,-0.090885,0.059511,-0.014260,0.023169,-0.004188,-0.011011,-0.071649,-0.085031,0.015858,-0.062404,-0.011717,-0.098064,0.023568,0.031950,0.008761,0.007116,-0.039382,0.043260,-0.100557,-0.011768,-0.013809,0.071747,0.057003,-0.022156,-0.073666,0.044009,-0.037251,-0.032082,-0.010621,-0.090420,0.054872,-0.079016,-0.003291,-0.015916,-0.033438,0.084201,0.007600,-0.001335,0.013746,-0.104641,0.064815,-0.037672,-0.011297,0.052599,-0.059628,0.022089,-0.079896,0.063899,0.009532,-0.064877,0.042136,-0.024117,-0.032734,-0.008438,0.055064,0.012179,0.011427,0.046555,0.114137,-0.068788,0.068597,-0.012862,-0.009502,0.069584,0.006364,0.018823,-0.068240,0.156070,0.014236,-0.073885,-0.034671,0.018616,-0.005513,-0.052015,0.006135,-0.040393,-0.038273,-0.064335,0.030735,-0.086977,-0.072896,0.053987,-0.115626,-0.042951,-0.020191,-0.004164,0.032612,-0.000000,-0.009370,0.031951,0.005239,0.047477,0.010842,-0.133439,-0.038542,0.163224,0.043692,0.059088,0.028271,-0.133744,-0.013396,0.066076,-0.014187,-0.030812,0.027080,0.085964,-0.030170,-0.072719,0.034897,0.070303,0.003827,-0.066245,0.005479,-0.009382,-0.068598,0.080378,-0.048220,-0.023842,0.114371,0.033067,0.034876,-0.003475,0.000883,-0.016574,0.010395,0.068240,0.042071,-0.020123,-0.016979,0.008076,-0.051016,0.051227,0.004169,-0.004753,-0.177608,0.025201,-0.086932,-0.042692,0.027674,0.053887,-0.024934,0.021002,0.065442,0.017072,-0.017223,0.064568,-0.078054,0.069973,-0.012170,-0.144960,0.015762,0.027645
-0.013146,-0.034446,-0.007640,-0.032874,0.019620,0.041723,-0.108430,-0.017935,-0.033432,0.005224,-0.075236,-0.011205,0.003663,-0.059088,-0.057429,-0.043666,-0.075513,-0.086665,-0.012358,0.018655,-0.124547,-0.058533,-0.094274,0.063009,0.011562,-0.031428,0.034488,0.022074,-0.016413,-0.000222,-0.030771,0.017687,0.012172,0.062369,0.052142,0.042496,-0.015364,-0.046039,-0.004925,-0.058057,-0.005417,-0.001054,-0.013695,0.049362,-0.010222,0.035348,0.032660,-0.037570,0.028323,0.095653,-0.010404,-0.077281,-0.060042,0.053262,0.002390,0.075165,-0.040673,0.062968,0.031646,0.021792,-0.014591,0.027213,-0.003051,-0.011716,0.061720,0.044391,-0.050801,0.015303,0.039050,0.038278,-0.081401,-0.007690,-0.018542,0.003372,0.000294,0.078694,0.012388,0.002848,0.043195,-0.132877,-0.048454,-0.013559,-0.035506,0.069972,0.020748,-0.047326,-0.003210,0.034249,0.001564,0.024318,0.157965,0.060286,0.090293,0.007421,-0.098801,-0.005721,-0.068352,0.053864,0.014557,0.048744,-0.026736,0.117134,0.054995,-0.013850,-0.007525,-0.047348,0.058038,0.001270,-0.039192,0.002532,-0.035695,0.129844,-0.009526,-0.016686,0.041427,0.057272,-0.035597,0.039850,0.045718,-0.027804,0.017422,0.108491,-0.035836,-0.127966,-0.016263,0.060764,0.062754,0.000000,-0.016855,0.110149,0.052398,-0.026049,-0.048511,0.004247,0.006785,-0.018855,0.008639,-0.010571,-0.025522,0.066928,0.022099,-0.079149,-0.040996,-0.056908,-0.039800,-0.008561,-0.079371,0.039004,0.039579,-0.111244,-0.009376,0.050782,0.081876,-0.038128,0.025079,0.036876,-0.057533,0.035961,0.040956,0.044851,0.002155,-0.042587,0.022567,-0.044881,0.043146,0.020981,0.009660,-0.017524,-0.029989,-0.038960,-0.103820,-0.027523,0.039033,-0.055578,-0.050711,-0.025946,-0.010416,-0.041686,0.002382,0.016456,-0.041879,-0.034746,-0.067402,-0.019120,0.053988,-0.112382,0.042464,0.007763,0.172062,-0.004445,0.009826,-0.010397,-0.092199,0.028432,0.042013,0.033079,-0.034693,-0.069206,0.037384,0.019683,0.094774,-0.078442,-0.018269,-0.050568,-0.049581,0.025896,-0.031395,0.059821,0.019873,-0.087652,0.036736,-0.050260,0.075924,-0.075239,0.055223,-0.014639,-0.059586,0.035247,-0.068824,0.050356,0.029585,0.017247,0.061201,-0.000000,-0.036659,0.035225,-0.014744,-0.008608,-0.013928,-0.007829,0.037579,0.135153,-0.004862,0.012973,0.031954,-0.042920,-0.058101,-0.044386,0.020438,0.046158,0.032337,-0.014683,-0.005651,-0.001219,0.086553,0.015462,-0.091126,0.039661,0.015073,0.097537,0.006318,0.062771,-0.003226,0.020570,-0.026692,-0.064099,-0.066870,0.039805,-0.034681,-0.085460,-0.064075,0.024592,0.017714,-0.029300,0.057088,0.011110,-0.045410,0.036340,-0.040955,0.019656,-0.012046,-0.047621,0.011605,0.011600,-0.005908,-0.041509,-0.014067,0.001043,-0.006089,0.081120,-0.008818,-0.035380,-0.038524,0.014160,-0.034409,0.037769,0.040856,-0.008424,0.059772,0.075620,0.128109,0.028870,0.082179,-0.050547,0.005146,0.055508,-0.050296,-0.021753,-0.080974,0.111504,-0.086211,-0.048192,-0.077235,-0.006308,-0.045508,0.009102,-0.018718,0.046098,0.021351,-0.046811,-0.061724,-0.018944,0.006824,0.027937,-0.011340,-0.045804,-0.057368,0.113174,0.052628,-0.000000,-0.030237,0.026225,0.047824,0.037404,0.130284,-0.079809,0.028872,0.037006,0.012925,-0.022759,0.013394,-0.101822,0.012802,0.032683,-0.001053,0.003157,-0.044034,-0.062450,-0.013713,-0.054096,-0.045094,0.002163,0.109391,0.005946,-0.015840,0.016011,-0.024845,0.130655,-0.010060,-0.028793,0.021680,0.024552,0.065715,-0.057904,-0.045443,0.007241,0.012906,-0.051545,-0.031394,-0.003316,-0.018821,-0.031561,0.044488,0.038468,0.029019,-0.065861,-0.087079,0.037615,0.046113,-0.094055,0.027836,-0.006258,0.010260,0.079927,0.063389,0.048719,-0.039068,0.039485,0.028203,-0.017276,-0.048240,-0.107260,-0.086141,0.016985
0.003624,-0.003314,-0.020590,0.080312,0.007797,-0.001752,-0.034739,0.015887,0.003778,0.001666,0.107270,0.013667,-0.023523,-0.010898,0.061424,-0.121191,0.069499,0.011971,-0.119128,-0.017616,0.040629,-0.070916,-0.007410,0.006904,0.036712,-0.011205,-0.026232,-0.040773,0.059528,0.015820,-0.030768,0.040229,0.038483,0.004904,0.097534,-0.019496,0.088326,0.033317,0.012282,0.005462,-0.011518,-0.039002,-0.046610,-0.010350,-0.010298,-0.042933,0.006672,0.070246,-0.050079,-0.026871,-0.002621,0.057205,-0.054260,-0.064927,0.018303,-0.033264,0.059751,0.005833,-0.001186,0.088706,-0.057229,-0.040717,0.034643,-0.004925,-0.024789,-0.015761,-0.023619,0.020119,-0.113088,-0.080874,0.021041,-0.013452,-0.005253,-0.020242,0.014019,-0.049908,0.094518,-0.024829,0.014748,0.005202,0.022172,-0.100403,-0.031457,-0.031008,-0.085908,-0.061180,0.042110,-0.047610,0.044703,-0.035032,0.077276,-0.002792,-0.047657,0.048993,-0.046958,0.007727,-0.060693,-0.015167,0.033570,-0.016127,0.072076,-0.006930,0.079573,0.005648,0.001484,-0.090081,-0.059057,0.021280,0.031263,0.094223,-0.051669,0.058542,-0.059107,-0.010338,-0.084573,-0.023563,0.035976,-0.099324,0.076111,-0.030412,0.016328,0.028445,-0.040876,0.008302,-0.049358,0.014650,0.058957,-0.000000,-0.183651,-0.059889,-0.024582,-0.038687,-0.023215,-0.003658,-0.017744,0.031659,0.063845,-0.015545,-0.035973,0.029222,-0.076084,0.032287,0.054150,-0.054858,-0.093077,0.029162,0.005451,0.021026,-0.117267,-0.081649,0.020436,0.047689,-0.014530,0.038401,-0.006102,-0.002378,0.055520,-0.030126,0.106157,0.023424,0.015886,-0.060318,-0.050050,0.040462,0.092385,0.010644,0.037901,-0.033359,-0.062507,0.049536,0.080286,0.082108,-0.044556,0.033966,0.038569,-0.009264,-0.018855,-0.027833,-0.026770,0.037318,-0.024826,-0.006932,-0.040576,-0.077987,-0.001663,-0.053807,-0.053966,-0.065188,-0.051247,-0.022121,0.040819,0.053535,-0.028557,0.042422,-0.008833,0.010607,-0.034272,0.114284,0.057988,0.022058,0.046766,0.003277,0.087980,0.003035,0.014199,0.055977,0.016143,-0.021512,-0.007755,-0.022491,-0.011710,-0.012240,-0.024102,-0.013736,-0.087441,0.018684,0.179956,-0.011649,-0.040674,0.047051,0.006189,0.071209,0.017720,-0.000000,-0.083124,0.101882,0.001900,0.121477,0.026070,-0.021682,-0.052890,-0.033203,0.076176,-0.052702,-0.075365,0.039287,0.009805,0.081517,-0.069471,0.062408,-0.007577,0.083103,0.056778,-0.017559,-0.095798,0.015131,0.011731,0.095091,-0.017685,0.033075,-0.067066,0.003747,0.016954,-0.072310,0.006372,-0.071075,0.062045,0.025441,-0.059930,0.040072,-0.007864,0.014988,0.034288,0.043279,0.022516,-0.018807,-0.035569,0.060031,-0.025171,-0.056195,0.034653,-0.075603,0.073763,0.024304,0.004800,0.056243,-0.027509,0.022724,-0.134334,0.145621,-0.017798,0.051907,-0.096392,-0.006684,-0.012338,0.083226,-0.011137,-0.063750,0.014600,0.032790,0.035918,-0.148933,0.033772,-0.035081,0.026668,0.011629,0.044024,0.001950,-0.070987,0.041112,-0.032468,-0.039349,0.016055,0.003448,0.019882,0.015220,0.007184,0.015781,-0.131865,0.006596,-0.046829,0.008537,-0.066194,0.053177,-0.076216,-0.003127,0.010061,-0.007753,-0.009992,-0.000000,0.026294,-0.040837,-0.029082,0.066055,0.051914,-0.006733,0.036645,0.021798,0.010365,0.036532,-0.067005,0.060967,-0.097526,0.022218,-0.016756,0.025280,-0.020434,0.031534,-0.001466,0.008229,0.028343,0.124838,0.076859,-0.065243,-0.016407,0.038709,-0.002166,0.105096,0.037527,0.010354,0.043730,0.004617,0.000546,0.026603,0.007394,-0.001564,-0.118273,-0.011906,-0.031650,-0.019961,-0.000625,-0.049565,-0.103435,-0.020517,0.021945,0.035497,-0.105656,0.036221,0.022223,0.023577,0.012536,0.007908,0.030953,-0.042246,-0.004254,-0.010055,-0.032710,0.011725,0.025156,0.007491,-0.042361,-0.093181,0.012788,0.018168
-0.008791,-0.009090,0.007144,-0.007206,0.007247,-0.056027,-0.113105,0.108887,-0.038316,0.011569,0.061451,0.114149,-0.049257,0.064505,0.002138,0.012335,-0.037698,-0.014177,-0.064523,-0.002680,0.017623,-0.079969,-0.004520,0.048878,0.069940,-0.047079,-0.019799,-0.002815,-0.011907,0.000873,-0.069296,0.087971,0.111902,-0.020243,0.087357,-0.035763,0.061076,-0.080269,0.012740,-0.040434,-0.022386,0.025983,-0.088561,0.040377,-0.017880,-0.001318,-0.014176,0.054267,0.025904,0.093670,0.074580,0.103217,0.030971,-0.077986,-0.040525,-0.008757,-0.057604,-0.001419,0.023263,0.009630,0.072943,-0.079466,-0.019135,0.007504,0.022168,0.043904,-0.025553,-0.079947,-0.173459,-0.003895,0.013512,-0.059612,-0.041241,-0.000085,-0.000677,0.008640,0.115574,-0.060397,0.004462,0.074072,-0.012508,-0.015118,-0.078703,0.007057,-0.158425,-0.025261,0.041343,-0.033219,-0.042813,-0.015645,0.012417,-0.001902,-0.047666,0.025245,-0.091225,-0.009546,0.032746,0.008282,0.016056,0.037186,-0.004165,0.092574,0.038506,-0.102251,-0.037275,-0.050490,0.011156,-0.024633,-0.025600,0.093094,-0.045656,-0.005701,0.003131,-0.016571,-0.054673,-0.008913,-0.031208,0.015422,0.040278,0.087015,0.044953,0.099433,0.050998,0.019936,-0.030118,-0.046959,-0.039334,-0.000000,-0.030783,-0.041065,0.001336,-0.032286,0.031067,-0.012181,-0.006014,-0.005231,-0.019107,0.039215,-0.036122,0.032602,0.013580,-0.053503,0.038368,-0.023204,0.011614,0.044065,-0.021105,-0.053227,-0.121852,-0.006987,0.070057,0.049025,-0.023774,-0.040640,-0.066149,0.063043,0.031467,-0.016930,0.022755,0.029994,0.030057,-0.047675,-0.009649,0.030136,0.029707,0.003316,0.046388,-0.016486,-0.113195,0.020839,-0.032872,-0.055406,-0.029000,-0.065336,0.096198,-0.012753,-0.066082,0.012616,-0.102767,0.078599,0.014240,0.015891,0.033103,-0.099282,0.044404,-0.088758,0.032823,-0.007442,0.002230,0.112367,-0.012397,-0.047571,-0.084350,-0.032782,0.022225,-0.023022,-0.111520,0.050641,0.047102,0.033957,-0.059245,0.008405,0.115174,0.052648,0.075732,0.026978,0.117846,-0.069535,0.000859,0.046790,0.036853,-0.033359,0.010849,-0.013086,0.043763,0.038422,0.006589,0.007813,-0.106723,-0.042570,-0.024665,-0.021415,0.109015,-0.000000,-0.040871,0.062903,-0.024439,-0.015874,-0.036837,0.002543,0.017595,-0.025340,0.034993,-0.047014,-0.007392,-0.000161,-0.011931,0.039828,0.018305,0.044001,0.059445,-0.025580,-0.014375,-0.055041,0.035761,0.090200,-0.089923,0.044956,-0.070805,-0.034949,-0.087562,0.031724,0.003448,-0.065346,-0.023773,-0.062411,0.082033,0.067082,0.006240,0.001512,-0.056494,0.009123,0.070005,-0.102975,0.038263,0.025370,0.030264,-0.006560,0.019680,-0.097914,0.001490,-0.068289,0.064692,0.030340,-0.048910,0.056568,0.000173,0.025053,0.008052,0.108976,0.019405,-0.017540,-0.039328,0.015103,-0.010865,0.020871,0.001322,-0.078078,0.063989,-0.019804,0.072964,-0.044934,0.059268,-0.055044,0.078288,0.055105,0.064735,-0.045810,-0.041871,0.046443,-0.016645,0.026459,0.033102,-0.058369,0.036749,-0.015063,-0.017868,0.050299,-0.031636,0.035477,-0.007825,-0.019243,-0.020402,0.075816,-0.025616,-0.017724,-0.046155,0.064442,0.001052,-0.000000,0.025828,-0.013182,0.042460,0.050924,0.043369,0.047681,0.151523,0.057407,-0.051811,0.048821,0.048249,-0.016952,-0.110513,0.000332,0.003606,0.001493,0.007172,0.146193,0.011829,-0.059347,0.011549,0.044085,0.021450,-0.001339,-0.037995,-0.029647,-0.021661,0.047022,-0.060119,-0.047600,0.052852,-0.027150,0.049762,-0.044734,-0.024270,-0.061387,-0.080533,0.042492,-0.010502,0.033583,-0.017214,0.037103,-0.040158,0.001674,-0.014666,-0.018474,-0.052868,0.008944,0.009909,-0.012051,0.042299,-0.017528,0.014356,0.031550,0.026301,0.061909,0.026005,0.046072,-0.046490,0.028581,-0.013346,-0.106334,-0.060761,0.040427
0.042754,-0.042596,-0.021254,-0.007825,0.050596,-0.053164,-0.068339,0.133527,-0.084750,-0.007175,0.065266,0.088899,-0.102819,0.000491,0.045529,0.004377,0.009795,0.015713,-0.069964,0.003010,0.002310,-0.029740,0.073359,0.137861,0.054594,-0.049683,0.017681,0.030293,0.047778,-0.088586,-0.056305,0.075371,0.102130,0.005742,0.053232,-0.023651,0.045248,-0.032767,0.023620,-0.026074,0.037041,-0.025699,-0.063037,0.037226,-0.064102,-0.008458,-0.016514,0.121166,0.033314,0.083505,0.087067,0.009584,0.001683,-0.075890,-0.039658,0.020054,-0.038251,0.030802,0.055293,-0.015396,0.040498,-0.017514,0.021034,-0.010250,0.028596,0.053964,-0.071057,-0.032325,-0.120733,-0.060908,0.041047,-0.047171,-0.076419,-0.045024,-0.015537,0.023205,0.082950,-0.062315,-0.028729,0.034630,0.041994,0.008231,-0.022517,-0.080378,-0.072049,-0.074014,0.023298,-0.019075,0.006339,-0.041906,0.050100,-0.011290,-0.089196,0.025463,-0.058837,0.040966,-0.029887,-0.010145,0.044196,0.024134,0.019230,0.057217,0.024477,-0.088830,-0.020059,-0.072380,0.052745,0.037001,-0.025192,0.031124,-0.050154,0.024980,0.039685,-0.005292,-0.046608,-0.026083,0.021883,0.010172,0.032950,-0.035196,0.080336,0.059530,0.047326,-0.033683,-0.013433,-0.058912,-0.016576,0.000000,-0.076108,-0.012828,-0.020497,-0.025498,0.049421,-0.031355,-0.008080,-0.031818,-0.026302,0.028908,-0.034546,0.064554,0.031405,-0.000447,-0.050262,-0.087440,-0.028477,0.114835,0.042457,-0.048871,-0.129828,0.008692,0.023766,0.081920,-0.063376,-0.045465,-0.015105,0.077473,0.048144,0.000286,0.054757,0.036887,0.012499,-0.031755,-0.039282,0.058042,-0.034622,-0.048633,0.021561,-0.015664,-0.047286,0.015820,0.000748,-0.022831,-0.058128,-0.074253,0.013686,0.034099,-0.081293,0.013688,-0.109031,0.067155,-0.027096,0.011967,0.021289,-0.131298,0.022183,-0.061974,0.008570,0.024145,0.023519,0.114525,-0.039861,-0.013607,-0.113091,-0.014369,-0.001900,0.027980,-0.071153,0.102690,0.087336,-0.014883,-0.032681,0.032915,0.047037,0.026285,0.032698,0.023147,0.071109,-0.009406,-0.028929,0.040282,0.009737,-0.036389,-0.044680,0.045884,-0.015987,-0.006115,0.014977,-0.011078,-0.076599,-0.045979,0.017628,-0.019913,0.043306,-0.000000,-0.026195,0.072659,0.010788,0.018694,-0.001844,-0.025067,0.017511,-0.042596,0.028227,-0.079707,0.014511,0.035440,-0.015568,0.033626,0.048466,0.011478,0.088322,0.024925,0.035233,-0.020024,-0.026560,0.036775,-0.082301,0.109355,-0.019404,0.007205,-0.089611,0.089269,0.045856,-0.035372,-0.074932,-0.066159,0.058898,0.052691,-0.055061,0.035197,-0.061667,0.006654,0.059849,-0.061116,-0.007842,-0.012457,-0.009564,0.001385,-0.000666,-0.027695,0.013908,-0.056509,0.017491,0.040520,0.013559,0.107085,0.031158,0.019089,-0.057085,0.112088,0.019482,0.044002,-0.065884,0.006172,-0.034843,0.055965,-0.016389,-0.027676,0.032345,-0.048274,0.016721,-0.138091,0.075322,-0.023546,0.057455,0.086428,0.037824,0.002919,-0.080830,0.061545,0.013644,-0.017203,-0.007391,-0.069366,-0.020688,-0.032141,-0.005266,-0.025237,-0.069866,-0.002139,-0.054919,-0.029209,-0.028716,0.077581,-0.062610,-0.061102,-0.069186,0.053867,0.040024,-0.000000,0.036012,-0.040476,0.037504,0.058141,0.069136,0.059855,0.101871,0.055835,-0.040074,0.060269,-0.005398,0.046129,-0.016278,0.010355,-0.027448,-0.027985,-0.041499,0.100281,-0.014644,-0.059677,0.028416,0.069485,0.033089,-0.051479,-0.011783,0.029067,-0.037332,0.070975,-0.036733,-0.061425,0.133078,-0.007495,0.042960,-0.001040,0.031055,-0.010397,-0.116184,0.041707,-0.078348,0.000369,-0.013270,0.034247,-0.038184,0.023009,-0.066128,-0.093023,-0.068890,0.082484,0.029187,-0.041559,0.078134,-0.006077,0.011678,0.000066,0.040060,0.028741,-0.002386,0.009918,-0.047940,0.039337,-0.023464,-0.076857,0.009734,-0.023305
-0.010485,-0.053884,-0.045519,0.009773,0.002675,0.059757,-0.006234,0.010798,-0.050517,-0.062701,0.032799,0.116339,-0.000215,-0.014322,0.025348,-0.035482,-0.005230,-0.046090,-0.032626,-0.027102,-0.052595,-0.039633,0.023778,0.020623,0.055222,0.070940,-0.027924,-0.028700,0.047377,-0.020797,-0.038805,0.023557,0.027808,-0.055575,0.062157,-0.030537,0.090479,-0.046820,0.039832,0.008333,0.012733,-0.056006,-0.056375,-0.029774,0.003935,0.007034,-0.015692,0.078019,-0.014531,0.069328,-0.025994,-0.008437,0.048930,-0.079570,0.061165,0.000703,0.036689,-0.025924,0.032348,0.044125,0.044238,-0.074616,-0.065468,0.020489,0.024326,0.000208,-0.061171,0.041955,-0.070345,-0.039470,0.005832,-0.029712,0.009472,-0.047821,-0.020706,-0.010452,0.097632,-0.033225,-0.034398,0.043746,0.039978,-0.068642,-0.064730,0.029647,-0.043212,-0.013653,0.058604,-0.065132,-0.010874,0.028974,-0.005053,0.088540,0.062554,-0.053889,-0.080104,0.010293,-0.006655,0.000487,0.093806,0.070876,-0.009681,0.093334,0.031681,-0.095934,0.036870,-0.073926,-0.037034,0.110391,0.051858,0.035745,-0.067198,0.025784,-0.011095,0.074414,-0.037751,-0.000233,-0.066775,-0.025417,0.022672,-0.044033,0.005154,0.090325,0.049890,-0.020189,-0.061196,0.050859,0.012557,-0.000000,-0.056825,-0.125424,-0.009504,0.026051,-0.005145,0.011429,-0.018684,-0.005753,0.000690,-0.021785,0.012230,-0.016231,-0.104081,-0.086328,0.090364,-0.064320,0.020374,0.024288,0.023916,-0.014830,-0.022738,-0.052279,0.008050,0.053618,-0.003007,0.056954,0.022024,0.093090,0.030244,0.014544,0.039986,0.091619,0.047580,-0.022526,-0.060107,-0.045047,-0.067947,-0.060654,0.075602,-0.013386,-0.112168,0.115161,0.067366,0.027987,-0.000214,0.063494,-0.045386,0.015853,-0.057730,0.014528,-0.078479,0.046085,-0.027590,0.024815,-0.067787,-0.090201,-0.042275,0.032129,-0.058675,-0.065108,0.021943,0.087051,-0.016313,-0.115619,-0.054336,0.104050,0.018018,-0.077059,-0.027078,-0.015262,0.038788,0.027199,-0.036093,-0.045882,0.049048,-0.013862,-0.006524,0.013082,0.043821,0.029175,0.026190,-0.046391,0.051420,0.060326,0.054500,0.001486,0.030356,-0.070008,0.048299,0.059878,-0.100473,0.016756,0.036172,0.017916,0.028389,0.000000,0.039181,0.022142,-0.081305,0.049464,0.020609,-0.007199,-0.085655,-0.048777,-0.003782,-0.060424,0.002636,0.116302,-0.015772,0.054527,-0.013321,0.035208,0.156512,0.043659,0.037822,-0.012218,0.003577,0.062324,-0.042501,0.010139,-0.045032,0.051714,-0.101763,-0.059783,-0.062370,-0.014235,0.012972,-0.058609,0.011925,0.066028,0.026589,-0.037702,-0.050067,-0.102189,0.011219,0.041665,0.048804,0.010358,0.018133,0.035553,0.082055,-0.001613,-0.019882,-0.012936,0.070270,0.046257,-0.055050,0.024377,-0.062732,0.001778,-0.058855,0.023957,0.065087,-0.005360,-0.073660,0.006861,-0.087682,0.075519,0.006810,-0.044355,0.062965,0.023725,0.035813,-0.016569,0.082659,-0.077502,0.082894,-0.076601,0.008903,0.063180,-0.062747,0.009379,-0.145555,-0.009122,-0.051426,-0.006951,-0.059489,0.100957,-0.008403,0.051649,0.004977,-0.012937,0.107948,-0.117646,0.005711,0.098420,0.012671,-0.017084,-0.020829,0.008515,0.046364,-0.000000,0.050351,-0.013039,-0.003972,0.142625,0.050777,-0.023015,-0.006865,0.022977,0.035842,0.070260,-0.064842,0.017199,-0.047970,-0.002666,-0.046437,-0.034137,-0.022792,0.022807,-0.080296,-0.013424,-0.012640,0.032135,0.121979,0.036950,-0.069367,-0.036445,0.030167,-0.012513,0.026678,-0.015675,0.024970,0.042237,0.001403,0.017824,0.041058,-0.044022,-0.083559,0.014335,0.008492,-0.032032,-0.041103,-0.046013,-0.101607,0.045620,0.045020,0.059042,-0.018888,0.026079,-0.027932,0.017386,0.048786,0.031980,0.043074,0.026166,0.014049,-0.075131,-0.035157,-0.015436,-0.003100,-0.070342,0.013155,-0.058678,0.023364,-0.003499
-0.061648,-0.066569,-0.036055,0.015917,0.031903,0.008612,-0.075517,0.012699,0.010629,0.016120,-0.062989,0.056696,0.016002,-0.012168,0.016419,0.004435,-0.010048,-0.056534,0.005761,0.010485,-0.038153,-0.021118,-0.045294,-0.013336,-0.018564,0.021146,0.016620,-0.035009,0.044369,-0.033105,-0.096347,0.012675,0.034402,-0.038476,0.069401,0.012395,0.025999,-0.022874,-0.039932,-0.018259,-0.011434,-0.134633,-0.075365,-0.050530,-0.023035,-0.017230,0.027024,0.047518,-0.021259,0.038652,-0.034132,-0.018139,0.049176,-0.005183,0.002594,0.014412,0.060082,-0.075008,0.030639,0.000647,-0.053422,0.048835,-0.038718,0.053933,0.081780,0.040918,-0.002322,0.008513,-0.043314,0.000800,-0.010381,0.030654,-0.084954,-0.137554,0.036416,0.012222,0.052197,-0.038289,0.090789,0.013838,0.104023,-0.040033,-0.084118,-0.128485,-0.020894,-0.063784,0.023111,-0.070024,0.033841,-0.021027,0.055168,0.026061,-0.020194,0.032891,-0.007751,0.071599,-0.012463,0.021085,0.049404,0.041375,-0.010922,0.023400,0.080373,0.027863,0.021776,-0.071115,0.013777,0.032807,0.047977,-0.004719,-0.006551,-0.073620,-0.014045,-0.008438,-0.040329,-0.035179,0.087853,-0.062905,0.023246,0.032343,-0.013902,0.014645,-0.078700,0.034276,0.029921,-0.002295,-0.028122,-0.000000,-0.074037,0.004299,0.029109,-0.058693,-0.107096,0.020297,-0.009378,0.081312,0.008759,-0.083770,0.033157,0.065848,-0.057745,0.051362,0.040608,-0.129841,-0.015353,0.087907,0.097250,-0.003409,-0.021998,-0.065227,-0.022958,-0.022067,0.026308,0.006055,0.059069,-0.017119,0.029096,0.001587,0.043204,0.085586,-0.016778,-0.003428,-0.156258,0.015422,0.017857,0.019411,0.003550,-0.080261,-0.029008,0.054792,-0.003434,0.010966,0.012707,-0.065668,0.092006,-0.046364,-0.130310,-0.021535,-0.054270,0.019247,-0.122696,-0.023314,-0.052114,-0.049264,-0.051095,-0.072691,-0.000336,-0.021755,-0.007820,0.026016,-0.020791,0.013545,-0.077853,0.080189,0.029396,-0.039499,-0.061826,0.067133,-0.018122,-0.046525,-0.029802,0.000377,0.006545,0.007977,-0.067219,-0.056500,0.015391,0.009979,-0.056414,-0.058892,0.029631,0.006029,0.092958,-0.026481,0.007495,-0.047123,0.021957,-0.057234,-0.043770,0.046838,-0.009635,0.075216,0.071549,0.000000,0.009630,0.093370,-0.035942,0.085480,0.011950,-0.007137,-0.025017,-0.017725,0.064931,0.023872,-0.076175,0.074406,0.015370,0.072155,-0.035064,-0.031671,0.051064,-0.019337,0.044301,-0.012982,-0.051388,-0.029334,-0.099186,0.078904,-0.056144,0.064328,-0.064266,0.017433,-0.021546,0.059289,-0.111337,-0.023832,0.015277,0.024133,-0.060219,0.040656,0.001060,-0.022807,-0.027551,0.076724,0.082368,0.028425,0.002608,0.024427,0.067567,-0.030943,0.073386,0.037616,0.037140,-0.020768,0.026857,0.057457,-0.111678,0.033579,-0.129072,0.037953,0.026674,0.031180,-0.009190,-0.011162,-0.040560,0.068867,0.021644,-0.001506,0.081405,-0.019669,0.111698,-0.066212,0.070596,-0.029758,0.081325,-0.042582,-0.018276,0.051204,-0.012019,0.060403,0.069642,-0.038946,0.023833,0.051463,-0.033177,0.050991,0.039024,-0.013489,-0.069036,-0.043350,0.006327,0.002651,-0.039498,0.042260,-0.099861,0.052332,0.010388,-0.041464,-0.015430,-0.000000,0.000750,0.000633,0.009549,0.095810,0.035053,0.010858,0.102459,0.028726,0.047828,0.026310,0.039220,0.029168,0.063068,-0.007831,-0.040249,0.108753,-0.063518,0.047555,-0.051772,-0.013946,0.060961,0.139138,0.026596,0.008179,-0.012317,0.020720,0.010952,0.061744,-0.035588,-0.003851,-0.021001,0.052751,0.017754,-0.070465,-0.004972,0.007160,-0.018693,0.028651,0.039155,-0.016253,-0.016779,-0.023127,-0.112456,-0.070990,0.038987,0.004691,-0.069278,0.010495,-0.021647,0.017252,-0.047763,0.029008,-0.007793,-0.013929,0.131573,-0.112780,-0.052604,-0.017328,-0.064983,-0.008673,0.077148,-0.089120,0.015679,0.092377
-0.018237,-0.043337,-0.024845,-0.020793,-0.008822,0.035295,0.014667,0.075387,0.049380,-0.022695,-0.025867,-0.022590,0.004736,-0.033671,0.095523,-0.029092,0.043997,-0.033748,-0.012480,-0.038674,-0.078304,-0.035387,-0.039091,0.063050,0.055703,-0.080311,0.051403,0.016769,-0.044944,-0.046623,-0.011111,-0.031094,0.104931,-0.010350,0.059416,-0.104499,-0.034596,-0.044881,-0.004804,-0.028299,0.002733,-0.069478,-0.093201,0.108525,-0.026383,0.025636,0.013102,0.056384,-0.004920,0.069040,-0.009951,-0.065911,-0.095267,0.021873,-0.001317,0.052263,-0.018861,-0.049512,0.114089,-0.029121,-0.073808,-0.003709,0.057050,0.042697,-0.002312,0.034644,-0.066584,-0.006386,-0.057903,0.007341,0.026267,-0.038455,-0.005531,0.002056,0.024621,-0.026300,0.031921,0.067436,0.071225,-0.023486,-0.070707,-0.077745,0.009215,-0.069761,-0.019381,-0.045782,0.031561,-0.016095,-0.046792,-0.014598,0.159507,0.001180,-0.020422,0.044775,-0.107381,0.028900,-0.127365,-0.019401,0.027046,-0.000878,0.031779,0.084173,0.000681,-0.025636,-0.072759,-0.063669,-0.002559,0.033139,-0.018647,-0.004281,-0.017796,0.037293,0.010872,-0.065272,-0.045800,0.038910,-0.007040,0.015224,0.069464,-0.057712,0.018972,0.075115,-0.005331,-0.041877,-0.069605,-0.039364,-0.075808,-0.000000,-0.060963,0.024178,0.017635,-0.085975,-0.071041,0.059264,-0.062753,0.016546,-0.069091,-0.057330,-0.071590,0.078549,0.061399,0.044472,-0.043540,-0.072238,-0.043498,0.029392,0.043291,0.049355,-0.029747,-0.058841,-0.001394,0.096150,-0.031477,-0.023984,0.063827,0.039141,0.044315,0.006439,0.051329,-0.032294,0.028063,0.004721,-0.102842,0.018030,0.007168,-0.014529,-0.037406,-0.014507,0.002787,0.042868,-0.086430,-0.005969,0.019830,0.026568,-0.023545,0.010636,-0.037121,-0.036410,-0.098850,-0.006509,-0.023563,0.076274,0.017076,0.004769,0.051985,-0.056830,0.077742,0.011950,0.038222,0.045503,0.065430,-0.003055,-0.079049,0.105263,0.039764,-0.009053,-0.015950,-0.007442,0.027835,0.034545,0.127440,0.034101,-0.062605,-0.035253,-0.069334,0.031828,0.038544,0.036542,-0.033165,-0.012278,0.091108,0.036026,0.038301,-0.051233,-0.025570,0.011038,-0.031980,0.024130,0.031971,0.063991,-0.039596,0.072380,0.080026,0.000000,0.018489,0.058771,-0.082824,0.040128,0.067682,-0.005240,0.074999,0.001995,0.056807,0.018171,0.012459,0.026192,-0.075874,-0.025162,0.045645,-0.050904,0.055938,-0.003406,0.050107,-0.037663,-0.098958,0.085163,-0.017466,0.051874,0.029861,0.049021,0.013028,0.052380,-0.065491,-0.036715,-0.096116,-0.024084,-0.093716,0.071604,-0.041730,0.029010,0.032655,0.002106,0.028488,0.011964,0.077127,-0.004838,-0.002096,0.023440,-0.001818,-0.015195,0.017005,-0.022546,0.044273,0.009850,-0.069519,-0.006983,0.000489,0.014617,-0.059270,0.062697,0.020367,0.011236,-0.014670,0.049495,0.021919,0.144653,0.018658,0.021152,0.059560,0.022313,0.045780,-0.069454,0.072342,-0.044944,0.038755,-0.031577,-0.059040,0.012235,-0.053287,-0.006723,-0.026085,-0.042059,-0.010495,0.002264,-0.017317,0.024043,0.039450,0.084755,-0.086513,-0.080439,-0.080296,0.013358,0.002858,0.053483,-0.110967,-0.045688,-0.025606,0.029506,0.033025,-0.000000,-0.014860,-0.000642,0.062649,0.065514,0.107552,-0.068182,0.032937,0.086821,-0.052884,0.038669,0.016481,-0.037569,-0.009527,0.056383,0.042179,0.080932,0.013200,-0.013793,0.014870,-0.066806,-0.003056,0.098242,0.103343,0.018285,0.019163,0.000433,-0.046539,0.093125,-0.013155,-0.036550,0.002947,-0.032525,0.068538,-0.019225,0.063453,-0.017060,-0.105441,0.026282,-0.010227,0.057323,-0.092962,-0.072447,-0.014073,0.014674,0.017234,-0.017782,-0.123360,0.008220,-0.027717,-0.099803,0.011869,0.013145,0.043372,0.015378,-0.019444,0.032855,-0.065344,-0.007874,0.054471,0.082590,0.025686,-0.136253,-0.034057,-0.000221
-0.049105,0.059325,-0.038546,-0.013466,0.006061,-0.005845,-0.016219,0.006238,-0.018729,-0.009774,-0.045105,-0.045813,-0.029641,-0.054136,-0.016368,0.052938,-0.060429,-0.019731,-0.084781,0.010675,0.037372,-0.011246,-0.075876,-0.031484,-0.027092,0.019397,0.042583,0.055504,-0.051015,-0.110636,-0.065991,0.006645,0.019768,-0.009424,0.021002,0.108168,0.039954,-0.018823,-0.043707,0.008535,-0.016269,-0.047642,0.017368,0.029299,0.026999,0.012126,-0.097179,-0.013961,0.031328,-0.027973,-0.028463,0.050718,-0.042976,0.100810,0.054662,0.096690,-0.014110,-0.021866,0.040824,-0.073136,-0.022058,-0.041042,-0.057856,0.026400,-0.004868,-0.013297,-0.057021,0.034100,-0.010558,0.147552,-0.060522,-0.042700,0.011044,-0.008232,0.038740,-0.024704,-0.065979,0.070107,0.035646,-0.061512,0.036328,0.043342,-0.023985,0.007371,-0.099353,0.043948,-0.065103,0.008638,0.078425,0.058553,0.020898,-0.000109,0.112050,0.021772,0.012608,0.005995,-0.027302,-0.069788,-0.085543,0.080053,0.082395,0.018400,-0.028621,-0.030741,-0.035110,-0.057700,0.003055,0.029796,-0.015171,-0.055329,-0.029738,0.070006,-0.006893,-0.002645,0.031188,0.011744,0.043935,0.001890,0.090720,0.039554,0.053475,0.015389,-0.120693,0.071216,-0.088593,-0.015227,0.004865,-0.000000,-0.038052,0.038006,0.035610,-0.024885,-0.017752,0.018647,-0.067132,-0.014510,-0.097081,-0.000608,0.129844,0.052040,-0.056412,0.019592,-0.011090,-0.122754,0.065176,0.036978,-0.017199,-0.020223,0.003495,-0.050701,-0.045472,-0.039386,-0.061002,0.015075,-0.062591,-0.071005,0.045142,0.041052,0.035090,-0.038946,-0.074138,0.009513,-0.030340,0.004419,-0.058315,0.043385,-0.001985,0.000908,-0.055539,-0.023111,-0.031169,-0.038914,0.031004,-0.012476,0.066806,-0.014736,0.065618,-0.058994,0.017433,0.036264,-0.059510,-0.028367,-0.026587,0.004192,0.047605,0.007386,-0.080503,-0.060378,0.046448,0.073288,0.022167,-0.008911,-0.060820,-0.025569,-0.082566,0.037354,0.031249,-0.029575,-0.098146,0.034804,0.034780,0.071959,-0.080111,0.060651,-0.032764,0.045477,0.126258,0.030243,0.037960,0.012391,-0.092900,-0.070817,0.023575,-0.062672,-0.012138,-0.090235,-0.062056,0.011814,-0.089566,0.043690,-0.008107,0.008901,-0.020450,-0.000000,0.097176,0.005070,-0.001838,0.037946,0.026190,0.029673,0.017263,0.056773,0.079266,0.093063,0.034982,0.038715,0.000755,-0.037753,0.112923,0.022588,0.016730,0.057891,-0.047920,0.004620,-0.023721,0.007743,-0.055086,0.024667,-0.076266,0.005003,0.095244,0.106453,0.004339,0.002559,0.087322,-0.074658,-0.080228,0.011932,0.031884,-0.109279,0.012600,-0.043658,-0.039915,0.023802,0.090331,0.086133,-0.008102,0.026831,-0.033944,0.048028,0.033770,0.045140,0.049424,-0.041844,0.022081,-0.001461,-0.024380,0.074109,-0.056893,0.022918,0.031805,0.011238,0.056614,-0.017343,-0.032826,0.005966,-0.014084,0.021861,0.076665,-0.106641,-0.052803,0.042712,-0.044414,-0.025119,-0.007066,0.101011,-0.070926,-0.098449,0.001393,0.043802,0.070565,-0.054158,-0.071090,-0.017743,0.016790,0.013038,-0.030254,0.018451,0.003900,0.043874,0.050049,0.063751,0.003193,0.029162,-0.041516,0.015742,-0.015215,0.026680,0.021420,-0.000000,-0.030317,-0.043973,0.058809,-0.027994,0.023005,-0.067585,-0.086916,-0.069005,-0.021227,0.002982,0.041688,0.021468,-0.010140,-0.048181,0.035436,0.052686,0.051609,0.035638,0.035759,-0.040419,0.015555,-0.024944,0.013420,0.002761,0.009577,0.008983,-0.026283,0.074581,-0.004179,-0.014142,0.047520,0.016666,-0.062093,-0.035677,-0.038920,-0.008323,-0.005928,-0.057683,0.024347,-0.012870,0.039704,0.003991,-0.039333,0.064384,-0.089473,-0.084901,0.111780,-0.028709,-0.084685,-0.088840,-0.058012,-0.059181,0.033875,-0.009446,0.082618,0.092489,-0.033459,0.085030,-0.093081,0.049242,0.134611,0.044075,-0.100825,0.006232
-0.102963,0.091643,-0.019622,-0.000483,-0.026848,-0.013525,0.001172,-0.024231,-0.044063,0.016225,0.040957,-0.004533,-0.003573,0.001814,-0.030584,0.039787,-0.000813,-0.047593,-0.078695,-0.040147,-0.034920,-0.031315,0.010970,0.007948,-0.015803,0.009750,0.026289,0.001710,0.054614,-0.022432,-0.000094,0.043328,0.021608,-0.008191,-0.022228,0.100319,0.029628,0.006467,-0.082564,-0.032290,0.002387,-0.060177,0.001593,0.039716,-0.032075,0.070079,-0.054750,-0.039675,0.041640,-0.011985,-0.080534,0.071042,-0.027774,0.011028,0.039693,0.001178,-0.072102,-0.125250,0.040993,-0.084067,0.087596,0.052933,-0.142702,0.003523,0.065518,0.022087,-0.035334,0.058982,-0.023398,0.059247,-0.038314,0.028129,0.014064,-0.012159,0.010318,0.026649,-0.006037,0.042129,0.001749,-0.003812,0.028887,-0.010588,-0.040047,0.025420,-0.055832,0.000748,-0.107983,-0.015016,0.069712,0.027615,-0.040608,0.109300,0.111605,0.004035,-0.022055,-0.029017,0.006870,-0.001629,-0.048878,0.123016,0.049624,0.001517,0.001910,0.078464,-0.083168,-0.010816,0.002860,0.018838,0.024904,-0.061106,-0.042987,-0.005167,-0.011851,0.065102,0.014816,0.028052,-0.025810,0.037160,0.026527,0.002772,0.014453,-0.030975,-0.130616,0.036945,-0.062582,-0.025700,0.088881,-0.000000,-0.011461,-0.045599,-0.012826,-0.037509,0.042698,-0.022815,-0.073589,-0.003646,-0.084501,-0.011401,0.050300,0.045168,-0.070514,0.028098,-0.011100,-0.095333,0.032949,0.029082,0.019014,0.044660,0.015143,-0.041463,-0.081477,0.011798,-0.014658,-0.012698,0.000773,-0.056454,-0.001244,0.044005,-0.005838,-0.006649,0.022565,0.059393,0.002439,-0.013887,-0.009668,0.014297,-0.023037,0.029721,-0.001243,-0.073448,-0.083584,-0.027810,0.070566,0.013656,0.001088,0.027967,0.079257,-0.043247,0.016355,0.023947,0.009442,0.038226,0.029051,-0.055809,0.024507,0.051615,-0.014361,-0.031024,0.021846,0.007018,0.008619,-0.046063,-0.059533,-0.009022,-0.018307,0.051438,0.054702,-0.008408,-0.091279,0.068452,0.056115,0.007507,-0.064130,-0.011765,-0.068223,-0.040053,0.034545,0.138715,-0.022247,0.092283,-0.081360,-0.076630,-0.003704,-0.058006,-0.059501,-0.105339,0.001601,-0.021103,-0.017314,0.034352,-0.005135,-0.046643,0.021134,-0.000000,0.046607,0.079112,-0.056867,0.007031,0.031918,0.074133,0.049759,0.141288,-0.038100,0.114857,0.102799,0.059830,-0.016217,0.008998,0.128056,0.002944,0.017981,0.018509,-0.087639,-0.038171,-0.059850,0.002810,-0.032349,0.031482,-0.041847,-0.012708,0.090894,0.138867,0.011523,-0.049929,0.071973,-0.016601,-0.148906,-0.035281,-0.030481,-0.096779,-0.006874,-0.022957,0.028561,0.036004,0.079054,0.030942,0.011659,0.032911,-0.024754,0.012631,-0.032429,0.013645,0.048312,-0.095658,0.060942,-0.034405,0.005114,0.001352,-0.019360,-0.038470,0.078520,0.028573,0.106531,-0.016461,-0.070517,-0.007818,-0.041768,0.042890,0.077330,-0.099509,-0.017224,-0.047190,-0.079036,-0.007334,0.051713,0.023419,-0.103278,-0.061505,0.040405,-0.039970,0.021421,0.043857,0.025792,-0.064688,-0.027224,0.015246,-0.031947,-0.007841,0.038583,0.035207,-0.001843,-0.044611,-0.047549,0.017741,-0.057188,0.074449,-0.037481,0.035628,0.048936,-0.000000,0.024960,-0.037923,0.015702,0.001772,0.001550,-0.023861,-0.076421,-0.033365,-0.043455,0.027183,0.095339,-0.013216,-0.042223,0.047588,0.008334,-0.041654,0.002379,0.137221,0.023473,-0.055515,0.026268,0.018435,0.049332,0.064996,-0.051251,0.011563,-0.063243,0.146242,-0.022909,0.000340,0.054487,0.008980,0.004727,0.012429,0.088955,0.089881,-0.026079,0.002707,0.015100,-0.030167,-0.002587,-0.035171,0.070263,-0.008321,-0.085903,-0.084129,0.117694,-0.031397,0.018493,-0.025592,-0.041617,-0.029063,0.040417,-0.020856,0.030343,-0.033242,0.003959,-0.010375,0.020697,0.063525,0.129790,0.049737,-0.068030,0.020696
-0.103654,0.013238,0.041284,-0.043993,0.024563,-0.004764,0.049793,0.023218,-0.029680,-0.023942,0.047219,-0.048014,0.003405,0.058403,0.095317,-0.033346,0.003043,0.017095,-0.038784,0.030377,-0.017983,0.018676,-0.011876,0.044596,-0.064078,0.066017,-0.058337,0.020664,-0.001972,-0.072589,0.016454,0.085364,-0.023719,0.014108,0.043685,0.042401,-0.022899,-0.078313,0.034865,-0.053320,-0.019068,-0.054978,-0.019097,-0.007937,0.010044,-0.018497,0.005316,-0.039643,0.045095,-0.035056,0.005635,-0.024398,-0.066944,-0.015240,0.000901,-0.032015,-0.026016,-0.006059,-0.030134,0.011164,0.041443,-0.029211,-0.087088,0.076974,0.041831,0.028980,0.010448,0.038211,-0.107858,0.019857,-0.068803,-0.036764,0.097697,0.042715,0.029807,-0.033119,0.075808,-0.056663,-0.019101,-0.037530,-0.025900,0.082653,-0.050376,-0.029511,-0.042966,-0.054198,0.000094,0.040538,-0.026829,-0.047104,-0.012713,-0.000016,0.068909,0.012655,-0.009963,0.028499,-0.102182,0.000507,-0.003097,0.025243,0.002315,0.021715,0.003462,-0.115709,-0.041362,-0.006711,-0.087199,-0.014983,0.026711,0.043715,-0.084727,0.039755,-0.014854,0.002723,-0.023438,0.035236,-0.050223,0.013294,0.130230,-0.084276,-0.008521,0.017548,0.057170,-0.043003,-0.018380,-0.002616,0.048632,-0.000000,-0.094446,0.035550,-0.006713,0.098276,0.085068,0.032019,-0.032808,0.003549,-0.020696,0.017841,-0.015057,0.055781,-0.047199,0.103783,0.008738,-0.039763,-0.024456,0.100624,0.043794,-0.010972,-0.038112,-0.097031,0.025951,0.117710,0.041113,-0.034281,0.069605,-0.007991,0.101821,-0.004552,-0.050016,0.065479,-0.013265,0.030798,-0.037416,0.141006,-0.112204,-0.036231,-0.066620,-0.006405,-0.012410,0.022887,-0.044296,0.012899,0.047515,0.030539,0.032202,-0.014185,0.008862,-0.037341,-0.071967,0.042511,-0.049147,0.004650,0.009112,-0.023586,0.012661,-0.097787,0.042842,-0.016114,-0.054490,-0.014278,-0.025122,0.008001,0.071898,0.041617,-0.011601,-0.003802,-0.010303,-0.040419,0.007323,-0.015584,0.006279,-0.015515,-0.001596,0.021816,-0.028950,0.069219,0.065305,-0.062265,-0.002847,0.051008,0.036054,0.000058,0.059225,0.021873,0.023383,0.020321,0.009640,0.044645,-0.002748,0.001658,0.041231,0.018499,0.040667,0.000000,0.019406,0.066587,-0.001809,0.076540,0.021963,0.091353,0.012314,-0.029128,0.103927,0.074241,-0.026693,-0.010554,0.039296,0.003541,0.000153,-0.068370,0.027437,-0.016858,0.060754,-0.020045,0.002245,0.053367,-0.078538,0.013396,0.027697,-0.001937,0.042210,-0.017415,-0.036917,0.002736,0.033315,-0.059154,-0.114158,0.037651,0.066807,0.038746,-0.023591,0.040669,0.010140,-0.017459,-0.029396,-0.098395,-0.052553,0.054146,-0.032169,-0.100457,0.034288,-0.081020,0.040826,0.066305,-0.026448,0.026995,-0.006672,-0.160669,-0.059390,0.082393,0.007845,0.005774,0.064024,-0.044733,0.072933,0.046634,0.030592,-0.058030,0.041658,-0.027833,0.060756,-0.063958,-0.018415,0.026524,0.092813,-0.008163,0.011131,-0.091116,0.075644,-0.104274,0.003156,-0.050744,-0.028572,-0.019101,0.095040,-0.012464,0.073913,0.101054,-0.062596,-0.100218,0.037837,0.027857,0.045605,0.034275,-0.010795,0.028397,-0.008378,-0.014369,0.086718,-0.000000,0.069269,0.005416,-0.030546,-0.026600,-0.043602,0.015737,-0.039424,0.057555,-0.015844,0.071425,0.007997,0.010852,-0.087014,0.069318,-0.053585,-0.005767,-0.068851,0.029363,-0.072017,-0.033440,-0.009375,0.083725,0.099954,0.003275,-0.030821,0.067641,0.068068,0.074318,0.041809,-0.002616,-0.023028,0.005271,-0.037624,-0.007715,-0.024023,-0.146494,-0.061057,0.075052,0.117206,-0.027683,-0.105391,-0.049633,-0.051962,0.054947,-0.028545,0.007737,-0.159443,0.008770,-0.091999,0.060209,-0.017520,-0.008287,0.023246,0.101022,0.005098,0.031927,-0.034714,-0.011566,0.061107,0.020065,-0.063595,-0.070613,-0.009520,-0.032688
0.084041,0.011893,-0.028142,-0.044424,-0.000325,0.014430,0.016056,0.047120,-0.025831,-0.017977,-0.056808,0.047974,-0.072040,-0.028606,-0.007463,-0.024733,0.065244,-0.096975,0.013766,-0.019627,-0.055382,-0.086273,0.028977,0.055601,0.001534,-0.012969,-0.011883,0.050431,-0.003097,-0.099731,-0.024860,0.032865,0.092429,0.046613,-0.006226,0.052565,0.011419,-0.005455,0.013458,-0.092940,0.075663,-0.058699,0.024877,0.029649,-0.001170,-0.069534,0.028805,0.004266,0.006589,0.042976,0.010782,-0.037379,-0.014517,-0.080945,-0.051236,0.071300,0.024919,-0.030254,0.047386,-0.061409,0.055855,-0.011936,-0.004816,-0.063970,0.073509,-0.037056,-0.007153,0.096311,-0.005894,-0.069735,0.065305,-0.128454,-0.071937,-0.018869,-0.031834,0.021251,0.081755,0.001978,0.012988,-0.016145,0.108692,-0.017988,0.026037,-0.064148,0.039429,-0.039115,-0.034453,-0.050327,0.042194,-0.060578,0.030346,-0.050947,0.005114,-0.004474,0.040251,0.081361,-0.100613,-0.007345,0.003604,0.005449,0.057553,0.057490,-0.005249,-0.026890,-0.028043,-0.053620,-0.001891,0.058767,-0.036366,-0.096496,-0.095770,0.081049,0.033805,0.014525,0.011568,0.012436,-0.061438,0.039303,0.052538,-0.062539,0.087379,0.098491,-0.018835,-0.032448,-0.072442,-0.113896,-0.060901,-0.000000,-0.068962,0.052374,-0.069652,-0.005337,-0.000428,-0.006065,-0.029651,-0.057996,-0.071463,0.070507,0.050552,0.077615,0.046600,0.032936,-0.031189,-0.089904,-0.038239,0.073255,0.075558,-0.045053,0.003951,0.037212,0.035454,0.015377,-0.022641,-0.072642,-0.007526,0.058811,0.121977,0.019428,-0.038882,0.011125,0.017911,-0.019997,0.016541,0.073772,-0.110907,-0.110229,-0.002612,-0.052566,-0.017117,-0.009997,-0.101353,0.047831,-0.007319,0.052897,-0.013383,-0.050176,-0.051293,-0.023762,-0.014176,0.007434,-0.022320,0.007647,0.065888,-0.066936,0.062137,-0.062021,-0.033107,0.000541,-0.029015,0.019355,-0.085111,0.094879,-0.127798,0.071708,0.045467,0.082545,-0.090043,0.064874,0.039541,-0.030832,0.031418,-0.045602,-0.030548,-0.028044,0.001428,0.000026,0.008375,0.048152,-0.030545,0.022338,0.032150,0.046150,0.028061,0.071334,0.072347,-0.081133,0.035804,0.051577,-0.073705,-0.023900,0.083650,0.062312,0.077433,0.000000,-0.026274,0.002670,0.045003,0.005092,-0.070351,-0.013339,0.033589,-0.077401,0.012737,0.084471,-0.009541,0.010324,-0.018985,-0.021448,0.069776,-0.081901,0.102597,-0.005207,0.032762,-0.064004,0.081674,0.081378,-0.035995,0.058741,-0.003408,0.042088,-0.075440,-0.049752,-0.040177,0.025883,-0.049915,0.016920,0.010962,0.030385,-0.032024,0.074112,-0.011131,0.014707,0.015550,-0.024122,-0.003999,-0.027112,-0.036981,-0.006328,-0.030528,0.041419,0.063553,-0.009584,0.074540,0.062696,0.029046,0.049301,0.026601,-0.048762,-0.097199,0.047691,0.014082,0.041018,0.001994,0.045217,0.017556,0.051453,0.020468,0.065422,0.016812,-0.012038,0.028606,-0.074084,-0.030704,-0.006341,0.000688,0.051741,-0.046746,0.083897,-0.033415,0.134034,-0.026992,-0.061749,-0.061955,-0.010246,-0.018564,0.000146,0.046396,-0.006780,0.034009,-0.030209,-0.074972,0.000821,-0.005020,-0.029773,-0.013678,-0.154287,0.004407,-0.003532,0.021235,-0.000000,-0.025497,-0.049889,-0.018440,-0.032789,-0.028480,0.019776,-0.002586,-0.007683,0.039763,0.076863,-0.026412,-0.013072,-0.126050,0.045597,-0.039894,-0.031302,-0.027753,0.003733,-0.011323,-0.016442,0.060671,0.038985,0.059949,-0.004201,-0.029526,0.003344,-0.002753,0.052862,0.007257,-0.024738,0.084666,-0.038725,0.096376,0.058762,-0.012678,-0.004355,0.060380,0.061423,-0.039755,0.000892,-0.029096,0.006348,-0.045136,0.047073,-0.104997,-0.021143,-0.134902,0.076055,0.014347,-0.012887,0.057567,-0.029774,0.085726,0.019998,0.066406,0.024611,-0.035552,0.033223,-0.002048,-0.021188,0.029584,-0.075432,0.050231,-0.016353
-0.011931,0.000208,0.026798,-0.011424,-0.046636,0.020784,0.000133,-0.020749,0.023326,-0.068384,-0.053195,-0.015809,-0.069860,0.042292,0.089206,-0.003617,0.033863,-0.059387,-0.036156,0.005500,-0.070826,0.023037,0.025032,-0.043432,-0.000587,-0.065421,0.027995,0.014876,0.013911,-0.046521,-0.021657,0.081996,0.065930,0.008723,-0.013783,-0.022282,-0.046046,-0.126610,0.044782,-0.075139,-0.016762,-0.096204,-0.011931,0.018159,-0.050499,0.064371,0.037525,0.001061,0.036667,0.052444,-0.021673,-0.058576,0.036221,-0.025128,-0.026408,0.075865,-0.034413,0.001358,-0.015241,-0.082928,0.003464,-0.003640,-0.046929,0.015025,-0.018341,-0.033735,-0.038809,0.035354,-0.087392,-0.020939,0.021852,-0.070724,-0.049346,0.015701,-0.034827,-0.003910,0.070981,-0.013522,0.092105,-0.098742,-0.002396,0.066278,-0.045171,-0.053937,-0.049550,-0.033575,0.012786,0.107782,0.039581,-0.019647,0.006337,0.027454,-0.010023,-0.056137,-0.045455,0.020334,-0.087598,-0.002514,-0.013114,0.031089,-0.026906,0.104122,-0.060575,-0.075007,-0.050507,0.046832,0.003432,0.079942,0.060824,0.063286,-0.035190,-0.007001,0.049474,0.039817,0.003763,0.000996,-0.092800,0.002291,0.142419,-0.108699,0.009937,0.068714,-0.068645,-0.087346,-0.020680,-0.044015,0.000956,-0.000000,-0.011786,0.074572,0.000215,0.057578,0.019830,0.040233,0.023561,-0.029609,-0.146187,0.065426,-0.001137,0.096492,0.056371,-0.035990,-0.075171,-0.040620,0.033933,0.029830,0.010871,0.050021,0.068055,-0.048514,0.049191,0.101108,0.042752,-0.043911,0.027219,0.044971,0.113018,-0.016557,-0.004355,0.062540,-0.059101,-0.020116,-0.021867,0.085860,-0.039950,-0.038757,0.007145,0.016343,-0.049367,0.008840,-0.092279,0.001965,-0.045117,0.031869,-0.011738,-0.004331,-0.021155,-0.006253,-0.024602,0.043747,-0.096405,0.020408,0.004119,0.003249,-0.045914,-0.037008,-0.017228,0.004874,0.032944,-0.012086,-0.014931,-0.092132,-0.071055,0.012681,0.007372,0.031231,-0.027555,-0.081342,0.018906,0.030252,0.022183,-0.031523,-0.029478,-0.044271,-0.014837,0.046514,0.105485,0.026051,0.004005,0.003206,0.026277,0.030622,0.043819,0.035522,0.062214,-0.044210,-0.073693,0.081806,-0.078234,0.025847,0.036690,0.125422,0.105026,0.000000,0.019587,0.021863,-0.067230,-0.008479,-0.000767,0.046791,-0.006278,0.072418,0.019598,0.068072,0.035884,0.008522,0.017613,-0.042448,-0.022319,-0.076369,0.061807,-0.034215,0.041259,-0.041042,-0.014422,0.092486,0.011065,0.027619,0.038285,0.025343,-0.010903,-0.052156,-0.096163,-0.015235,-0.055503,0.021483,-0.158638,0.010439,0.087035,-0.025233,0.058945,-0.046140,0.064034,0.013066,0.059763,-0.029426,0.038073,0.062077,-0.009787,-0.082664,0.069284,-0.052551,0.005629,-0.002491,0.080314,0.035583,-0.016860,-0.116740,0.006063,0.062173,0.035062,-0.082159,0.065216,0.023516,-0.005380,0.109504,0.070643,-0.016969,0.066388,0.048682,0.107184,-0.012899,0.061416,0.006854,0.010500,-0.013572,-0.086785,0.039121,0.040986,-0.052824,0.048665,-0.137064,-0.026112,0.014826,0.045110,0.050549,0.076171,-0.001996,0.065433,-0.067093,-0.058976,-0.073583,0.029813,0.004271,-0.044017,-0.047430,-0.001504,-0.015459,0.049324,-0.000000,0.000770,-0.012321,-0.030642,0.023216,0.065779,-0.015673,0.002001,0.060344,-0.019580,-0.086280,0.021002,-0.011746,-0.052745,0.022247,0.018570,-0.026902,0.029545,-0.002704,-0.014442,0.006197,-0.059198,0.033687,0.029228,-0.091311,-0.073845,-0.005952,-0.000116,0.035998,-0.040735,-0.045641,-0.037388,0.047470,-0.041479,-0.012439,-0.005170,-0.125299,-0.018282,-0.009613,0.059976,-0.035973,-0.032766,0.036064,0.015413,0.114674,-0.079096,0.032377,-0.080250,0.028767,0.006568,0.019570,-0.061086,-0.046476,0.103119,0.008528,-0.020384,-0.005882,-0.054881,0.011069,0.056357,0.020996,-0.021360,-0.088578,-0.053282,0.015843
-0.087122,0.031753,-0.018834,-0.071382,0.080386,0.034246,0.008658,0.078584,-0.012480,-0.028968,0.032999,0.060330,-0.064817,0.013308,0.034623,-0.094223,0.014107,-0.021354,-0.050716,-0.007330,-0.033986,-0.057052,0.062382,0.011600,-0.052248,0.047630,-0.070488,-0.018052,-0.037254,-0.017136,0.028063,0.069974,-0.011425,-0.003855,0.058918,0.029541,-0.031223,-0.056906,0.019251,-0.016667,-0.053920,-0.043768,-0.051533,-0.000733,0.005191,-0.097847,-0.045946,-0.060661,0.001526,0.000179,-0.011186,-0.018463,-0.088776,-0.025314,0.013535,-0.020402,-0.059829,-0.049279,-0.021682,0.020128,0.028099,-0.026558,-0.036171,0.055690,0.065482,-0.021901,-0.002441,0.024754,-0.083838,0.006122,0.019435,-0.027473,0.091360,-0.037758,0.034415,-0.034496,0.074100,0.002273,-0.050665,-0.006161,0.099980,0.038292,-0.041856,0.008647,-0.055735,-0.039773,0.011199,0.024852,-0.030929,-0.047929,0.001252,-0.032908,0.072516,0.047179,-0.010909,-0.014393,-0.095839,-0.023275,0.008168,-0.016235,-0.001881,-0.029404,0.077598,-0.089154,-0.083032,-0.110711,-0.066689,0.003115,0.051898,0.021988,-0.098883,-0.022848,-0.056918,-0.039692,-0.051080,-0.026734,-0.078890,0.027025,0.143619,-0.082840,0.000504,0.007891,0.044330,-0.018787,-0.094986,-0.017429,-0.027915,-0.000000,-0.044598,-0.006831,-0.083122,0.033060,0.006037,-0.000200,-0.014399,0.022223,-0.065321,0.024696,0.024585,0.092452,-0.044648,0.100967,-0.002928,-0.048196,-0.050075,0.158548,0.103223,-0.045249,-0.065060,-0.078054,0.058188,0.037051,0.060287,0.001827,0.012276,0.075966,0.001162,0.006922,-0.011888,0.019079,0.029287,-0.014632,-0.000692,0.070932,-0.056579,-0.065416,0.029216,-0.060030,-0.066457,0.024379,-0.008902,0.066600,0.064730,0.050465,0.004543,-0.025868,-0.005385,-0.045043,-0.082228,0.021881,0.004115,0.013012,0.013939,-0.093280,0.059249,-0.058603,0.031890,-0.009007,-0.015033,0.016245,-0.048959,-0.003698,0.041256,0.092166,0.028127,0.022364,-0.029557,-0.012659,-0.042220,-0.002570,0.008174,-0.025753,0.084148,-0.011541,0.016938,0.076107,0.109058,-0.027564,-0.029365,0.015555,0.049096,0.039670,-0.045500,0.068534,-0.003686,-0.008271,-0.024378,0.098396,0.006727,0.016081,-0.011567,0.058883,0.060156,-0.000000,-0.039924,0.026965,-0.101454,0.005950,-0.034610,0.043929,-0.046813,-0.083753,0.094258,0.003922,-0.034488,0.035050,-0.006472,-0.000567,-0.040184,-0.004051,0.014276,-0.044491,0.100034,-0.027451,0.070808,0.082229,-0.000085,-0.005458,-0.021567,0.004265,0.026496,-0.076317,-0.013688,-0.014023,0.029214,-0.099008,-0.076739,0.060055,-0.005078,0.032335,0.002681,-0.018894,0.032804,-0.002232,0.018911,-0.019309,-0.042769,0.018115,-0.049777,-0.024076,0.070856,0.001777,0.072518,0.031574,-0.056430,-0.009809,0.005344,-0.135799,-0.092395,0.074353,0.016770,0.011772,0.048388,-0.008757,0.130492,0.093094,0.042488,-0.063585,-0.048457,0.093514,0.069095,-0.029482,-0.030452,0.018028,0.000745,-0.027089,0.004329,-0.076738,-0.039918,0.003071,-0.049510,-0.004663,-0.030702,-0.003830,0.027496,0.002096,0.021481,0.045628,0.009864,-0.036780,0.046834,-0.027309,0.048654,0.032586,-0.025462,0.037604,0.000988,0.078648,0.035256,-0.000000,0.046461,0.014690,-0.021661,-0.074683,-0.018693,-0.001309,0.012892,0.093560,0.027634,0.021492,0.007573,-0.001129,-0.103751,0.113191,-0.036829,0.037976,-0.050033,0.112888,-0.072785,-0.013080,-0.001563,0.067955,0.146759,-0.045978,-0.056313,0.057818,0.036541,0.017232,0.049645,-0.026251,-0.024335,0.017610,-0.018949,-0.018763,0.023411,-0.028591,-0.016256,0.083862,0.072639,0.030524,-0.056172,-0.062224,-0.074775,0.081917,-0.046926,-0.000126,-0.170869,0.007094,-0.054678,0.088567,0.026566,-0.001354,-0.027425,0.087365,0.042704,-0.008413,-0.002819,-0.010002,0.055055,0.085747,-0.053166,-0.066064,0.011557,0.056847
-0.171333,0.009139,0.031925,-0.020108,0.077723,0.000566,-0.026434,0.045674,-0.087630,0.020849,0.043975,0.023477,0.007695,0.112566,0.015626,0.032893,0.032928,-0.003783,0.006421,0.070555,-0.025899,0.048375,0.021246,-0.043526,0.007935,0.109412,-0.101360,-0.003543,0.013230,-0.062592,0.092729,0.052263,-0.033125,0.021591,0.131205,0.093929,-0.074013,-0.034420,-0.016987,-0.006418,-0.093771,-0.027293,0.020501,-0.000619,0.051833,-0.089252,-0.025019,0.001579,-0.053582,0.051276,0.000293,-0.094921,-0.077853,-0.077636,0.021879,-0.057491,-0.093731,-0.011667,-0.030830,-0.021758,0.023340,0.072949,-0.068388,0.016070,0.021954,0.013067,-0.011727,0.054693,-0.041037,-0.063390,0.015516,0.020878,0.046105,-0.048092,0.005368,0.038217,0.066391,-0.015461,-0.009510,-0.037378,0.033052,0.047670,0.004179,0.003991,-0.056167,-0.038869,-0.053926,0.070735,-0.028700,-0.015807,0.003163,0.005861,0.038585,0.098594,-0.043112,-0.012103,-0.045730,0.019126,0.012660,0.025922,-0.034309,-0.018900,0.044833,-0.131060,0.007560,-0.054078,-0.003118,0.019645,0.029752,-0.004046,-0.029518,0.050387,-0.114876,-0.042724,-0.041157,-0.005866,-0.051139,-0.043465,0.070756,-0.104716,-0.063942,0.032432,0.017488,-0.067445,-0.081981,0.054526,0.044825,-0.000000,-0.067819,0.037588,-0.081107,0.050214,0.082494,-0.023947,0.010006,-0.007769,-0.018356,-0.016485,-0.066486,0.058915,-0.040544,0.130588,0.019729,-0.086611,-0.050299,0.034520,-0.001379,0.023556,-0.062464,-0.068988,0.070548,0.060523,0.107412,0.014647,0.008771,0.006041,0.038825,-0.012007,0.055979,0.058533,0.018369,-0.028515,-0.051756,0.081534,-0.056615,-0.063756,0.003877,-0.003193,-0.013197,0.016110,-0.010460,0.005941,0.064383,0.014315,-0.008493,0.038432,0.015611,-0.060801,-0.025709,0.046378,-0.062977,0.039483,0.023107,-0.039732,0.114638,-0.021309,0.011451,-0.030582,-0.025400,-0.005497,-0.037883,-0.004094,0.034648,0.037505,0.087887,0.044885,-0.017685,-0.075010,0.019322,-0.052081,0.007710,-0.042640,0.039665,-0.050435,-0.016237,0.027509,0.058566,0.000823,-0.051534,0.108942,-0.011229,-0.136266,-0.066449,0.032774,0.058208,-0.008906,0.039628,0.011752,-0.018281,-0.004351,0.053248,-0.014897,0.026845,0.000000,-0.032759,-0.020171,0.023423,0.069879,-0.026422,0.007220,0.013780,-0.053571,0.033513,0.009219,0.012172,-0.007478,0.064290,0.021887,-0.047152,0.027750,-0.085171,-0.007323,0.031491,-0.056646,0.058207,0.033040,0.000498,0.011434,0.034368,-0.048434,-0.003363,-0.043040,0.063350,0.022398,-0.032135,-0.062784,-0.029787,-0.032865,0.055458,0.014772,0.041620,0.012306,0.003700,-0.029282,-0.017486,-0.057413,-0.058311,0.003921,-0.118380,0.035443,0.018132,-0.035111,0.027181,0.020758,0.024280,-0.003767,0.034970,-0.084584,-0.076918,0.092507,-0.013947,0.063141,-0.066656,-0.017614,0.083879,0.044139,0.039953,-0.012690,0.015158,0.107024,0.018466,-0.027327,-0.067301,0.006949,-0.025780,0.059264,0.069261,-0.064319,0.017573,-0.066131,-0.024677,-0.034963,-0.008490,-0.103661,0.031970,0.030366,0.012324,0.051977,0.015759,0.003109,0.030524,-0.080492,0.006795,0.038397,-0.026360,0.019563,0.032023,0.057452,0.001408,-0.000000,-0.063540,0.020918,-0.014877,-0.071125,-0.044587,0.037093,0.117913,0.038430,0.025541,0.065669,0.003308,-0.020367,-0.166235,0.046373,-0.068405,-0.048172,-0.036029,0.086118,0.000723,-0.072954,0.056732,0.068006,0.156906,-0.005085,-0.029119,0.092233,0.020711,-0.012067,0.064454,-0.027267,0.002311,0.055147,-0.004257,-0.008921,0.053504,-0.018263,0.093198,0.045613,-0.013435,0.032769,-0.044305,-0.024473,-0.048018,-0.000641,-0.033866,-0.030211,-0.112935,0.023314,-0.046158,0.043133,0.014618,-0.020826,-0.007044,-0.005235,-0.001741,0.054726,0.044135,-0.014207,0.069700,0.055847,-0.063681,-0.094383,0.075376,-0.008866
-0.016018,-0.043892,-0.004114,-0.098931,0.049788,0.026419,0.043647,0.018790,-0.060521,-0.104569,-0.016910,0.040278,0.034851,-0.020249,0.112144,-0.051115,0.106315,-0.055325,-0.061780,-0.042049,-0.017434,-0.030163,-0.048197,0.014965,-0.110214,-0.005426,-0.001230,-0.026394,-0.012556,-0.069376,0.013468,0.095894,0.066937,0.050985,0.021445,0.050974,-0.045959,-0.043194,-0.018448,-0.001911,0.001692,-0.034940,-0.109025,0.061303,0.072554,-0.064738,0.003726,0.018788,0.023869,-0.051517,-0.125404,-0.058428,-0.029155,-0.061086,-0.047069,0.016411,0.002034,0.011896,-0.017559,0.012002,0.055033,-0.061461,-0.035011,0.045707,0.073330,-0.025391,-0.103207,0.049150,-0.145281,-0.057296,0.038763,-0.028914,-0.003605,0.028521,0.026585,0.055826,0.039725,-0.035803,0.065575,0.026652,0.035985,-0.023605,-0.060078,0.049717,-0.020645,-0.060368,-0.020841,-0.094166,0.005386,-0.055358,-0.018848,-0.046022,-0.034105,-0.004745,-0.005966,0.018178,0.023066,-0.039530,0.019313,0.034149,0.036390,-0.006986,-0.028775,-0.088695,-0.073007,-0.009580,-0.087742,0.089422,0.035340,0.048191,-0.087610,-0.026337,-0.018945,0.021126,0.017236,-0.052362,-0.030276,-0.005698,0.042381,0.047424,-0.037653,0.068042,0.007551,-0.039767,-0.059305,0.021224,-0.005854,-0.000000,-0.150879,0.032887,-0.000313,0.058698,-0.025018,0.044028,-0.010072,-0.035053,-0.014986,0.076899,-0.037281,0.115879,0.027639,0.019608,0.061104,-0.015896,-0.071263,0.087671,0.011322,-0.025843,-0.002779,0.045639,0.028135,0.012938,0.048489,-0.084388,-0.015631,-0.004149,0.068500,0.020199,0.069556,0.001486,-0.016951,0.023802,-0.082314,0.140922,-0.073995,-0.112720,0.043402,-0.016757,-0.116547,0.032002,-0.026812,0.046735,-0.041012,0.078583,-0.016963,-0.063139,-0.130448,0.016121,-0.035832,0.040645,0.074485,0.009548,0.051750,-0.007745,0.047777,-0.063996,0.013199,-0.031586,0.017556,-0.101583,-0.058729,0.004023,-0.057459,0.031307,0.039318,-0.048216,-0.022913,0.059397,0.002328,0.041653,0.029423,0.028233,-0.071965,-0.007286,-0.053394,0.007886,0.079365,-0.011628,0.005310,0.035205,0.036614,0.025923,-0.046778,0.020778,0.042908,-0.048807,-0.050132,0.038952,-0.026655,0.031543,-0.045698,0.061708,0.075188,-0.000000,-0.032637,0.021767,-0.009169,0.057410,0.044915,-0.005089,-0.038418,-0.035699,0.034406,0.078994,-0.073915,0.047818,0.030813,0.004644,-0.100114,-0.001232,0.044906,0.000283,0.006752,-0.042212,0.086561,0.030162,-0.063557,-0.000253,0.024974,0.016752,-0.048441,-0.071525,-0.001254,-0.082760,0.000866,-0.066000,-0.033227,0.009029,-0.026217,0.043860,0.067252,-0.006411,0.028618,0.007476,0.034733,-0.079283,-0.076806,0.004550,-0.049890,-0.008866,0.022841,-0.082346,0.048931,-0.021493,-0.046208,0.043822,0.062112,-0.009210,-0.078774,0.071023,0.012102,0.009678,0.000094,0.034101,0.075821,0.044343,-0.003199,0.026621,0.036837,-0.041074,0.067500,-0.023595,-0.038019,-0.070460,-0.009348,0.028150,-0.043955,0.010773,-0.089628,0.043602,-0.008027,-0.024975,-0.036431,-0.031979,0.035417,-0.061037,0.025017,0.081607,0.043674,0.026575,0.066321,-0.026814,-0.013980,-0.061394,-0.083252,-0.023057,-0.062808,-0.000257,0.021299,-0.000000,-0.023399,-0.043706,0.030816,0.060593,-0.031215,-0.027467,0.002675,0.113477,0.019403,0.104141,-0.008871,-0.021507,-0.120368,0.117840,0.074946,0.041854,0.002751,0.044153,-0.021493,0.064345,0.060319,0.118123,0.028760,-0.051776,0.006815,-0.005329,-0.052666,0.040408,0.069521,-0.030378,-0.050388,0.000017,0.064230,-0.036665,-0.028278,0.055139,0.001457,0.050730,-0.058162,-0.011108,-0.101156,0.018476,0.048698,0.061086,0.045750,0.030190,-0.053943,0.096456,0.006368,0.014851,-0.038012,0.009219,0.060462,-0.007111,0.014795,-0.012084,-0.018599,-0.018647,-0.006008,0.094911,-0.036428,-0.038146,-0.031918,0.072826
0.034557,-0.010589,0.004448,-0.059698,-0.012175,0.080042,0.011848,-0.037991,-0.021252,0.014038,-0.017704,0.060806,-0.012730,0.007343,0.066016,0.038880,-0.026374,-0.055655,-0.022176,0.035301,-0.117786,-0.017517,-0.025371,-0.012193,-0.016090,0.014823,-0.007109,0.062227,0.064522,-0.001057,0.066476,0.011395,0.066600,0.018044,0.042782,0.092466,0.054101,-0.086680,0.049925,-0.031342,0.083885,-0.086716,-0.079123,-0.032996,-0.052491,0.034681,0.058484,-0.023041,-0.031166,0.017894,-0.062722,-0.029906,-0.026736,-0.100224,-0.031748,0.000287,-0.022677,-0.003425,-0.036368,-0.087573,-0.042134,0.005046,-0.058474,-0.002463,0.026103,-0.084583,-0.027837,0.027619,-0.048318,0.037640,0.011285,-0.087976,0.004950,-0.012868,-0.063078,-0.008852,0.113683,0.028077,0.082665,-0.065397,-0.019411,0.056298,-0.034480,-0.108069,-0.047874,-0.086301,0.020708,-0.039884,0.015954,-0.049789,-0.000249,-0.059125,0.025313,0.014703,0.065874,0.049468,-0.020853,-0.032532,0.031888,0.029909,-0.007807,0.100385,-0.095128,-0.086140,-0.080684,-0.062678,-0.057827,0.021312,0.078638,0.012573,-0.015311,0.014402,0.030293,0.045825,-0.014952,0.037940,-0.120371,-0.018891,0.088809,-0.072918,-0.025782,0.007431,-0.023750,-0.023264,-0.012626,-0.016654,-0.030469,-0.000000,-0.086762,0.059098,-0.006205,0.030665,0.010580,0.042097,-0.006809,-0.048588,-0.075593,-0.020266,0.031553,0.004912,0.106422,0.028805,-0.042197,-0.091057,-0.076525,0.060409,0.070991,-0.024184,-0.011702,-0.032588,0.082176,0.031954,0.063388,-0.094447,0.089032,0.068162,0.085793,0.011332,0.063813,0.067464,-0.095655,0.020402,-0.075299,0.087464,-0.071430,-0.112199,-0.023307,0.023843,-0.068477,-0.026872,-0.025844,-0.024835,-0.052733,0.048639,-0.042198,-0.036456,0.014195,-0.035460,0.024036,0.011617,-0.026068,-0.072238,0.037737,-0.077709,-0.014913,0.005284,-0.041858,-0.062166,-0.008351,-0.054662,0.023636,0.042640,0.011921,-0.009533,-0.002758,-0.000110,0.005652,-0.002479,0.032739,-0.011126,0.081382,-0.007755,-0.083411,0.014269,-0.026214,0.040789,0.165991,-0.013849,-0.053370,0.030082,0.015918,0.026251,0.111815,-0.037616,0.030163,-0.034863,0.007821,0.019480,-0.059321,0.001772,-0.033504,0.075584,0.034183,-0.000000,0.026826,0.075503,0.006792,0.008934,-0.005538,0.057549,0.051594,-0.101826,0.039510,0.126601,-0.018238,-0.005698,-0.028146,-0.014577,0.009438,-0.100145,0.091315,-0.019066,0.063559,-0.043499,0.032086,0.035442,0.029673,0.099795,0.029990,-0.009111,-0.042382,-0.054924,-0.037528,-0.022276,0.003333,0.001381,-0.173834,-0.024254,0.035961,0.039307,0.002896,-0.014497,0.051822,0.031103,-0.008517,-0.037704,0.056291,0.027156,-0.023568,-0.096937,0.051947,-0.023031,-0.027894,-0.005953,0.007474,0.039828,0.000393,-0.092859,-0.075937,0.067632,0.075968,-0.012496,0.082928,0.007851,0.032467,0.076892,0.015821,0.011050,0.029376,0.062102,-0.031140,-0.035562,0.040744,0.008081,-0.023664,-0.052413,-0.041706,0.019436,0.012592,-0.036196,0.033218,-0.070542,0.016515,-0.035866,0.096098,-0.019514,0.067100,0.010756,0.069612,-0.082015,-0.030325,-0.022942,0.041134,0.001666,-0.040434,-0.078703,0.021863,-0.034274,0.070388,-0.000000,-0.076340,-0.071637,0.003996,0.001190,0.019332,-0.002676,-0.055379,0.027005,0.027338,0.055403,0.045853,-0.046760,-0.047806,0.047489,-0.013112,0.000327,-0.049885,0.007661,-0.059764,-0.009809,-0.051870,0.042537,0.010334,0.046406,-0.013103,0.022198,0.042921,0.101267,0.040157,0.005344,-0.011950,0.041756,0.012294,0.023728,-0.033090,-0.048613,0.019582,0.043009,0.009155,0.000681,-0.055914,0.021237,0.025702,0.070081,-0.085237,0.047995,-0.140867,0.049915,-0.030028,-0.045190,0.044448,-0.028951,0.110500,0.062180,0.028724,-0.018166,-0.107144,0.025824,0.054504,0.033464,-0.003535,-0.004903,0.044081,-0.035937
0.000319,-0.004273,-0.037204,-0.073695,0.006819,0.077528,0.007405,-0.028337,-0.041503,0.053726,-0.037220,0.071940,0.031107,-0.025163,0.022771,0.043470,0.016417,-0.057471,0.000918,0.033738,-0.170096,-0.053575,0.026363,-0.021413,-0.030566,0.020048,-0.006807,0.038989,0.048564,-0.044999,0.088571,0.012824,0.064744,-0.026892,0.028531,0.127903,0.030908,-0.053295,0.062560,-0.012626,0.078129,-0.069968,-0.060211,-0.042663,-0.005205,0.046715,0.066336,-0.026388,-0.082237,-0.026288,-0.071187,-0.060910,0.015933,-0.099801,0.000973,0.040595,-0.005328,-0.027530,0.008900,-0.069756,-0.070149,0.055003,-0.101424,-0.003137,0.041741,-0.085562,-0.003869,0.023121,-0.003347,0.040707,0.005263,-0.059576,0.011192,0.003692,-0.050658,0.037343,0.090418,0.031393,0.097605,-0.043455,0.031545,0.015587,-0.016853,-0.071414,0.012435,-0.078952,-0.009840,-0.065308,0.022468,-0.069663,0.030824,-0.038779,0.028428,0.061751,0.101996,0.095648,-0.005620,-0.012231,0.002023,0.076162,0.016031,0.109457,-0.119802,-0.058709,-0.098618,-0.054961,-0.101020,0.048416,0.053362,-0.046363,0.009570,0.050960,-0.001199,0.034778,-0.028200,0.010566,-0.111112,0.035795,0.031049,-0.050539,-0.039912,-0.043922,0.003668,0.021101,-0.005128,0.043850,-0.101830,-0.000000,-0.069679,0.027831,-0.000457,0.058476,-0.064607,-0.007153,0.042603,-0.049701,0.009669,-0.039579,-0.007945,0.004957,0.040033,-0.015579,0.025990,-0.105899,-0.089162,0.106965,0.045365,-0.037297,-0.022425,0.012744,0.028932,-0.022260,0.104699,-0.056025,0.044382,0.054116,0.012769,0.047929,-0.001089,0.031686,-0.122046,0.026860,-0.064685,0.060714,-0.092877,-0.100704,-0.023565,0.012723,-0.045893,0.029405,-0.017029,-0.071212,-0.069122,0.021750,-0.068975,-0.065603,0.004449,-0.060697,0.051949,-0.016736,0.009400,-0.071289,0.044133,-0.037061,-0.012279,0.042845,-0.018937,0.041748,0.023154,-0.032249,-0.014655,0.064180,0.030054,0.038554,0.011783,-0.014565,0.026273,0.021877,0.008504,-0.016738,0.066030,-0.008439,-0.086732,0.018720,-0.001421,0.062911,0.118598,-0.032651,-0.007624,0.111848,0.012552,-0.025809,0.071126,-0.088319,0.028056,-0.056077,-0.002751,0.040702,-0.052324,-0.016844,-0.047548,0.038347,0.008883,0.000000,-0.025774,0.067836,-0.013118,-0.022642,-0.034940,0.014627,0.057609,-0.090994,-0.017897,0.097578,0.040254,0.016839,-0.043530,0.009000,-0.013155,-0.063045,0.083316,-0.076038,0.092354,-0.025789,0.085987,-0.017636,-0.021207,0.088450,0.055359,-0.005887,-0.033896,-0.059710,-0.011965,-0.027932,-0.000129,-0.083749,-0.097963,0.024326,0.036517,0.052645,-0.005521,0.015497,0.051957,0.073984,-0.045865,0.015086,0.002298,0.020290,-0.052608,-0.038949,0.034241,-0.002024,0.022707,-0.005872,-0.023223,0.039314,0.010602,-0.084933,-0.090580,-0.004841,0.052029,0.042356,0.083664,0.035870,0.038724,0.071218,-0.041990,-0.028185,-0.026027,0.084499,-0.025478,-0.052610,-0.012923,0.014574,-0.021201,-0.045813,-0.089086,0.028610,-0.052737,0.036809,-0.016559,-0.035187,0.008040,-0.002974,0.061037,-0.018060,0.036841,-0.017942,0.015654,0.016631,0.034452,0.006478,0.037801,-0.031330,-0.035405,-0.096214,0.053858,-0.032011,0.039097,-0.000000,-0.055715,-0.080671,0.044819,0.059449,0.043770,0.017998,-0.081542,-0.022431,0.022542,0.041311,0.060265,-0.067533,-0.074228,0.013809,0.028171,-0.010860,-0.056257,0.047487,-0.085708,-0.011503,0.008070,0.084267,0.031650,0.058962,0.034805,0.036003,0.000134,0.039274,0.051008,0.065666,0.024164,0.040439,0.049545,0.013493,-0.022314,0.006169,-0.005805,0.027618,0.021675,0.000776,-0.047055,0.018654,0.007457,0.054748,-0.005849,0.079076,-0.109030,0.023986,-0.057800,-0.121257,0.066146,-0.026257,0.055253,0.087035,0.056838,-0.000430,-0.096314,0.025342,0.007979,0.020566,0.032380,-0.005738,0.027880,-0.005315
-0.008040,-0.026736,-0.023967,-0.046337,0.050948,0.051736,0.026050,-0.018977,-0.059855,-0.028369,-0.032135,0.032715,-0.009130,-0.021305,0.053053,-0.019924,0.103097,-0.088286,-0.026055,0.001091,-0.079442,-0.031160,-0.026177,0.014518,-0.082089,0.097649,-0.028892,0.054769,0.031530,-0.037162,0.017129,0.037184,0.090926,-0.015781,0.108885,0.118404,0.040385,-0.088740,0.053286,-0.014272,0.067372,-0.047936,-0.074184,-0.057227,0.043095,-0.039822,0.066491,-0.024270,-0.055645,-0.015700,-0.074583,-0.046892,-0.015395,-0.094390,-0.033423,-0.003701,0.011542,-0.023251,-0.054289,-0.018710,-0.018013,0.003781,-0.025490,0.019997,0.047677,0.009310,-0.094743,0.014333,-0.026895,-0.030026,-0.040830,-0.042644,-0.032086,0.032948,-0.056403,-0.016680,0.084388,-0.032778,0.089966,-0.014858,0.031403,0.035759,-0.054786,-0.016673,-0.102331,-0.124428,0.030821,-0.023210,-0.065714,-0.053920,0.071659,-0.017384,-0.033170,0.054529,0.030931,0.030792,-0.061092,-0.037519,0.066739,0.003492,0.012464,0.098023,-0.058831,-0.004301,-0.081542,-0.084645,-0.118069,0.045553,0.057027,0.036441,-0.017348,0.054455,-0.052589,0.010485,-0.045672,-0.032783,-0.033322,0.008754,0.077804,0.024872,-0.050768,0.030776,0.022752,-0.040910,-0.009180,0.054201,-0.032665,-0.000000,-0.162318,0.011520,0.020098,0.027405,0.038903,-0.004612,-0.014636,-0.028082,0.044702,0.006739,-0.003327,0.037034,0.022711,0.064796,0.019462,-0.040058,-0.067564,0.093104,-0.002669,-0.030269,-0.084091,-0.075665,0.040275,0.033112,0.060893,-0.003183,0.033618,0.091171,0.024119,0.031581,0.086500,0.008957,-0.030778,-0.004766,-0.083285,0.029788,-0.082049,-0.097895,0.007357,0.005329,-0.084547,0.005357,-0.012676,0.014914,-0.092478,0.051264,-0.023387,-0.103807,0.042112,-0.043672,0.005422,0.019435,0.039150,-0.040200,0.015243,-0.064127,0.052871,-0.047926,0.006425,-0.015071,-0.003975,-0.006956,-0.009692,0.020539,0.100818,0.037015,0.058972,-0.000507,0.003810,0.114225,0.074558,0.006999,0.064872,-0.017405,-0.038266,0.046833,-0.071948,0.065035,0.064624,0.015018,-0.072895,0.076968,0.023573,-0.097120,0.023187,-0.097935,0.015236,-0.039189,0.008575,-0.008708,0.005730,0.018616,-0.035860,0.063507,-0.049022,-0.000000,-0.009670,0.076279,-0.003939,0.014344,-0.059754,-0.012667,-0.007430,-0.041219,0.023881,0.115199,-0.018777,0.041551,0.005192,0.058770,-0.015092,-0.007544,0.073677,-0.052820,0.053322,-0.047926,0.038457,-0.022952,-0.042414,0.091775,-0.013031,-0.014911,-0.065293,-0.092249,0.035298,-0.084788,0.020567,-0.038364,0.010078,0.023429,0.043452,0.029802,-0.040816,-0.031123,0.086197,0.022960,-0.010241,-0.001039,-0.027115,0.009228,-0.036124,-0.051441,0.002151,-0.040672,0.046858,-0.027315,-0.022753,0.034615,0.034914,-0.057180,-0.085856,0.059465,-0.025366,0.053650,-0.006557,0.002859,0.075001,0.038047,0.025506,-0.011425,-0.009720,0.062552,0.024283,-0.108988,-0.041881,-0.023313,0.029413,-0.014347,-0.088614,0.036220,-0.137274,-0.000717,0.019011,-0.015101,0.015586,-0.000826,0.068681,0.003846,0.034883,0.041376,-0.003349,-0.038692,0.009556,-0.001856,0.012654,0.026233,-0.036932,0.016173,-0.074513,-0.011212,0.039976,-0.000000,-0.084070,-0.094860,-0.016313,0.030583,-0.016412,0.007643,0.019827,0.028716,0.032617,0.101936,-0.004348,-0.109519,-0.121631,0.078890,0.053423,0.014899,-0.071609,0.057401,-0.040406,-0.012217,-0.011839,0.113100,0.074497,0.014223,0.003686,-0.026804,0.037249,0.044589,0.059956,-0.024854,0.017308,0.065117,0.052383,-0.010333,-0.047702,-0.029400,0.014276,0.039170,0.006378,0.021220,-0.025499,-0.096817,-0.023325,0.024597,0.011688,0.059557,-0.063140,0.066396,-0.103403,-0.000321,0.028728,-0.039750,0.041132,0.028081,-0.013270,-0.024875,-0.107440,-0.000206,0.096459,0.057843,0.023710,0.001743,0.104745,0.047654
-0.068361,-0.014051,-0.002696,-0.026745,0.035050,0.029742,0.048587,-0.004545,-0.030441,-0.011404,0.005700,0.072569,-0.021749,0.012741,0.087446,0.023148,0.066191,-0.048097,-0.060197,0.051592,-0.048596,-0.029189,-0.030027,0.043226,-0.067343,0.073939,-0.047211,0.000975,0.051582,-0.039448,0.097232,0.050408,0.075879,-0.014039,0.086037,0.087906,0.031449,-0.062699,-0.003315,-0.027262,0.048762,-0.055350,-0.114018,0.019051,0.038795,-0.080300,0.026224,-0.054865,-0.042131,-0.004993,-0.021947,-0.057759,-0.106741,-0.130921,-0.023383,-0.036087,-0.004959,-0.000737,-0.033997,-0.014938,-0.074174,-0.004834,-0.031002,0.053820,0.023684,-0.012617,-0.074966,0.036912,-0.059150,-0.008963,-0.039475,0.035550,0.065381,0.010501,-0.022886,-0.010977,0.080321,-0.092326,0.041144,-0.028936,0.021580,0.011308,-0.035114,0.000344,-0.043069,-0.096853,0.034023,-0.027997,-0.044403,-0.033210,0.060409,-0.013207,0.017200,0.024885,-0.004493,0.006743,-0.034034,-0.046000,0.037262,0.033281,-0.002850,0.047727,-0.018737,-0.043776,-0.055751,-0.093725,-0.106570,-0.013479,0.015289,0.032033,-0.055860,0.012874,-0.040584,-0.039010,-0.066541,-0.051444,-0.001231,-0.037337,0.100134,-0.047974,-0.043983,0.017513,0.066777,-0.054571,-0.048775,0.070937,-0.020960,-0.000000,-0.151194,0.018858,-0.008986,0.043969,0.026724,0.024564,-0.009939,-0.017751,-0.004696,0.027768,0.012205,0.067857,0.009285,0.124205,0.024035,-0.027109,-0.097745,0.104692,0.044159,-0.033018,-0.088662,-0.060161,0.043105,0.035665,0.036006,-0.029411,0.047491,0.045534,0.049286,0.014215,0.032939,-0.000321,-0.038631,-0.022927,-0.135101,0.106517,-0.097408,-0.127003,0.037411,0.016445,-0.048178,0.027822,0.025421,0.005600,-0.058498,0.058908,-0.005864,-0.019002,0.018798,-0.053905,-0.034592,0.028371,-0.002085,-0.005784,0.009293,-0.099468,0.048693,-0.034727,0.048841,-0.010848,0.016623,0.003837,-0.014020,0.016162,0.011400,0.063414,0.059660,0.009555,-0.017570,0.042173,0.016250,0.004398,0.070715,-0.053283,-0.034373,0.007012,-0.012391,0.047615,0.083139,-0.028475,-0.033693,0.063608,-0.003053,-0.020958,-0.026386,-0.080159,0.000831,0.007965,-0.029750,-0.022547,0.031173,0.008131,-0.020067,0.037304,0.012650,-0.000000,-0.049599,0.032279,-0.041492,0.060669,0.032207,0.008171,-0.003161,-0.069645,0.070584,0.086486,-0.010604,0.010956,-0.018133,0.045765,-0.043060,0.003897,-0.063608,-0.025821,0.109282,-0.053753,0.021423,0.041086,0.029767,0.090654,0.033788,-0.000309,-0.054420,-0.079196,0.041370,-0.073762,-0.003724,-0.106906,-0.020551,0.020468,0.057943,0.047839,0.015319,0.012403,0.064530,0.074565,-0.012462,-0.023208,0.010718,0.044698,-0.062024,-0.041132,0.022086,-0.058756,0.082517,-0.033726,-0.049504,0.003552,0.043911,-0.090510,-0.131077,0.017509,0.001377,0.034733,0.026659,0.046171,0.048734,0.069207,-0.003637,-0.022370,-0.016315,0.026755,0.002545,-0.121980,-0.068158,-0.010703,0.012326,-0.012780,-0.012424,-0.098895,-0.056422,-0.012495,0.005269,-0.029314,0.014124,-0.039574,0.029750,0.006091,0.062362,0.040801,-0.025445,-0.030218,0.004395,0.029348,-0.034067,0.011124,-0.001630,0.053987,-0.000947,0.033271,0.008594,-0.000000,-0.059239,-0.086471,-0.002863,0.004229,0.012027,-0.005331,-0.019083,0.007308,0.013863,0.097136,0.073026,-0.104638,-0.126316,0.061808,0.035891,0.018917,-0.067386,0.060282,-0.038189,-0.013866,0.014284,0.108632,0.084270,-0.006160,-0.028452,0.037020,0.049096,0.020329,0.076628,0.026099,0.022182,0.058340,0.051778,0.045190,0.005795,-0.045153,0.053869,0.067937,-0.036741,0.081240,-0.084875,-0.099959,-0.052786,-0.001110,0.037614,0.049767,-0.108221,0.052366,-0.088887,0.039147,0.043402,-0.056809,0.052541,0.026419,0.014890,-0.001191,-0.051640,0.026437,0.138127,0.060838,0.012261,-0.074480,0.108649,0.020049
-0.094408,0.074464,-0.016136,-0.041811,0.021360,0.057676,-0.027104,0.048329,-0.048631,-0.057123,0.058203,0.049976,-0.018534,0.036127,0.125243,-0.020969,0.015596,0.009627,-0.028015,-0.000463,-0.054882,0.011711,0.027279,0.003321,-0.079443,0.038363,0.004945,-0.039768,0.000083,-0.058040,0.044160,0.050853,0.074275,0.069271,0.051807,0.035949,-0.032298,-0.060241,0.030043,-0.070630,-0.022408,-0.049159,-0.087386,0.047865,-0.033525,-0.057653,0.011504,-0.011616,0.021215,-0.002566,-0.058103,0.016826,-0.062245,-0.037747,-0.000138,0.041949,0.011867,-0.104426,-0.068509,0.003879,0.005649,-0.040909,-0.007158,0.036767,-0.009735,0.021960,-0.038283,0.070398,-0.091244,-0.068176,-0.070143,0.005976,-0.019842,0.048309,0.001146,0.011013,0.040128,-0.039813,0.006808,-0.024137,0.002740,0.094204,-0.063892,-0.001893,-0.113691,-0.026042,0.035964,-0.055059,-0.084753,-0.003134,0.012203,-0.038841,-0.019015,0.006871,-0.112368,0.002167,-0.068278,-0.054177,0.041611,0.006589,-0.005481,0.077700,-0.003172,-0.121415,-0.110765,-0.068980,-0.059372,-0.012671,0.000546,0.060742,-0.066273,-0.045188,-0.088000,-0.065735,-0.016400,-0.034342,-0.048412,0.034785,0.157441,-0.085524,0.029763,0.101276,0.043318,-0.032964,0.001639,0.005133,-0.002713,-0.000000,-0.107943,0.037163,-0.013920,0.024889,0.048470,0.003280,-0.038546,-0.017612,-0.051637,0.013094,-0.026792,0.054468,0.011430,0.069098,-0.001696,-0.010729,-0.076232,0.177312,0.056076,0.012539,-0.059300,-0.080836,0.045705,0.068350,0.072125,-0.016611,0.047243,0.121633,0.053151,-0.003269,0.099464,0.020181,0.000303,-0.009262,-0.046509,0.042984,-0.045628,-0.080240,0.052258,0.031569,-0.088498,0.042943,0.026400,0.049607,-0.014114,0.051910,-0.009640,-0.023774,0.021066,-0.017691,-0.035611,-0.053851,0.034528,0.034246,-0.019872,-0.057991,0.049345,-0.122034,0.039493,-0.055065,-0.010015,-0.004207,-0.059298,-0.048317,0.001020,0.015749,0.038543,-0.023252,-0.060753,-0.020574,0.030315,0.041137,0.000686,-0.027147,-0.000176,-0.014802,-0.036065,0.075288,0.106965,-0.030842,-0.110244,-0.006454,0.050500,0.012642,-0.000758,0.054401,0.029694,0.000726,0.000505,0.095242,-0.020452,0.035474,-0.047112,0.060032,0.054342,-0.000000,0.050094,0.044592,-0.049400,0.036038,0.070377,-0.004111,-0.038703,-0.024276,0.088456,0.018562,-0.050565,0.003242,0.011529,0.022929,-0.051067,-0.022705,0.091648,-0.012267,0.058348,-0.028902,0.011605,0.084326,-0.045915,0.040918,0.013922,-0.015581,-0.024389,0.014535,-0.004017,-0.070303,-0.023004,-0.085029,-0.008331,0.005001,-0.017970,0.019655,0.012422,0.005064,0.075632,0.017083,-0.006518,0.008085,-0.064950,0.015289,-0.036245,-0.057111,0.048850,-0.039141,0.022454,0.005043,-0.077928,0.045565,-0.024656,-0.133942,-0.087793,0.074478,0.036415,0.017974,-0.049528,0.034603,0.036274,0.042622,0.100812,-0.018272,0.026194,-0.014289,0.062262,-0.043415,-0.028810,-0.007631,0.084579,-0.020833,-0.065343,0.013567,-0.029432,-0.067769,0.016245,-0.091408,-0.004601,-0.006946,-0.014807,0.035145,0.014766,0.103211,-0.020356,-0.058733,0.010697,-0.020614,0.038503,0.026960,-0.096646,0.032840,-0.039472,0.021663,0.027254,-0.000000,-0.009238,-0.011518,-0.007458,0.062451,0.008394,0.036849,0.055835,0.090781,-0.022727,-0.002809,-0.018042,0.001959,-0.089543,0.114600,0.029399,0.048772,0.000975,0.086135,-0.064917,-0.034706,-0.010560,0.080207,0.115984,-0.006940,0.016059,0.044729,0.039218,0.025805,0.036634,-0.055119,-0.003055,0.002807,-0.019735,0.030830,0.053915,-0.071378,-0.000310,0.054461,0.009939,0.037018,-0.079851,-0.034911,-0.041727,0.062937,-0.001679,0.047060,-0.073712,-0.004060,-0.107011,0.023689,0.037003,-0.048724,0.006468,0.041709,-0.018346,0.011716,-0.029941,0.019179,0.135262,0.047776,-0.024393,-0.040702,0.077124,0.049295
-0.025015,-0.005141,0.011081,-0.016098,0.114409,0.033337,0.027159,0.008199,-0.064520,-0.009141,0.011014,0.015906,-0.006590,0.028824,0.059956,-0.054667,0.088040,-0.057945,-0.039002,0.017849,-0.061384,-0.040116,0.044996,0.029285,-0.081722,0.080533,-0.043486,0.020321,0.047241,-0.044761,0.045341,0.052374,0.081463,0.021402,0.091737,0.086269,0.042684,-0.108432,0.034054,-0.058362,0.021096,-0.071766,-0.101532,-0.004040,0.043224,-0.057833,0.073904,-0.039920,-0.054213,-0.026075,-0.068232,-0.026548,-0.045983,-0.121633,-0.048793,-0.027294,0.000830,-0.049157,-0.051945,-0.016155,-0.023457,-0.018597,-0.058747,0.057649,0.003881,0.009340,-0.076919,0.057608,-0.054375,-0.023801,-0.021728,0.001851,0.029331,0.073945,0.023116,0.006772,0.058516,-0.061513,0.043496,0.018436,0.038785,-0.003434,-0.063388,0.002395,-0.100896,-0.104820,0.022624,-0.027745,-0.052914,-0.069835,0.007420,-0.007371,-0.008905,0.068077,-0.054582,0.013263,-0.062851,-0.012506,0.085839,0.044583,-0.019676,0.055925,-0.077711,-0.041755,-0.062027,-0.082123,-0.104461,0.014959,0.018786,0.072195,-0.050458,0.033741,-0.031374,0.027315,-0.042817,0.000286,-0.031998,0.016597,0.097095,-0.002910,-0.027395,0.053689,0.049121,-0.055496,0.009922,0.036718,-0.009514,-0.000000,-0.135856,0.003165,0.028371,0.083008,0.012916,0.002991,0.003052,0.007803,0.000758,-0.000088,-0.003201,0.017826,-0.007401,0.102545,0.054727,-0.045579,-0.105690,0.063663,-0.025408,-0.022067,-0.132852,-0.087956,0.056857,0.054513,0.054845,0.006406,0.033158,0.020923,0.057518,0.029194,0.050802,-0.003913,-0.024939,-0.024327,-0.090388,0.076474,-0.068117,-0.098257,0.046311,0.022363,-0.098479,0.023753,0.037591,0.030782,-0.070785,0.074360,-0.010796,-0.073568,-0.034053,-0.001998,-0.017198,0.020308,0.094216,-0.013908,0.009564,-0.112300,0.052992,-0.064295,0.008976,-0.067603,-0.034107,0.033434,-0.044567,-0.005059,0.031083,0.030491,0.037611,-0.024655,-0.034718,0.055672,0.046290,0.023936,-0.010614,-0.057569,-0.040646,0.012832,-0.034860,0.070890,0.110784,-0.040711,0.012489,0.033688,0.023721,-0.080652,0.007636,-0.092510,0.007284,-0.072798,0.044932,0.027508,0.001597,-0.010676,0.000705,0.030866,-0.002877,0.000000,0.020829,0.041039,0.006889,0.061954,-0.030078,0.009758,-0.020908,-0.082146,0.049974,0.099292,-0.008362,0.039498,0.042112,0.044970,-0.000699,-0.015885,0.020678,0.032399,0.085258,-0.057601,0.035265,0.018325,-0.025728,0.060325,-0.007105,0.002826,0.005015,-0.040050,0.028655,-0.087977,0.013791,-0.108881,-0.037399,0.003882,0.085011,0.067844,-0.035973,0.005998,0.068337,0.015818,-0.030100,-0.026632,-0.077092,0.017875,-0.075189,-0.103466,0.026174,-0.102568,0.054338,-0.008495,-0.038895,0.056613,0.017666,-0.098024,-0.102255,0.063249,0.008996,0.041507,0.038928,0.016668,0.067187,0.047198,0.008751,-0.066821,0.009660,-0.012605,0.035339,-0.052697,-0.043498,-0.001945,0.052613,-0.001464,-0.066227,-0.038481,-0.095005,-0.004612,-0.012223,0.035262,-0.012552,0.024015,0.051570,0.012674,0.036762,0.053419,0.025024,-0.025299,0.006750,0.016171,-0.036286,0.025390,-0.005045,0.047314,-0.006212,0.002276,0.067518,-0.000000,-0.007146,-0.075593,0.003819,0.033368,0.027164,0.027298,-0.026713,0.035651,0.001934,0.068335,0.084504,-0.065916,-0.096168,0.062818,0.047718,0.035401,-0.080953,0.107267,-0.087795,-0.033340,0.007232,0.118847,0.080408,-0.010195,-0.042240,0.029830,0.032800,0.038113,0.046596,0.015117,-0.023026,0.008858,0.016623,0.000455,-0.011345,-0.053007,0.010794,0.045599,0.006613,-0.018235,-0.054249,-0.073559,-0.022740,0.050540,0.007959,0.063598,-0.092653,0.071381,-0.080678,0.045866,0.039619,-0.059428,0.010500,0.049785,-0.023340,-0.004015,-0.078080,0.025505,0.088104,0.059049,0.015122,-0.018132,0.076270,0.055470
0.029812,-0.043186,0.039015,-0.007389,-0.031613,0.060935,0.017182,-0.012539,-0.066158,-0.094975,0.039582,-0.016188,-0.095801,-0.056997,0.073830,-0.061487,0.073405,-0.010273,-0.025271,-0.039727,0.074250,0.058438,0.026984,0.076161,-0.044807,-0.002385,-0.052597,-0.025884,0.014677,-0.036834,0.071037,0.146956,0.041997,-0.005474,-0.022119,0.079857,0.037572,-0.037623,-0.004646,0.013191,0.025521,-0.014249,-0.082418,0.033946,0.030811,-0.064556,0.012728,-0.038296,-0.019798,0.007516,-0.020672,-0.068305,0.023382,0.112501,0.026187,-0.028676,-0.076815,-0.065262,0.018358,0.030294,-0.015311,0.000740,-0.002390,0.056715,-0.009105,-0.053706,-0.066201,0.062190,0.015031,-0.109409,-0.056388,-0.116188,0.045589,0.000492,0.035723,0.058905,0.027722,-0.078555,-0.028276,-0.058591,0.030514,-0.073260,0.041540,0.024311,-0.032901,-0.044371,-0.011912,-0.052910,-0.075503,0.047838,-0.078653,-0.016932,0.032402,-0.048033,0.003749,0.008722,-0.091232,-0.053012,0.069657,0.078334,-0.053183,-0.037286,0.009961,0.010657,-0.113625,-0.074732,-0.027914,0.019065,0.079039,0.061478,-0.039342,0.025573,0.039185,-0.056582,0.040880,-0.013494,0.055887,-0.027156,0.114721,-0.019958,0.003554,0.034289,0.102930,0.024192,-0.021099,-0.003706,-0.010371,-0.000000,-0.011417,-0.028990,0.095929,0.052493,0.025582,0.094166,-0.033052,-0.061248,-0.000579,0.036590,-0.026252,0.086773,-0.049091,0.071747,0.009647,-0.068399,-0.058368,0.049888,-0.028029,-0.027861,-0.127866,-0.015132,-0.077918,0.044070,0.005252,0.054016,-0.017309,0.009064,0.082306,0.028838,0.021773,0.054177,0.075789,-0.038179,-0.037552,0.118348,-0.039406,-0.056404,-0.008538,-0.046970,-0.042700,0.000546,0.039045,0.062597,-0.060046,0.075253,-0.070183,0.030042,-0.027422,0.066401,-0.057387,0.005955,-0.005782,-0.031294,-0.003203,0.003526,-0.041774,0.016304,0.006812,-0.013438,-0.015150,0.055965,-0.074742,-0.073295,-0.022972,0.009166,0.056343,-0.016397,0.015749,0.053795,-0.099252,0.057830,0.017288,-0.027229,-0.009640,0.001969,-0.077425,0.021141,-0.047246,0.110898,-0.018456,0.018328,0.015222,0.072779,0.109627,-0.058344,0.031558,-0.014709,-0.014950,-0.062049,-0.125877,0.010421,0.115426,0.105867,-0.002696,0.000000,0.008177,-0.053547,-0.003801,0.030878,0.065266,-0.021591,-0.048543,0.005417,0.038997,0.048998,0.029879,-0.023349,0.017803,0.001655,-0.050686,-0.005889,0.057921,0.019454,0.005367,0.024637,0.033019,0.069760,-0.120240,0.007593,-0.122884,0.083256,-0.015801,-0.023250,-0.027391,-0.014632,0.021121,-0.024552,0.005719,-0.008663,-0.074865,0.010226,-0.035542,-0.060125,-0.068016,-0.103856,0.094044,-0.066339,-0.030243,0.034667,-0.060275,0.007337,-0.001526,0.043644,-0.047432,-0.003751,-0.067237,0.037729,-0.091877,0.025145,-0.042077,0.028034,-0.034388,-0.050526,-0.021832,-0.036044,0.034815,0.032644,-0.027063,0.018647,0.026877,-0.034139,0.051060,-0.014104,-0.011394,-0.048362,0.022833,0.040035,-0.006279,0.006160,-0.102371,-0.054793,-0.013103,-0.055342,0.034034,0.036717,-0.026951,-0.078553,-0.004464,0.119015,0.033421,0.056594,-0.039189,-0.000919,-0.013098,0.036135,-0.063475,0.044557,-0.046752,0.050419,0.008048,-0.000000,0.074029,-0.031619,0.032746,-0.007969,0.001916,-0.004213,-0.074500,0.085889,-0.009568,0.125617,-0.035071,0.098903,-0.061657,-0.008640,0.059463,-0.045347,0.022007,0.072355,-0.025838,-0.034579,-0.056493,0.042256,0.079020,-0.042486,-0.011651,-0.023725,0.088365,0.027593,0.023218,0.033258,0.043054,0.039696,-0.009502,0.039002,-0.030159,-0.056262,-0.067931,-0.024494,-0.006866,-0.002353,0.038704,-0.068691,0.054242,0.036951,-0.028211,-0.023401,0.038290,0.053306,0.025747,-0.017119,-0.039033,0.062841,-0.002533,-0.022079,-0.022860,-0.062888,0.036628,-0.013202,0.027367,-0.033024,0.093951,-0.076144,0.063043,-0.002288
0.038273,-0.107888,0.027238,-0.024187,-0.009257,0.000475,-0.031991,0.003120,-0.039963,-0.099320,0.030035,0.021606,-0.011554,0.021630,0.182324,-0.076621,0.084837,-0.068560,-0.074144,-0.004743,-0.058786,-0.044942,-0.051260,0.006086,-0.076358,-0.053612,0.034431,0.037552,-0.013165,-0.011808,-0.006820,0.057611,0.124262,-0.007779,0.057561,-0.020071,-0.033851,-0.051198,0.016960,0.022832,-0.000163,-0.141981,-0.094111,0.049684,0.034570,-0.020907,0.000042,0.071965,-0.036255,0.070705,-0.090353,0.034716,-0.013159,-0.027107,-0.039281,-0.048740,-0.007882,-0.055349,-0.008279,0.035608,-0.032951,-0.037604,-0.039488,0.076636,0.008363,-0.009163,-0.120795,0.034788,-0.066629,0.025765,-0.016665,-0.052308,-0.084763,0.039910,-0.016701,-0.024954,0.019657,0.011596,0.072193,-0.012608,-0.004702,-0.029120,-0.038034,0.004337,-0.039004,-0.090341,0.013178,-0.059984,-0.076679,-0.026292,0.100290,-0.009687,-0.058320,0.041089,0.003405,0.009782,-0.025373,-0.083827,0.017860,0.026768,-0.007127,0.013143,0.024657,0.004431,-0.123290,-0.032698,-0.068594,0.047764,0.026660,0.087024,-0.014001,-0.014874,-0.039958,-0.055982,0.010721,-0.024669,-0.018173,-0.012718,0.057193,0.050491,-0.031208,0.057866,-0.048555,-0.087102,-0.006818,0.022935,-0.036035,-0.000000,-0.094814,0.073646,-0.006493,-0.001166,-0.053170,0.039703,-0.051012,-0.017483,-0.023431,-0.029594,-0.063332,0.106755,-0.002553,0.032749,0.052060,-0.020160,-0.007866,0.069836,0.104462,0.032099,0.008866,-0.062871,-0.015523,0.051314,-0.003370,-0.018446,0.038193,0.069128,0.063831,0.003953,0.152486,-0.036682,0.002041,-0.001563,-0.056016,0.103860,-0.020305,-0.067227,0.039072,-0.016272,-0.078766,0.039044,0.010048,0.046517,0.001974,0.061767,0.020771,-0.017682,-0.091413,0.044386,-0.074325,0.028493,-0.027637,0.055100,0.031619,-0.004400,0.045636,-0.107960,0.007705,0.024058,-0.026593,-0.036331,-0.009841,-0.021248,0.010186,0.013078,0.053022,0.005835,-0.004942,0.057564,-0.012666,-0.006373,-0.007275,0.068073,-0.066769,-0.000676,-0.077114,0.087936,0.102362,-0.001089,-0.038593,0.035554,0.044225,0.036618,0.023655,-0.017197,0.034483,-0.021645,-0.003575,0.037585,-0.022003,0.042909,-0.006556,0.092092,0.058592,0.000000,-0.059738,0.038095,-0.056911,0.053644,0.013539,0.000250,0.006187,-0.026743,0.037581,0.040264,-0.063797,0.024171,0.047714,-0.000983,-0.086310,0.001487,0.050255,0.027472,0.054492,-0.052211,0.039389,0.062926,-0.013605,0.080738,0.035650,0.025761,-0.119662,-0.015213,-0.038345,-0.053166,-0.086789,-0.028870,-0.005000,0.084071,-0.007725,-0.002921,0.021436,0.027713,0.008328,0.102463,0.085310,-0.057112,-0.018921,0.018019,-0.022477,-0.019675,0.073846,-0.081056,0.049985,-0.012550,-0.045573,-0.028061,0.017884,-0.014031,-0.076488,0.043617,0.040326,0.005725,0.018742,0.022021,0.107669,0.077124,0.007548,0.004207,0.097603,-0.065557,0.061360,-0.072299,0.040084,-0.056278,-0.046683,-0.071753,-0.042533,-0.029614,-0.096578,-0.043537,-0.007615,-0.023091,-0.033162,-0.045668,-0.013705,-0.009656,0.012011,0.090456,-0.019462,-0.047075,0.056358,-0.055576,0.003412,-0.009446,-0.085789,0.055790,-0.081487,-0.043445,-0.074196,-0.000000,-0.008533,-0.083542,-0.028922,0.041367,0.069501,-0.012727,-0.030243,0.071390,0.023516,0.054228,0.051049,0.045630,-0.031446,0.080685,0.060422,0.057006,0.003884,0.029374,-0.021113,-0.009064,0.005904,0.135320,0.062306,-0.024162,0.030853,0.039806,0.025705,0.044327,0.026537,-0.001623,-0.019231,-0.022812,0.059888,-0.074947,0.001487,0.019432,-0.084541,0.029936,-0.033841,-0.051327,-0.075695,-0.026699,-0.009525,0.048198,0.083506,-0.059954,-0.109795,0.110646,0.020129,0.005107,-0.067983,0.009907,0.072369,-0.025411,-0.005470,-0.009960,-0.036646,0.018983,0.005898,0.031468,0.013918,-0.042260,0.026599,0.022340
-0.032515,-0.045203,-0.028815,-0.062713,0.081600,0.006682,-0.030021,0.033923,-0.009430,-0.010014,0.015680,0.065331,-0.002519,-0.017259,0.041927,-0.039295,-0.014905,-0.047187,-0.081970,-0.048645,-0.020022,-0.019464,0.011748,0.011410,-0.012752,-0.074146,0.066472,-0.064411,0.000047,-0.062209,0.027376,0.119638,-0.001680,0.006480,-0.042099,-0.024237,0.003700,-0.038729,-0.035343,0.008477,0.043155,-0.125420,-0.060842,-0.003485,0.008861,-0.018601,-0.045715,0.011242,-0.065000,-0.012170,-0.001851,-0.035975,0.037804,0.067662,0.039937,-0.072088,-0.109026,0.000109,0.067247,-0.002265,0.047718,-0.014820,-0.035448,0.027889,0.001164,0.021127,0.060031,0.094393,-0.007969,0.059772,0.022782,-0.091411,-0.045189,0.056825,0.077225,0.008045,0.050194,0.061096,0.072252,-0.050364,0.062018,0.001051,-0.053151,-0.025234,-0.015242,0.004253,0.003718,-0.038824,-0.037478,-0.012300,-0.062988,0.060617,0.070070,0.026278,0.002452,0.017396,-0.072364,-0.059799,0.019198,0.060744,0.024702,0.060062,-0.030120,-0.022885,-0.109457,-0.079410,-0.027539,0.021325,0.043593,0.085129,-0.065255,0.047001,-0.107869,-0.057883,0.001806,-0.026678,0.035578,0.013310,0.024732,-0.026043,-0.015588,-0.019426,-0.087391,0.057591,-0.009413,0.063650,-0.063242,-0.000000,-0.092116,-0.015868,-0.022562,-0.034229,-0.116396,0.017698,-0.081449,-0.042238,-0.048234,-0.042611,-0.103524,0.141841,-0.065190,0.052071,0.069871,-0.118014,-0.005536,0.065230,0.079383,-0.020015,-0.009577,-0.027460,0.017399,0.006685,0.063361,-0.035498,-0.024279,-0.050810,0.035557,0.011900,0.050104,0.001788,0.020813,-0.053548,-0.067453,0.038561,-0.053747,-0.020175,0.033250,0.015227,-0.028439,0.020194,-0.073697,-0.064451,0.039732,0.065338,0.019603,0.006609,0.017963,-0.070363,-0.080636,0.055285,-0.000733,-0.029388,0.095168,-0.013458,-0.002605,-0.041188,0.023667,-0.046121,-0.064670,0.051819,0.013162,0.003570,-0.020775,0.095743,0.017870,0.015541,-0.093561,0.053861,-0.020869,0.070400,-0.030629,-0.022476,-0.059322,0.062567,-0.062233,0.014764,0.076815,0.149023,-0.017193,0.008983,0.012847,-0.032203,0.029257,-0.039832,-0.008844,-0.020649,0.054193,0.044091,-0.013716,0.014238,-0.013863,0.045480,0.043864,-0.000000,-0.025978,0.037380,-0.044797,0.062888,0.050018,0.019710,0.047037,0.028634,0.009191,0.053958,0.038824,-0.008765,-0.029222,-0.030971,0.057776,-0.042900,0.053914,0.047322,0.007108,-0.026067,0.005171,0.011538,-0.078100,0.015097,-0.042594,-0.009773,-0.021897,0.097956,-0.064259,-0.011282,0.019282,-0.009890,-0.028623,0.070687,0.032236,0.024374,0.037422,0.013758,0.000106,-0.096267,0.016448,0.095416,-0.026830,-0.000016,-0.005877,0.016309,-0.023169,0.079283,-0.023075,-0.069867,0.060387,0.079982,0.012731,-0.094082,-0.041764,0.132614,-0.004881,0.051375,-0.034061,0.007596,0.020823,0.002623,-0.002717,0.002143,0.011559,-0.053646,0.063134,0.017227,-0.053352,-0.064767,0.123169,0.014290,-0.153401,-0.052397,-0.120447,0.038360,-0.017494,0.013451,-0.006720,-0.013312,-0.044593,0.065528,0.001637,0.045409,0.017075,0.135707,-0.010180,-0.041076,0.021818,-0.027583,-0.055075,-0.069472,-0.158972,0.120241,0.047282,-0.000000,-0.032062,-0.045695,0.025553,0.035416,0.080059,-0.048206,0.003227,0.050211,0.031069,0.022721,0.009795,0.006228,-0.065855,0.029436,0.116483,0.011412,-0.054309,0.032475,-0.014615,-0.075312,0.050987,0.049134,0.099166,-0.001034,-0.024517,0.005230,0.027172,0.063815,0.046513,-0.041467,-0.025099,-0.071177,0.009418,-0.022138,0.039126,0.037468,0.000950,0.064739,0.017124,0.036275,-0.039809,-0.046406,0.064684,0.040351,-0.086987,-0.014758,-0.037734,-0.003335,0.007348,-0.039468,-0.025137,0.006293,0.014513,-0.058613,0.009622,-0.007411,-0.032601,-0.038795,-0.028301,0.009431,0.062690,-0.100606,-0.017070,0.083218
0.052149,0.028239,0.028431,-0.011217,0.052277,0.033232,-0.139852,0.092245,-0.004679,-0.064836,-0.032008,0.109221,-0.073905,0.016652,0.054869,-0.066507,0.007463,0.037060,-0.044111,0.039501,-0.000265,-0.091666,-0.060240,0.039730,-0.034759,-0.018951,-0.070279,0.016160,0.019652,-0.049262,-0.005350,0.088801,0.147124,0.043423,-0.003990,-0.058371,-0.027301,-0.009397,-0.004540,0.036864,0.065875,-0.084793,-0.046917,0.066645,-0.045779,0.017913,-0.005850,-0.003893,-0.088193,-0.022793,-0.043907,0.027753,-0.080576,-0.056492,0.019164,-0.062565,-0.099226,0.015954,-0.014546,0.065059,-0.022666,-0.052219,-0.020294,0.051111,0.031821,-0.042126,0.005409,-0.024600,-0.074270,0.072147,0.016371,-0.000176,-0.055392,0.077222,-0.042472,-0.010494,0.044111,0.043731,-0.053118,-0.012666,-0.027230,0.015311,-0.031298,0.002492,0.016868,-0.024622,0.045313,-0.115895,0.006730,-0.036050,0.061284,0.010007,-0.005231,0.030397,0.014728,0.013136,-0.037476,0.016708,0.021722,0.010011,0.064899,0.028997,0.053228,0.072823,-0.052671,-0.068958,-0.036772,0.028948,0.030350,-0.030909,0.029358,0.030323,-0.015968,-0.012301,-0.004857,-0.015613,-0.120300,-0.012603,0.120233,0.059814,0.008985,-0.038817,-0.066563,-0.070375,-0.016074,0.066905,0.001238,0.000000,-0.125706,0.006947,-0.012126,0.036200,-0.025629,0.040018,-0.017566,-0.054165,-0.027421,0.013546,-0.030984,0.102090,0.023279,0.049126,0.111528,-0.021763,-0.000329,0.122702,0.016627,-0.015885,0.040365,-0.028700,0.030607,0.008956,0.065759,-0.074856,0.015132,-0.014818,-0.040577,0.016544,0.024835,-0.055044,-0.038531,-0.016365,-0.021926,0.000296,-0.042617,-0.091189,0.058607,-0.016951,-0.039476,0.029872,-0.064203,-0.026369,-0.034844,0.080476,0.011873,0.026073,-0.092329,-0.005561,-0.017073,0.064621,0.062600,-0.046172,0.106468,-0.021954,0.023296,-0.053477,-0.035780,0.076494,-0.091178,0.018301,-0.054534,0.085153,-0.032129,0.046807,0.036652,-0.017811,-0.031691,0.022663,0.025755,-0.056385,-0.034814,0.083273,0.027080,-0.058921,0.037056,0.046443,0.009481,-0.062920,-0.077773,0.031038,0.010418,-0.059697,-0.006240,-0.081493,0.080700,-0.024943,0.018666,-0.006578,-0.037222,-0.021644,-0.033210,0.074410,0.013181,-0.000000,-0.038921,-0.018179,-0.013902,0.046064,0.007756,0.029131,0.056679,0.008615,0.025537,0.006174,-0.026070,-0.016649,0.016177,0.030716,-0.055102,-0.012707,0.036368,-0.033813,0.061342,-0.049809,0.129845,0.044936,-0.068941,0.003487,0.034177,0.000273,-0.057159,-0.023703,-0.094288,-0.037557,-0.031651,-0.048720,-0.062673,0.045830,-0.048641,-0.020039,-0.011432,0.031578,0.029165,0.104128,0.042893,-0.067430,0.085547,-0.003377,0.001389,0.001806,0.052525,-0.053496,0.019265,0.008969,0.020948,0.050278,0.013231,0.014749,-0.089500,-0.049268,-0.033324,-0.004480,-0.058486,0.045659,0.104890,0.009154,0.006309,0.001167,-0.020558,0.011717,-0.020779,-0.079788,-0.041603,-0.041371,-0.065691,-0.077361,-0.046718,0.051293,-0.202804,0.008320,0.008822,0.003999,-0.002913,0.074011,-0.052148,0.020649,0.054551,0.018288,-0.041848,0.067388,0.030022,0.041562,0.004736,0.049856,0.007845,0.017132,0.029066,0.075480,-0.054960,-0.000000,-0.003251,-0.036076,0.029494,0.037313,0.072679,0.015655,-0.004705,0.059321,0.017665,0.103610,0.074054,-0.030669,-0.012106,0.073865,0.046713,0.000550,-0.082278,-0.025745,-0.060571,0.047114,-0.010530,0.110304,-0.020342,0.058706,0.026689,-0.016957,-0.033853,0.017802,-0.014739,0.005511,-0.015353,0.079354,0.066185,-0.005526,0.013764,0.029816,-0.029237,0.084849,0.021763,-0.035204,-0.104077,-0.084710,0.013718,0.025660,0.067188,-0.052351,-0.114732,0.059619,-0.028884,-0.052561,0.058465,-0.013980,0.031732,0.003653,0.089354,0.024885,-0.071872,-0.009308,-0.081504,0.010592,-0.038126,-0.119481,0.074673,0.033368
0.066586,-0.032182,-0.029435,-0.071547,-0.031240,-0.013649,-0.118943,0.024777,-0.126503,-0.073903,-0.022750,-0.020740,-0.019126,-0.012385,0.059546,0.057104,0.074190,-0.037228,-0.003283,-0.015152,-0.014436,-0.080398,0.013169,0.001266,-0.024611,-0.011493,-0.029678,0.068003,0.030232,-0.069296,-0.024440,0.004418,0.065392,0.014923,-0.021655,0.015916,0.031240,-0.047322,0.009231,-0.092053,0.008377,-0.019263,0.003120,0.057100,-0.033596,-0.007554,0.009815,0.005073,-0.037350,0.055651,0.044672,-0.034064,-0.035681,-0.017933,-0.063831,0.031468,-0.043943,-0.043839,0.046539,-0.025787,0.021567,-0.018746,-0.051738,-0.058359,0.097724,-0.028930,-0.019874,0.028892,0.012267,-0.049875,0.034879,-0.107075,-0.072154,-0.046524,-0.002121,0.074298,0.036074,0.020634,0.011776,-0.065418,0.072925,0.058743,-0.018017,-0.082442,0.066584,-0.037024,-0.080803,-0.014518,-0.010282,-0.063054,0.030971,-0.090300,0.003890,0.056964,0.086505,0.059155,-0.069020,-0.057020,0.007146,-0.034735,0.005087,-0.013179,0.042246,-0.047380,-0.090984,-0.023939,-0.054301,0.061477,-0.022637,-0.100932,-0.031528,0.019835,0.065899,0.009056,0.008915,0.013794,-0.103256,0.033263,0.078053,-0.105949,0.038870,0.004728,0.123877,-0.039809,0.048424,-0.078022,-0.062691,-0.000000,-0.053785,0.062744,-0.112477,0.047956,0.008979,0.009611,-0.034203,-0.025419,-0.024694,0.009671,0.011789,0.062656,0.007462,-0.011412,0.029116,-0.070401,0.058301,0.116620,0.083997,-0.005326,0.005163,0.042675,0.023859,0.049313,0.067607,-0.085310,0.061454,0.084614,0.046188,0.023717,-0.020297,0.022664,0.006366,0.021130,0.039349,0.081418,-0.099541,-0.089309,-0.033840,-0.031477,0.039993,0.003882,-0.075818,0.001360,-0.030559,-0.084159,-0.031061,-0.019165,-0.019411,0.008034,-0.038370,0.018287,-0.031769,-0.016190,0.118356,-0.035064,0.040202,-0.019264,0.018216,0.098469,-0.097098,0.024073,-0.060331,0.041145,-0.002582,0.016106,0.095247,0.055547,-0.064931,0.023751,-0.002160,-0.135147,0.063803,0.055207,-0.033504,-0.022093,-0.029399,0.031845,-0.007882,0.067791,-0.090370,0.111283,-0.027040,0.043340,0.054993,0.059283,0.071375,-0.051697,-0.017851,0.041867,-0.100996,0.011347,0.053807,0.073842,0.072735,0.000000,-0.042082,0.016992,0.042847,0.029513,-0.032501,0.011207,0.091623,-0.087819,0.016305,0.056810,0.027128,-0.001271,-0.001364,-0.024035,0.011315,0.038295,0.049617,-0.062930,0.080698,0.002617,0.095724,0.003635,0.001978,0.068765,0.024054,0.039943,-0.053527,-0.021437,-0.069078,0.000696,-0.052403,-0.059706,-0.008908,0.054661,-0.030708,-0.022443,0.065837,0.034692,-0.022709,-0.024591,0.027127,0.016910,-0.035391,0.005950,-0.058808,0.024454,0.097945,-0.032507,0.013841,0.013269,0.068497,0.028755,-0.013495,-0.065181,-0.068775,-0.051245,0.097281,0.065204,0.034296,-0.000642,0.071370,-0.020916,0.044493,-0.028351,0.049543,-0.040615,0.064179,-0.005256,-0.043219,0.054466,0.007198,0.036626,0.067396,0.016539,-0.029947,0.048565,-0.020576,-0.077466,-0.022476,-0.049709,-0.089677,0.016657,0.039652,0.002754,0.083443,-0.054602,-0.055694,-0.003548,0.086481,-0.051676,-0.007003,-0.076047,0.011755,0.018740,-0.016748,-0.000000,0.016464,-0.016270,-0.077164,-0.042275,-0.019068,0.005434,-0.062466,-0.006395,0.028046,0.003021,0.007525,-0.020847,-0.055031,0.067274,-0.043768,-0.047401,-0.041201,0.033665,-0.032024,-0.040400,0.039670,0.049198,0.076484,0.081571,0.014953,-0.000325,-0.034461,-0.021225,-0.011780,0.027209,0.115665,-0.053701,0.059683,0.022152,0.070413,-0.011721,-0.008726,0.089794,-0.021261,0.006002,-0.002649,-0.017475,-0.051109,0.107820,-0.004202,-0.077938,-0.121179,-0.002863,-0.029207,-0.039626,0.067880,0.028507,0.041327,0.023549,0.083332,0.055336,-0.017056,0.011173,0.034213,0.052281,0.025439,-0.063124,0.026323,-0.033048
-0.003965,-0.052810,0.008371,-0.042271,-0.002429,0.049030,0.001086,0.021254,-0.090926,-0.060582,-0.044483,-0.000722,-0.005722,0.000406,0.112106,0.048554,0.040681,-0.066799,-0.038001,0.030977,-0.086074,-0.086811,-0.044631,0.031868,-0.066230,0.018109,0.029087,0.101961,0.000698,-0.046612,0.047206,0.020619,0.097173,-0.015025,0.038272,0.099505,0.010552,-0.032358,-0.018462,-0.075156,0.060844,-0.045493,-0.019610,0.039428,0.043693,-0.038750,0.060363,-0.018178,-0.029144,0.047627,-0.022159,-0.071043,-0.016298,-0.098644,-0.036198,-0.030836,-0.037112,0.018595,-0.013222,-0.030042,0.009723,0.004657,-0.050180,-0.020952,0.060091,-0.035331,-0.076186,0.111353,-0.021252,-0.028839,-0.045689,-0.021362,-0.044433,0.000026,-0.059115,0.043232,0.074657,-0.062566,0.087537,-0.055520,0.053085,-0.012863,-0.036113,-0.057884,-0.020737,-0.070241,-0.005903,-0.056791,-0.077319,-0.075716,0.037683,-0.054413,0.023533,0.061526,0.053094,0.060168,-0.060238,-0.094389,-0.013065,0.023678,-0.021469,0.086222,-0.038481,-0.053218,-0.078048,-0.006230,-0.081968,0.112090,0.024871,-0.071162,-0.074218,0.031442,-0.006398,0.033083,0.011579,-0.068657,-0.027622,0.012379,0.065672,-0.046442,0.006026,0.069648,0.061693,-0.060107,-0.008655,-0.035580,-0.063910,-0.000000,-0.086056,0.082601,0.008960,0.045699,0.058831,0.014098,-0.055623,0.033793,-0.006045,0.028359,0.003650,0.094222,0.113697,0.007892,-0.054070,-0.058836,-0.017451,0.117118,0.018548,-0.070803,-0.051773,0.004760,0.017460,0.064878,0.029820,-0.102743,0.081210,0.075643,0.143600,0.000598,0.045516,0.041105,-0.082398,-0.007522,-0.045200,0.134287,-0.097129,-0.106022,-0.002689,-0.040685,-0.009798,0.004224,-0.020493,-0.009867,-0.066502,-0.012186,-0.004710,-0.061470,-0.000431,-0.027966,-0.033043,0.023956,-0.046048,0.049792,0.052930,-0.050654,0.029551,-0.010692,0.014482,-0.015120,0.021028,-0.048805,-0.036636,0.000989,0.008239,0.031259,0.071389,-0.033860,-0.017370,0.068441,0.018275,0.005651,0.068335,0.021652,-0.139982,0.020270,-0.084634,0.043143,0.051824,0.029695,-0.047072,0.044393,0.020251,-0.012862,0.065110,0.013974,0.053487,-0.119444,-0.004617,0.006836,-0.062428,0.000155,-0.006451,0.098493,0.034659,0.000000,-0.082724,0.053206,-0.010095,0.021235,-0.025702,0.044974,0.106168,-0.080853,0.064242,0.109237,-0.011164,0.010223,-0.028852,0.004565,-0.006190,-0.020204,0.069058,-0.050545,0.058364,-0.028935,-0.002146,0.019014,-0.045688,0.071248,0.082706,0.036092,-0.008325,-0.062280,-0.045725,-0.040513,-0.043769,-0.081418,-0.076395,0.010083,0.047205,0.039983,-0.036081,-0.012890,0.031168,0.018695,0.026333,-0.037979,0.015239,-0.024811,-0.025322,-0.015684,0.051879,-0.060901,0.014772,0.034212,-0.018186,-0.020568,0.002623,-0.056227,-0.068787,0.025450,0.103757,0.040023,0.051607,0.036555,0.048580,0.059951,-0.000064,-0.012013,0.035788,-0.029097,0.016512,-0.089682,0.005067,-0.011077,0.031074,0.006514,-0.015879,0.015103,-0.079600,0.007023,-0.003897,-0.087681,-0.053383,-0.120094,0.058608,0.003653,0.102835,-0.009482,0.045202,-0.075040,0.036678,0.070399,0.038969,-0.004076,-0.044393,-0.060492,0.012209,-0.032519,0.045858,-0.000000,-0.043517,-0.050851,-0.013078,0.012230,0.014169,0.037219,-0.020293,0.034737,-0.017732,0.062412,0.003107,-0.041599,-0.060933,0.089134,0.044255,0.028573,-0.060882,0.000063,-0.039534,0.009210,0.013512,0.110224,0.040354,0.014633,0.026005,0.053746,-0.010857,0.048066,0.015451,-0.032067,0.041425,0.007043,0.062724,0.002675,0.010812,-0.007901,-0.032632,0.065095,-0.084807,0.011591,-0.021992,-0.022402,-0.023489,0.073868,-0.014764,-0.013361,-0.077199,0.066665,-0.067572,-0.040934,0.020458,-0.011656,0.081257,0.034208,0.038001,0.022116,-0.082634,0.043968,0.072485,0.065566,0.016527,0.015782,0.030514,-0.031364
-0.022079,-0.004570,-0.007592,-0.042182,-0.016553,-0.004861,0.032105,0.048736,-0.099638,-0.018940,-0.034780,0.026837,-0.010720,-0.029082,0.070460,0.036149,0.083095,-0.047860,0.018052,0.017436,-0.056419,-0.031113,-0.094158,-0.019335,-0.038571,0.054502,-0.069874,0.011031,0.022329,-0.028811,0.009107,0.024282,0.040654,-0.022016,0.060208,0.076629,0.005820,-0.058826,0.048242,-0.035429,0.091405,-0.007466,-0.109549,-0.030290,0.031273,-0.034740,0.035410,0.013080,-0.061153,0.026744,0.015614,-0.038856,-0.046894,-0.075280,-0.027342,-0.011247,0.048264,0.006151,-0.025273,-0.016895,-0.093933,0.000409,-0.034415,-0.038023,0.060214,-0.028332,-0.042823,0.069853,0.004373,0.010941,-0.032910,0.014087,0.038994,-0.045960,0.000713,-0.025066,0.099905,-0.039818,0.051677,-0.069615,-0.001327,-0.000332,-0.051963,-0.034670,-0.009316,-0.116268,0.021363,0.007996,-0.013900,-0.067431,0.022256,-0.030426,0.040657,0.043480,0.013116,0.043418,-0.053699,-0.045318,0.043361,0.053648,-0.026196,0.052044,-0.001557,-0.047684,-0.066591,-0.055704,-0.047394,0.065961,-0.004916,-0.029023,0.001093,0.047012,-0.002015,-0.029141,-0.060376,-0.015350,-0.020307,-0.032827,0.094554,0.026648,-0.000613,0.050693,0.096553,0.012917,-0.056843,0.062659,-0.056299,-0.000000,-0.157846,-0.002959,-0.004028,-0.044792,0.060238,0.018278,0.015344,-0.020458,0.036517,0.007956,-0.003556,0.001435,0.033592,0.107759,-0.046693,-0.085190,-0.107727,0.093615,-0.015643,-0.007741,-0.108389,-0.065634,0.041292,0.033124,0.026188,-0.051015,0.043441,0.046582,0.106186,0.027796,0.054631,0.045382,0.001596,-0.028365,-0.084580,0.046293,-0.077252,-0.088633,0.004225,-0.012400,-0.065103,0.022460,0.001407,-0.044583,-0.099745,0.002081,0.003198,-0.003001,0.038246,-0.057004,0.000988,0.009700,-0.044262,0.020018,0.033315,-0.101806,0.081970,0.035273,0.086716,0.029330,0.038688,-0.000305,-0.021637,0.013341,0.048442,0.089307,0.050355,0.021200,-0.045707,0.001626,0.026490,-0.014833,0.029823,0.061383,-0.066953,0.017516,-0.000892,0.074883,0.043829,-0.003789,-0.036838,0.133887,0.014444,-0.112525,0.029620,-0.041465,0.012827,-0.025357,-0.008790,0.015426,0.014882,0.002947,-0.006963,0.058456,-0.024277,-0.000000,-0.077244,0.095187,0.006996,0.050540,-0.048453,0.027467,0.084844,-0.051354,0.028502,0.145395,0.006536,0.051275,-0.024619,-0.001684,0.022503,0.004618,0.013713,0.008454,0.074357,-0.080787,0.009709,-0.021797,0.011721,0.101319,-0.024177,0.008505,-0.068746,-0.048203,0.037985,-0.050293,-0.046563,-0.061191,-0.029759,0.034643,0.015760,0.004444,-0.017341,0.042420,0.082209,-0.019365,-0.027801,-0.028633,0.011411,0.012489,-0.046991,-0.044812,-0.031149,-0.093951,-0.002660,-0.001083,-0.005153,-0.014804,0.047298,-0.109520,-0.122354,0.046110,0.051053,0.037646,0.064666,-0.014844,0.094244,0.004701,0.004085,-0.013032,0.034159,0.010199,0.018655,-0.130199,-0.006524,0.015624,0.009691,0.049046,-0.033937,-0.051051,-0.066683,0.076256,-0.009718,-0.010848,0.027299,-0.051856,0.010694,0.007889,0.084654,0.009278,-0.010432,-0.058184,0.032345,0.067294,0.012293,0.021638,-0.031083,-0.038577,0.038776,0.003496,0.077414,-0.000000,-0.040605,-0.068355,-0.036732,0.026708,-0.053495,0.015895,-0.002904,0.033743,0.000765,0.051458,0.050812,-0.091824,-0.134620,0.040066,0.001509,-0.010564,-0.067709,0.049680,-0.057654,-0.068798,0.023111,0.101179,0.053651,0.081697,-0.032925,0.005596,0.077430,0.122716,0.043238,-0.087314,-0.006834,0.033525,-0.000678,0.004076,-0.027706,-0.054200,-0.024705,0.047554,0.011350,0.074925,0.023142,-0.117570,-0.014898,-0.016421,0.043541,0.059433,-0.150770,0.040417,-0.079478,-0.003506,0.105322,0.009926,0.049109,0.044634,-0.024208,-0.038926,-0.104222,0.026049,0.084812,0.013555,0.022148,-0.041846,0.054300,0.000441
-0.046236,-0.052094,-0.048906,-0.014525,-0.015605,-0.016012,-0.103773,0.002792,-0.013618,-0.027958,0.020898,0.094141,-0.064972,-0.003805,-0.010184,-0.016262,0.055535,-0.008660,-0.051958,0.102784,0.003120,-0.039868,-0.084548,-0.008132,-0.017394,-0.027207,-0.033186,-0.021794,0.004235,-0.021820,0.075313,0.032574,0.134324,-0.010410,0.093314,-0.017217,0.032411,-0.044936,0.008230,-0.099509,-0.033423,-0.054544,-0.037071,0.104767,0.019694,-0.023756,-0.093446,-0.060003,-0.015638,0.059001,-0.027384,-0.096652,-0.042027,-0.089078,0.006454,-0.041980,0.041897,0.076273,0.056087,0.057889,-0.003256,-0.002567,-0.034920,0.035412,0.056600,0.026319,0.016335,0.027698,-0.100262,0.008910,-0.070429,0.024186,0.023149,-0.056938,0.010446,-0.058114,-0.018847,0.001022,0.023403,0.008997,0.016056,0.004192,-0.043731,0.004526,-0.064310,-0.040602,-0.067587,-0.008712,0.032214,0.021514,0.048845,0.041379,0.098571,0.031897,-0.120467,0.037926,-0.077683,0.007572,0.087781,-0.038574,-0.007153,0.107471,0.114267,-0.106518,-0.053632,-0.046009,-0.044777,0.045546,-0.021856,-0.024417,0.044989,0.066522,-0.108805,-0.020783,0.027046,-0.028414,0.062287,-0.075630,0.038852,0.003905,0.005703,0.011748,-0.012506,-0.072796,-0.084546,0.026551,-0.002527,-0.000000,-0.025535,0.020051,-0.050370,-0.061810,0.013104,0.002997,-0.048857,-0.009328,0.078424,0.013033,-0.009247,0.009762,-0.035847,0.040630,0.077865,-0.017523,-0.017293,-0.001294,0.036827,0.057343,-0.024654,-0.089259,0.018455,-0.016254,0.092884,0.013543,-0.003122,-0.044044,0.017134,-0.018753,0.076573,-0.026195,-0.057259,-0.006875,-0.105435,0.054111,0.017222,-0.005388,-0.019308,0.033841,-0.075167,0.042714,0.018694,-0.000775,0.040819,0.020509,-0.002173,0.050284,0.011539,-0.054922,-0.063587,0.032447,0.008493,0.015621,-0.006027,-0.059546,0.050029,-0.037177,0.080583,0.002188,0.013432,0.007460,0.017413,0.065200,-0.039477,0.051128,0.119903,0.081580,-0.051188,-0.068230,-0.048116,-0.106545,0.008950,0.015017,-0.106077,0.044786,-0.044742,0.021059,-0.014311,-0.043290,-0.070544,0.014302,-0.039134,-0.085154,0.067561,0.027786,-0.003230,-0.002201,-0.010071,0.013816,0.022361,0.028364,0.016723,0.096069,0.016845,-0.000000,-0.023545,-0.026102,-0.010340,0.039488,-0.003641,0.018257,0.033088,-0.024321,-0.040318,-0.004744,-0.045559,0.072740,0.000509,0.041877,-0.057681,0.066024,-0.048933,0.020392,-0.044460,-0.077581,-0.009397,0.086416,0.053000,0.107389,0.009290,0.039461,-0.093430,-0.010298,0.004705,0.072538,-0.040190,-0.060786,0.013112,0.036651,-0.025463,0.049367,0.025320,0.044639,0.029074,0.049410,0.040606,-0.000458,-0.022022,0.044237,-0.103951,0.052041,0.023849,-0.079384,0.023537,0.010181,0.039188,0.033031,-0.034791,-0.017407,-0.044582,0.076506,0.046543,-0.029128,-0.096561,0.002032,-0.048693,0.049371,-0.003537,0.010826,0.085448,0.044025,0.070773,-0.010472,-0.002976,-0.027243,0.006809,0.075045,-0.034498,0.017782,-0.074864,0.073125,-0.038690,-0.068783,-0.028418,0.034212,-0.033202,0.046110,0.047119,-0.020753,0.024547,-0.092898,-0.042500,-0.059244,-0.013737,-0.030315,-0.060736,0.016331,-0.015133,-0.019311,0.004256,-0.000000,-0.071428,-0.020142,0.041059,0.000141,0.023128,-0.072256,0.050040,0.093602,-0.010918,0.013824,0.027213,-0.034614,-0.015491,0.079867,0.051349,0.008622,0.040999,0.000296,-0.054286,-0.039590,0.026559,-0.016529,0.120813,0.048775,-0.000283,-0.068574,-0.049918,0.081063,0.018864,-0.024400,0.015092,0.061182,-0.010189,-0.001525,0.018618,-0.040933,0.038692,-0.058064,-0.033362,0.042710,-0.094753,-0.118662,-0.137454,0.022530,0.053980,-0.064616,-0.031073,0.039926,-0.033581,0.060849,0.044089,0.000113,0.037418,0.043736,0.100176,-0.017872,-0.015209,0.147155,0.094368,0.055901,0.035669,-0.087425,0.093219,-0.072664
-0.034712,-0.012153,0.005831,-0.006420,-0.012304,0.012067,-0.059915,-0.021188,0.048686,-0.053438,-0.067719,0.041612,-0.006291,-0.055246,0.080997,-0.000650,0.057649,0.042734,-0.058704,0.021198,-0.036262,-0.058712,-0.138273,-0.014061,-0.006047,0.005408,0.075295,0.059968,0.056576,-0.067136,-0.001529,0.022807,0.111937,-0.007997,-0.080920,-0.041494,0.018860,0.032327,0.042270,-0.002099,-0.092637,-0.032979,0.003921,0.033119,-0.099836,0.015099,-0.004777,-0.028281,0.011311,0.010236,-0.072966,0.001840,-0.063858,-0.006636,-0.042087,-0.003179,0.048193,0.059970,0.065374,0.004371,-0.018901,0.005319,0.011581,0.064470,0.089451,0.017838,0.007788,0.049876,-0.013330,-0.039667,-0.012200,0.038334,-0.023980,-0.096893,-0.039343,0.003058,0.001611,-0.032157,0.078406,0.039699,-0.008306,0.003330,-0.136301,-0.029835,-0.035882,-0.067737,-0.053774,-0.095132,-0.006619,-0.039497,0.056574,0.087971,0.029838,0.031715,-0.020537,0.038534,-0.043140,-0.041120,0.064809,0.087059,-0.038143,0.112358,0.036289,-0.020690,-0.060594,-0.067033,0.054783,0.044394,-0.061509,0.008738,0.014509,0.002194,-0.090546,-0.108363,-0.061948,-0.015641,0.078812,-0.002634,0.029107,-0.046311,0.007351,0.004886,-0.055230,-0.002755,-0.013717,0.089000,0.038978,0.000000,-0.089654,0.017338,-0.002446,-0.002371,-0.080802,0.073876,-0.062802,-0.019639,0.028497,-0.015497,0.047277,0.081989,-0.012462,0.029584,0.064700,-0.101381,-0.041790,-0.032016,0.057480,-0.013910,-0.000581,-0.042437,0.010324,-0.072999,-0.015620,0.042205,0.109929,0.047638,-0.038011,0.013422,0.059428,0.023809,-0.073255,-0.000925,-0.051985,0.057597,-0.002831,-0.022899,0.036440,-0.030224,-0.034623,0.034071,-0.036541,0.002896,-0.019609,0.027626,-0.010451,-0.033417,0.046944,0.007010,-0.063691,-0.005610,-0.036484,-0.006768,-0.047680,-0.024694,0.010455,-0.102733,0.048799,0.002992,-0.013363,-0.012103,0.046739,0.030531,0.039862,0.065979,0.100968,0.012187,-0.039658,-0.049315,-0.023875,-0.042204,0.062667,-0.020463,-0.052972,-0.090047,-0.062538,0.071790,0.082080,-0.017267,-0.049766,-0.114813,0.064753,-0.023116,0.061561,0.010920,-0.046750,0.018570,-0.024445,-0.019432,-0.040851,0.019551,0.023338,0.100016,0.070780,-0.000000,-0.047871,0.053230,-0.012287,0.091052,0.015563,0.027417,0.069773,-0.086272,-0.056493,0.131745,-0.034333,0.060596,-0.028069,-0.051327,-0.006631,-0.015384,0.069090,-0.026205,0.029749,-0.064695,-0.008038,0.032348,-0.035429,0.062934,-0.004761,0.003226,-0.086126,0.049694,-0.008688,0.127486,-0.034787,-0.017230,0.013101,-0.000647,-0.039634,-0.000367,0.069878,0.011024,-0.019230,-0.037979,-0.018049,-0.022116,-0.021532,-0.004527,0.022442,0.074386,0.102027,-0.045288,0.047625,-0.009890,0.063506,0.075466,-0.124641,0.041860,-0.027116,0.015514,-0.033867,-0.026687,0.003763,-0.052418,-0.044306,0.036992,0.013260,-0.065833,0.048278,0.055045,0.067743,-0.094091,0.120629,-0.087215,0.038378,-0.042915,0.090577,-0.063898,-0.059469,0.022324,0.077850,-0.069219,0.000125,0.015641,-0.011355,0.011943,0.032192,0.000733,-0.016303,-0.050488,-0.087080,-0.020745,-0.036581,0.040510,-0.121627,0.045303,-0.033447,0.005798,0.025084,-0.000000,0.001349,0.011661,0.013684,0.011331,-0.014553,-0.016220,0.003369,0.020495,0.037541,0.004920,0.097097,-0.023693,0.029819,0.043762,0.029712,0.011449,-0.019994,0.059495,-0.070458,0.012332,0.071337,0.070729,0.069408,-0.047452,0.086746,0.064747,-0.002658,0.044501,0.014455,-0.030088,-0.001780,-0.010100,-0.033314,-0.008866,0.027439,0.094032,0.006824,0.010161,0.028644,-0.055653,-0.072953,-0.101597,-0.074846,0.055758,0.047520,-0.036746,-0.124122,0.022451,-0.016192,0.031681,0.011541,0.009039,-0.009781,0.046420,0.052646,-0.071114,-0.054378,0.041174,-0.015260,0.023036,0.088090,-0.100966,-0.078380,-0.017069
-0.018419,0.008769,-0.004604,-0.031502,0.013816,0.044688,0.047756,0.053766,0.070620,0.003479,-0.037794,0.059948,-0.002241,-0.025909,-0.027133,0.000705,0.075085,-0.046119,-0.013195,0.023356,-0.078000,-0.052532,0.062338,-0.002318,0.044250,-0.027179,0.007387,0.046612,0.023635,-0.040243,0.000916,0.061775,0.025075,-0.012899,0.043081,0.051433,0.036727,0.008949,-0.001714,-0.035254,0.042480,-0.075366,0.020485,0.005420,-0.028688,-0.046101,0.043417,-0.004189,-0.009397,0.062394,-0.028027,-0.008122,0.036659,-0.085289,0.001882,0.102251,-0.034568,-0.078542,0.050334,-0.035339,0.030683,-0.005562,-0.049472,0.027908,0.084836,-0.060204,0.006438,0.021900,-0.081776,-0.015397,0.126343,-0.074481,-0.014385,-0.037683,-0.027485,0.034908,0.058012,0.076014,0.019724,-0.021534,0.057575,-0.018936,-0.057028,-0.055738,-0.041511,0.001651,0.076717,-0.040205,-0.032658,0.035099,0.028806,-0.098922,0.023740,-0.005015,-0.028601,0.058212,-0.084826,-0.022164,0.050252,0.009266,0.045696,0.039700,-0.022986,-0.033334,-0.074560,-0.094120,-0.044316,0.017292,0.036003,0.003562,-0.049642,0.043128,-0.001105,0.060421,0.064480,0.073127,-0.061450,-0.017885,0.099377,-0.097477,0.077449,0.047729,-0.057800,0.067578,-0.085560,-0.090116,-0.123823,-0.000000,-0.018676,0.046183,-0.060255,0.027596,-0.093011,-0.022398,0.003663,-0.032128,-0.113025,0.066103,-0.074343,0.053140,-0.021887,-0.072137,-0.000996,-0.028731,-0.117831,0.016706,0.082878,-0.008116,-0.012527,0.065634,0.037147,0.063546,0.026318,-0.125918,-0.022808,0.023477,0.009127,0.027893,-0.015596,0.009155,0.043431,-0.026502,-0.008971,0.045884,-0.082482,-0.060675,0.017904,0.069269,-0.008399,0.008443,-0.094368,0.026771,0.004266,0.074456,-0.012595,-0.074931,-0.065820,-0.004297,-0.020418,0.009031,-0.022718,-0.027128,-0.022125,-0.027530,-0.035172,-0.073354,-0.018157,0.006947,-0.084063,0.049914,0.005840,0.052520,-0.112483,0.119269,0.039488,0.047299,-0.077686,-0.009547,-0.059127,-0.053296,0.017141,-0.070475,-0.003337,-0.036241,-0.010959,0.057108,0.107339,0.048540,0.036975,-0.000977,0.076399,0.094685,-0.024754,0.026086,0.030083,-0.103138,0.034462,0.070456,-0.016736,-0.020168,-0.010535,-0.002462,0.047144,0.000000,-0.010578,-0.037511,-0.017562,-0.046873,-0.139614,-0.028478,-0.071774,0.011589,-0.024331,-0.006757,-0.040455,0.062595,-0.041213,0.014053,-0.039853,-0.087180,0.118068,-0.057128,0.109560,-0.032948,0.104449,0.059260,0.014981,-0.002510,0.003968,0.033653,-0.073545,-0.053184,-0.021098,0.024345,-0.005382,0.068626,-0.044218,0.062882,-0.013744,0.021992,0.084812,-0.024894,0.026455,-0.027614,0.021826,0.009114,0.038514,-0.023552,0.003325,-0.019175,0.128761,0.006289,0.078825,0.052080,-0.013092,0.068028,0.024016,-0.004968,-0.109626,0.032729,0.112159,-0.048503,0.098548,0.024160,-0.010384,0.100344,-0.008200,-0.010959,-0.012831,0.019819,0.016902,-0.037062,-0.013941,-0.091695,-0.021117,-0.091143,-0.059700,0.013394,-0.021396,0.114506,-0.035622,-0.026885,-0.052532,0.031594,0.015768,0.004857,0.048285,-0.042017,0.046599,0.077596,-0.040586,-0.111787,-0.028900,-0.036192,-0.078097,-0.055912,0.037918,0.004251,-0.020667,-0.000000,-0.005142,-0.023038,-0.012206,-0.027473,0.027719,-0.051287,-0.032195,0.073938,0.036680,0.066345,0.040309,-0.012055,-0.151027,0.056581,-0.067103,0.038759,0.014119,0.025408,-0.003885,0.016222,0.033718,0.051470,0.075478,-0.010204,-0.003627,0.014056,0.002363,-0.010692,0.053211,0.053731,0.004489,0.018596,0.031757,0.032613,0.027018,-0.049418,0.028735,0.026092,-0.000882,-0.014593,-0.000406,0.079163,-0.010949,0.064428,-0.004609,-0.008635,-0.082330,-0.006882,0.030423,-0.061098,0.052748,-0.033419,0.035242,0.027706,0.015113,-0.026022,-0.060095,0.042781,-0.053535,-0.033552,0.013990,-0.027848,0.028335,0.020125
0.050461,-0.010889,0.014996,-0.014216,-0.054061,-0.031896,0.050430,-0.012804,0.028717,0.053210,0.023842,-0.039691,-0.054302,-0.035115,-0.032584,0.065613,-0.039608,-0.059529,-0.029243,0.078159,-0.073421,-0.011208,-0.027581,-0.000929,0.094357,0.031276,-0.007772,-0.003245,0.024879,0.005332,0.053760,0.022182,0.107723,-0.046584,0.041828,0.063138,-0.020186,-0.049888,0.013856,-0.039670,0.095649,-0.016512,-0.056173,-0.061439,-0.014492,0.028335,0.002445,0.049122,0.037640,0.079749,-0.024556,-0.028976,0.022359,-0.042143,0.025982,-0.025632,-0.002697,-0.026428,0.020296,-0.002894,-0.005509,0.024640,0.000506,0.026620,0.071738,-0.001849,0.078474,0.010763,-0.077478,-0.002868,-0.069013,-0.020728,-0.009545,-0.060564,-0.069892,0.021250,0.056778,0.010975,0.077761,-0.065476,-0.026990,-0.022049,0.022066,-0.088244,-0.035675,-0.035604,0.094733,-0.021542,0.022254,0.070766,0.007458,-0.037580,0.020041,-0.001789,-0.031650,0.129923,-0.071030,-0.004874,-0.006895,0.027933,0.004141,0.130020,-0.017637,-0.036288,-0.067530,-0.026478,0.061967,-0.008705,0.037212,-0.036283,0.071637,0.020832,-0.028265,-0.056841,0.008012,0.028436,-0.029408,-0.005512,0.074056,-0.048742,0.021718,0.027241,-0.059590,0.067803,-0.036044,-0.003605,-0.132391,-0.000000,-0.016544,0.008376,0.051307,-0.029398,-0.032939,-0.015183,-0.017035,0.002964,-0.048198,-0.010646,-0.008083,-0.067289,0.080396,-0.076501,0.058783,-0.029276,-0.052363,0.096068,0.066098,-0.030109,-0.036047,0.008993,0.071043,-0.028242,0.029615,-0.102648,0.028370,0.016506,0.090687,-0.028351,0.059144,0.052347,-0.045045,0.007483,-0.082722,0.026985,0.036137,0.027707,0.015767,0.009852,0.029045,0.014715,-0.014690,-0.040165,-0.094689,-0.045356,0.001290,-0.088453,0.005489,0.012307,-0.000384,-0.000181,-0.037242,-0.041773,0.007958,-0.005273,-0.008868,-0.013574,0.020453,-0.016805,0.023653,-0.024421,0.045563,0.013900,-0.063592,0.141943,0.061311,0.048797,-0.031406,0.043105,-0.029513,-0.071283,0.083143,0.031537,-0.089776,0.033855,-0.041049,-0.038519,0.105767,0.123056,-0.046109,0.049505,0.002861,-0.002372,0.075922,0.006371,0.026043,0.023106,0.035818,-0.017559,0.027769,-0.115363,-0.064776,0.042407,0.040095,-0.000000,-0.025879,0.122734,-0.057385,-0.027592,-0.024658,-0.058517,0.074950,-0.022573,-0.028271,0.107859,-0.014386,-0.003883,-0.114414,0.058642,0.066787,-0.048463,0.062251,-0.006440,0.044803,-0.025700,-0.077988,0.027115,0.055251,0.167515,0.005759,0.041649,-0.023978,-0.106756,-0.007764,-0.012093,-0.015761,-0.044589,-0.065443,0.001745,0.000844,0.012532,-0.043140,-0.047037,0.063533,-0.029294,0.014748,-0.042306,0.014639,0.039130,-0.009541,-0.060800,0.000147,-0.061214,-0.013071,0.026114,-0.004476,-0.037112,-0.039876,0.017195,-0.111348,0.036589,0.051366,0.030820,0.023498,-0.021635,0.030956,0.009583,-0.040148,-0.011921,-0.069720,0.069251,-0.077541,-0.044670,-0.003100,-0.038126,0.036655,-0.048013,-0.001605,-0.052746,0.027365,0.109785,0.066697,-0.005475,0.117049,0.017764,0.038413,0.003407,0.081039,0.011719,-0.069049,-0.116034,0.051516,-0.016292,-0.063814,0.066921,-0.060816,-0.057683,0.046205,-0.001869,0.020716,-0.000000,-0.055983,-0.088706,0.002546,0.029421,0.032534,-0.041072,-0.018694,0.015751,-0.050108,0.067862,0.066564,-0.072241,-0.049857,-0.014182,-0.066751,0.013293,-0.129121,0.027820,-0.075829,-0.042632,0.008218,0.123053,-0.029418,0.036885,0.016257,0.039020,0.003482,0.052390,0.002354,-0.046859,-0.000987,0.025865,0.010047,0.024242,0.015798,-0.019055,0.027572,-0.003448,-0.018111,0.005533,-0.067830,-0.078828,0.026010,-0.016971,0.021474,0.046098,-0.160380,0.042533,-0.022979,-0.106866,0.036903,0.005039,0.052159,0.090704,0.037271,-0.065122,-0.056929,0.031717,-0.066258,-0.022675,0.020944,-0.093940,0.007437,-0.032094
0.049032,-0.012612,-0.022439,0.009963,-0.027213,0.005743,-0.074957,0.082282,-0.064931,-0.007974,-0.013293,0.041036,-0.081784,-0.041232,0.015027,0.012827,0.045912,-0.092803,-0.000527,0.004084,0.061883,-0.061149,0.030659,0.005375,0.112089,-0.052409,-0.013116,0.038179,0.027210,-0.062319,-0.009855,0.069199,0.077208,-0.004858,-0.052510,-0.084840,-0.001509,0.011686,0.013227,0.037675,0.007555,-0.020536,-0.035473,-0.015006,-0.070721,-0.006395,-0.016196,0.013605,-0.064902,0.031635,0.053618,-0.028049,-0.053069,0.043815,0.066776,-0.003884,-0.077503,0.020479,-0.000273,0.015691,-0.020855,0.028636,-0.034956,0.017475,0.009186,0.000846,0.022969,-0.090164,-0.071464,0.014445,-0.013747,-0.045153,-0.008212,-0.038454,-0.025071,0.000432,0.019729,-0.003793,0.057268,-0.060705,-0.073005,0.000940,-0.027348,-0.067974,0.092017,-0.072709,0.034459,-0.031300,-0.011834,-0.017992,0.134423,0.020901,0.053722,-0.005308,-0.010909,0.009332,-0.050666,-0.002414,-0.030993,0.014939,0.034474,0.103281,-0.092903,0.085031,-0.034591,-0.022403,0.066014,0.066330,-0.004199,-0.000433,0.015792,0.020337,0.002512,-0.011582,-0.032752,0.006285,-0.102818,0.015101,0.085217,0.041957,0.033051,0.055164,0.020865,0.011444,-0.080232,-0.010803,-0.027015,0.000000,0.003349,-0.038445,0.018976,-0.113467,-0.043050,0.023663,-0.078967,0.052913,0.026158,0.004343,-0.075909,0.051084,0.005250,0.019705,-0.004841,-0.085715,-0.046855,0.121360,0.066907,0.059583,0.018688,-0.074503,-0.028312,-0.052898,0.091518,0.022850,0.014441,0.116471,0.038988,0.032961,0.040196,-0.034422,-0.041490,-0.033951,0.007470,-0.015898,0.064186,0.048631,0.089130,-0.000330,0.005932,0.022812,-0.010532,-0.114857,-0.050043,-0.006461,0.023428,-0.048052,-0.009041,0.067904,-0.048109,-0.004251,0.000839,0.028251,0.042535,0.000433,0.055792,0.007150,0.074607,0.095301,0.006464,-0.003173,-0.015628,-0.092970,-0.058239,0.152312,0.078468,0.026081,-0.113124,0.016007,-0.061427,-0.051013,0.029147,0.013731,0.028277,-0.071335,0.067066,0.013413,-0.009716,-0.020889,-0.006034,0.018460,0.021041,-0.021430,-0.009598,-0.002018,0.016359,-0.047951,-0.059942,0.023066,0.058445,-0.045408,-0.029400,0.115429,0.018580,-0.000000,-0.010918,-0.009027,0.004819,0.066788,-0.013411,-0.021881,0.081893,0.077432,-0.001714,-0.001375,0.057735,-0.012665,-0.002440,0.021715,0.015342,0.019537,0.002614,-0.034583,0.013370,-0.017020,0.029071,0.018179,-0.010201,-0.042408,0.021806,0.036284,-0.073058,-0.026881,0.001603,-0.091442,-0.051021,-0.113363,-0.056074,0.006096,-0.043916,-0.069416,-0.011023,-0.060292,0.024088,0.006997,0.137627,0.011075,-0.022461,0.004562,0.054141,0.037146,-0.026277,-0.007873,-0.004987,0.005069,0.003600,0.007790,-0.009225,0.052386,-0.063899,0.002138,0.103395,0.009554,0.012272,0.004113,0.049065,0.093200,-0.009754,-0.025171,0.009817,-0.018684,0.049765,-0.002604,0.046594,-0.026381,0.026282,-0.046576,-0.071447,-0.040147,-0.074095,0.010119,-0.015091,-0.090197,-0.043960,0.033529,-0.122271,-0.013694,-0.003276,0.024846,-0.068860,-0.027704,0.013756,-0.063059,0.017429,0.048160,-0.011684,-0.033391,-0.054341,0.099541,-0.076308,-0.000000,-0.002196,-0.100780,0.070630,0.026686,0.116118,-0.073593,0.007830,0.052979,0.000779,-0.059601,0.198048,-0.028856,-0.053185,0.022052,0.021511,-0.004193,-0.019084,-0.016972,0.018473,-0.033912,-0.009014,0.042309,0.083570,-0.047886,-0.006576,-0.004209,0.036972,0.186067,-0.019077,-0.114309,-0.015264,0.064706,0.072402,-0.063688,-0.044881,0.041665,0.024008,0.020725,0.014620,0.082741,-0.032001,-0.049605,0.030266,0.011930,0.025992,0.019262,-0.059305,0.029973,0.030065,-0.113229,0.063097,0.056235,0.038965,0.036282,0.070214,-0.027873,-0.115230,-0.021634,-0.058585,0.045726,0.010759,-0.084465,-0.027351,0.004135
-0.022770,-0.031770,-0.030023,-0.017614,-0.026949,0.033038,0.025576,-0.024796,0.069956,0.003489,0.038085,0.019981,0.006640,-0.003706,-0.043235,0.027081,0.008145,-0.016438,0.051130,0.040326,-0.066279,-0.013750,0.005867,-0.029069,0.099566,-0.022131,0.013419,0.055803,0.079975,-0.047512,-0.051767,-0.033913,0.102161,0.002163,-0.002105,0.003128,-0.007520,0.007765,0.008876,0.011782,-0.041709,-0.065496,-0.063563,0.002129,-0.027576,0.000753,-0.023966,0.039471,-0.019678,0.114397,-0.019808,0.020548,0.015001,0.042069,-0.040546,0.080049,-0.008852,-0.096775,0.046697,-0.024002,-0.027840,0.005713,-0.057048,0.046322,0.126968,-0.052726,0.026755,0.064893,-0.084002,-0.050262,0.050036,-0.055873,-0.050866,-0.028956,-0.065959,0.029955,0.057323,0.062648,0.025829,-0.044090,-0.021004,0.110238,-0.050455,-0.100375,-0.067782,0.000817,0.050571,0.017510,-0.017128,0.041904,-0.031664,-0.030508,-0.034808,-0.025058,-0.019896,0.027867,-0.111172,-0.066302,0.074885,-0.042629,0.047387,0.059418,-0.032495,-0.062889,-0.098890,-0.051738,0.021388,0.004514,0.015154,-0.008035,0.005347,0.014011,-0.023526,0.011320,0.027918,0.100230,-0.097863,-0.004645,0.129841,-0.111424,0.056870,0.067570,-0.033583,0.018543,-0.050312,-0.028913,-0.052953,-0.000000,0.021188,-0.011328,-0.051932,0.066729,-0.044854,-0.001767,0.012309,-0.040587,-0.037932,-0.035496,-0.070323,0.003238,-0.018467,-0.020307,0.011178,-0.041274,0.007055,0.036314,0.110461,0.016603,0.022099,-0.053334,-0.005338,0.055711,0.075836,-0.098406,-0.037469,0.045564,-0.078327,0.012347,0.034945,0.032479,-0.027130,-0.011395,0.012403,0.024570,-0.037855,0.012353,0.053080,0.047504,0.023133,-0.039307,-0.050992,-0.103682,-0.079075,0.031777,0.000274,0.002851,0.005750,0.034490,0.015080,-0.025084,-0.044859,-0.012360,0.022381,-0.017202,-0.087668,-0.072587,-0.017609,0.056052,-0.064239,0.051382,0.051306,0.030523,-0.092105,0.067773,0.024305,0.040176,-0.016282,-0.026383,-0.082047,-0.060426,0.056090,0.015058,0.025214,-0.024381,-0.052892,0.052098,0.138060,0.083380,-0.062726,0.047639,0.044541,0.049324,0.042027,0.067072,0.075023,-0.015170,-0.008785,0.025182,-0.012550,0.010919,-0.022758,0.101380,0.049792,-0.000000,0.006510,0.016212,-0.016307,-0.049852,-0.121964,0.015500,0.070209,0.111381,0.000862,0.050355,-0.029243,0.042666,-0.061970,0.008156,0.004238,-0.038728,0.102865,-0.065105,0.076768,0.014843,0.016310,0.011874,0.035421,-0.004976,0.058059,0.009619,-0.050644,0.022912,-0.017867,0.030888,0.027254,-0.034048,-0.102640,0.057090,-0.018327,-0.093801,0.050217,-0.047120,0.071453,-0.041568,0.027039,-0.021513,0.017389,0.026092,0.034584,-0.038261,0.096275,-0.044091,0.025230,-0.024474,0.004677,0.070100,0.035445,0.007559,-0.102051,0.090752,0.138181,-0.050526,0.024424,-0.038885,0.032841,0.073893,0.014507,-0.001765,-0.021620,-0.003452,0.045552,0.036763,0.019238,-0.051896,0.019814,-0.070441,0.028490,-0.066205,0.010598,0.063294,0.088981,-0.097489,0.007422,-0.002621,-0.032866,0.062774,0.019842,0.017397,-0.030266,-0.053242,-0.042748,-0.089118,0.008354,-0.028526,-0.133864,-0.102065,0.018762,-0.062749,-0.047307,-0.000000,-0.083246,-0.061020,0.035715,-0.016056,0.047839,-0.018856,0.000425,0.053467,0.040574,0.006111,-0.008283,0.025148,-0.087945,0.023104,-0.120162,0.032877,-0.012817,0.051819,-0.013593,-0.085767,-0.000541,0.045703,0.067686,0.028516,0.001833,-0.032139,0.020906,0.049777,0.029248,-0.041229,0.032151,0.029117,0.041066,0.031138,0.044424,-0.033712,0.022242,0.059278,-0.004510,-0.008448,-0.040657,0.038448,0.055742,0.031233,-0.069838,-0.037075,-0.173871,-0.041209,0.006737,-0.111646,0.060896,0.002113,0.017044,0.044678,0.041470,-0.008119,-0.044548,-0.020743,-0.040539,-0.041219,-0.018461,-0.076639,0.011868,-0.030310
0.018242,0.065695,-0.011651,-0.023475,0.021650,0.103287,0.044497,0.024190,0.040819,-0.006021,0.106938,-0.044579,0.007823,-0.013568,0.010942,-0.099652,-0.007761,-0.002982,0.003292,0.037264,-0.020798,0.024420,-0.025476,0.017260,0.013559,-0.019847,-0.042217,0.035314,0.061460,-0.045065,-0.045369,0.044044,0.096483,-0.002007,-0.031288,-0.045667,-0.022937,0.016232,0.017094,-0.003092,-0.047966,0.010408,-0.043561,-0.043900,0.017767,-0.037465,-0.006408,-0.009192,-0.052846,0.112620,-0.019547,0.008601,-0.016509,-0.006212,0.005484,-0.010323,0.002527,-0.045631,-0.052266,-0.030183,-0.095199,-0.003785,-0.041182,0.051072,0.084892,0.001740,-0.068654,0.017992,-0.145205,0.032467,0.029845,-0.111189,-0.007835,-0.037914,0.028730,0.003035,0.034533,0.050445,0.034495,0.007474,0.011220,0.079024,-0.071032,-0.083029,0.036386,-0.054237,0.042796,-0.027774,-0.008324,-0.004360,0.053123,-0.082822,0.053780,-0.048542,-0.022190,-0.065356,-0.043864,0.004479,0.087444,-0.013078,0.062143,0.061074,-0.031071,-0.000406,-0.096361,-0.038154,0.061404,-0.019441,-0.037855,-0.032146,-0.066319,-0.002893,-0.004679,-0.068269,0.044356,0.044563,-0.028718,0.019501,0.105109,-0.101498,-0.019884,0.010958,0.020987,-0.006051,-0.070791,-0.006303,-0.032418,-0.000000,-0.054522,-0.061841,-0.056974,-0.076076,0.018746,-0.005285,0.007124,-0.018237,0.003903,0.029236,0.012300,0.077815,0.022217,0.017249,0.059642,0.091971,-0.077847,0.141053,0.078414,0.071679,-0.033775,-0.073242,0.047195,0.053637,0.047346,-0.038227,-0.022566,0.059007,-0.025998,-0.005052,0.137904,-0.008677,-0.005829,0.018046,0.005877,0.042931,-0.071813,-0.012846,0.043801,0.028676,-0.047546,-0.016622,0.010780,-0.045348,-0.090920,0.093102,0.021687,-0.012852,0.017269,0.085880,-0.048097,-0.039197,0.010873,-0.067645,0.017663,-0.033363,-0.028695,-0.091149,-0.055471,-0.007462,-0.032370,-0.075448,0.005632,-0.005928,-0.032302,0.079897,0.004942,-0.042266,0.003904,-0.048993,-0.058776,-0.039603,0.020893,0.026439,-0.009205,0.010982,-0.069796,0.061068,0.084717,0.055473,-0.095297,-0.003531,0.050901,-0.026832,-0.036353,0.109891,0.107632,-0.047525,0.017678,-0.037699,-0.039253,-0.012728,-0.030032,0.070440,0.054331,0.000000,0.013043,0.035353,-0.045679,-0.084994,-0.073609,0.026101,0.050646,-0.024951,0.022805,-0.004908,-0.084457,0.039849,-0.012493,0.014365,0.021615,-0.042413,0.050477,-0.046053,0.019022,0.001963,0.060121,0.046280,0.089601,-0.009439,-0.042022,0.039243,-0.061930,-0.011490,-0.010607,-0.064659,0.045719,-0.035921,-0.052329,0.045802,-0.015084,-0.101861,0.002341,0.008095,0.027676,-0.007703,0.039506,0.000373,0.005692,0.084192,0.065711,-0.023785,0.076011,-0.023709,0.082051,-0.036789,-0.016857,-0.003640,0.057871,0.017438,-0.106832,0.117717,0.153224,-0.088861,0.037148,0.017561,0.001597,0.081933,-0.002740,0.028127,0.047397,0.030759,0.027294,-0.043128,0.066132,-0.068877,0.016570,-0.067805,-0.020588,-0.079922,-0.034647,0.065216,-0.002625,-0.033632,-0.028145,-0.004674,-0.083117,0.031615,0.036873,-0.006157,-0.044792,-0.093923,-0.072563,-0.080372,-0.023765,0.026107,-0.104941,0.021584,0.008892,-0.019988,-0.034037,-0.000000,0.025650,-0.005423,0.024531,0.069095,0.026380,-0.080123,0.029769,0.022527,-0.066931,0.107498,0.026450,-0.013129,-0.026037,0.047373,-0.026781,-0.002426,0.019003,0.038720,-0.071807,0.039565,0.025870,0.034876,0.019048,0.023656,0.010443,-0.013355,0.032467,0.076003,0.028445,-0.078004,0.041355,0.071615,0.078770,-0.012610,0.028662,-0.027075,0.003798,0.045081,-0.020825,0.029829,-0.078782,-0.070679,0.075396,0.073292,0.005931,0.013514,-0.186795,-0.045122,-0.008220,-0.010934,0.027890,0.022689,0.094038,0.022990,0.009007,-0.020974,0.005508,-0.024757,-0.020973,0.017503,0.063609,-0.108629,0.072875,-0.019654
0.081990,-0.008625,-0.045304,0.000218,-0.007499,-0.051792,0.054368,0.013214,-0.019893,0.024436,0.018296,-0.032130,-0.029892,-0.024579,-0.042807,0.001186,0.006818,-0.156926,-0.043150,0.161748,0.032228,-0.014458,0.057047,-0.013160,0.094007,-0.027130,0.034570,-0.083722,-0.038930,-0.003699,0.061737,-0.029604,-0.023986,-0.048674,0.042343,0.037626,-0.008149,-0.027624,-0.020736,0.027846,0.018175,-0.064831,-0.002378,0.030250,0.008607,0.020850,-0.022249,0.093193,-0.009824,0.095066,0.005547,-0.019214,0.008591,0.034801,0.013109,0.052373,0.036954,-0.049657,-0.011782,0.030839,0.040065,0.005656,-0.013817,-0.000210,0.031377,-0.058572,-0.010827,-0.015135,-0.030896,-0.102021,0.048428,-0.134384,-0.030706,-0.035757,0.017854,0.006413,0.042209,0.034763,0.040599,-0.043375,0.069892,0.020513,0.050788,-0.089205,-0.030153,0.064026,0.020612,0.032844,0.003103,0.038869,-0.044333,-0.069587,-0.008713,-0.026263,-0.123806,0.052261,-0.016096,0.002917,0.040291,0.037584,0.077720,0.059118,0.046621,-0.068449,-0.044099,0.004645,-0.023150,0.025125,0.046055,-0.027812,-0.057521,0.044172,-0.004686,0.035152,-0.032015,0.098472,-0.043411,-0.092716,0.201433,-0.069094,0.067525,0.042700,0.004019,-0.072212,-0.043870,-0.021793,-0.105146,-0.000000,-0.011269,-0.045857,-0.021030,0.022049,-0.079150,0.019093,-0.002067,-0.009580,-0.075383,-0.025155,0.010474,-0.068696,-0.005796,0.052975,-0.085510,-0.040410,-0.013632,0.098970,0.064981,0.057146,0.071926,0.018836,0.055375,0.076324,0.011661,-0.015777,-0.048033,-0.007852,0.115926,0.000215,-0.000399,0.062743,0.072782,-0.040283,-0.066315,0.035400,-0.023924,-0.040418,-0.003479,-0.002100,0.012123,0.032758,-0.002445,0.026485,-0.031305,-0.013582,0.015973,0.035468,-0.030407,-0.018585,-0.024885,-0.042397,-0.069311,0.052522,-0.018535,-0.033047,-0.037271,-0.078933,-0.045632,-0.043975,-0.038601,-0.043798,-0.035633,0.037250,-0.054077,0.062654,0.074430,0.006871,-0.106465,-0.012710,-0.048406,-0.010209,0.017883,-0.009253,-0.008472,-0.007425,0.051530,0.030984,0.095379,0.069565,0.006357,0.024302,0.028686,0.101770,0.046110,0.072927,0.020989,-0.003702,-0.031756,-0.053736,-0.089317,-0.028989,0.020910,-0.007774,0.056392,-0.000000,-0.037646,0.024961,0.016178,0.037405,-0.026922,-0.005556,-0.004800,0.038042,0.020790,0.075058,-0.014269,-0.030751,0.099291,0.037783,-0.037868,-0.090459,0.084080,-0.003930,0.073461,0.026605,0.045750,0.026484,0.100126,0.018824,-0.017609,0.009537,-0.085313,0.019355,-0.049008,0.020080,0.011351,-0.005716,-0.043123,0.085831,-0.032959,0.019056,0.039965,-0.068761,0.015983,-0.022743,0.045066,-0.072983,-0.003376,0.002736,0.015351,0.003553,-0.071222,0.002283,0.022760,-0.052861,-0.015576,0.010410,-0.068383,0.003019,-0.089453,0.083575,0.131040,-0.044722,0.009495,0.015981,-0.039528,0.065281,-0.017917,0.001225,-0.005755,-0.009896,0.007074,-0.023045,-0.033099,0.023771,0.070348,-0.007899,0.018222,0.000761,0.080580,0.056048,0.040472,-0.073849,0.090920,0.015916,0.039249,-0.087218,0.066879,-0.019072,0.098259,-0.098999,-0.027941,-0.096433,-0.061863,0.061175,-0.153769,-0.007335,0.027988,-0.065686,-0.028072,-0.000000,0.005437,-0.003927,-0.004678,-0.037331,0.009251,-0.028050,-0.030929,0.042090,-0.017031,0.009304,-0.019491,0.092935,-0.035580,-0.029112,-0.122875,-0.043260,-0.025884,0.033633,-0.041301,0.004175,-0.005516,0.010778,-0.024547,-0.038595,-0.000479,-0.057151,0.031717,0.184941,-0.047198,-0.065565,0.016747,-0.004607,-0.042514,0.066018,-0.058906,-0.048360,-0.008077,0.030329,0.027035,0.030048,-0.003088,-0.057180,-0.045576,-0.022233,-0.026286,-0.006292,-0.144021,-0.045265,0.010538,-0.024542,-0.008234,-0.018203,0.033990,-0.002619,0.056893,-0.022943,0.000310,0.034713,0.073987,0.019442,-0.012073,-0.112635,0.029421,-0.017992
-0.029783,-0.104291,-0.022045,-0.026539,-0.054627,-0.045753,-0.029908,0.060176,0.050240,0.019639,-0.051161,0.107880,-0.037912,-0.039184,0.047065,0.065411,-0.048439,-0.061740,-0.042880,0.058323,-0.033600,-0.039802,-0.023174,-0.022251,0.048957,0.003379,0.043040,0.042177,0.023651,-0.076948,-0.009976,-0.025728,-0.013739,-0.090414,0.024800,0.046634,-0.067107,-0.008139,0.059490,-0.001912,0.031461,-0.029961,-0.035978,-0.050720,-0.023281,-0.054337,0.028119,0.036952,0.012686,0.085435,-0.033406,-0.051853,-0.028816,0.007695,-0.061662,0.011634,0.013324,-0.033266,-0.001123,0.042594,-0.080115,0.028724,0.014443,0.038549,0.126921,-0.006805,0.038188,-0.056583,-0.100033,0.093120,0.010096,-0.016312,-0.035347,0.000949,0.015643,-0.058162,-0.014470,-0.047687,0.104232,-0.073849,0.067114,0.053577,-0.058077,-0.049719,-0.055413,0.005244,0.013149,-0.029036,0.047811,0.011402,-0.001153,-0.032945,0.049412,0.021140,-0.068145,0.048267,-0.103491,0.033398,-0.039270,0.056581,-0.003455,0.041099,-0.035451,-0.127525,-0.025055,-0.008823,0.039326,-0.071053,0.043025,0.076690,0.017985,0.025982,-0.073522,0.039301,-0.040030,0.028864,-0.020934,0.006951,0.052108,-0.068846,0.015861,0.016467,-0.030030,-0.052364,-0.077331,-0.003806,-0.083622,-0.000000,-0.035590,0.042000,-0.009654,0.110967,-0.077848,0.045083,-0.020069,-0.031552,-0.056453,-0.055237,-0.034833,-0.045238,-0.015063,-0.091863,0.044873,-0.090517,0.056343,0.087391,0.025135,-0.051757,0.029698,0.006402,0.025797,-0.002490,0.054799,-0.045620,0.024398,0.017836,-0.029070,-0.011684,0.028946,0.022521,-0.113947,0.040223,-0.020517,-0.008518,-0.024738,-0.028909,0.044761,0.061960,-0.019661,0.086235,-0.019038,-0.041926,0.000858,-0.016912,0.007014,0.084412,-0.007985,-0.032445,0.005506,0.007208,-0.045040,0.035602,-0.012646,0.043473,-0.058643,-0.003018,0.057115,0.047044,0.019139,0.001096,-0.023886,0.029006,-0.094450,0.145825,-0.021753,0.034054,-0.061580,0.066418,-0.010536,-0.041240,-0.055572,0.110212,0.028567,-0.052867,0.048765,0.002132,0.109418,0.089446,-0.080140,0.040221,-0.048784,0.041757,0.018000,-0.004596,0.026005,-0.059825,-0.024503,0.033994,0.040357,-0.038572,-0.020509,0.030859,-0.000127,-0.000000,-0.062063,-0.036379,-0.025914,0.029855,-0.011045,-0.085965,0.030498,0.055220,-0.069008,-0.006349,0.073918,0.005331,-0.013065,0.037829,0.012922,-0.004351,0.043014,0.009286,0.015876,-0.082097,0.082437,0.027814,-0.024806,0.116833,0.015937,-0.062667,-0.131001,-0.010381,0.051692,0.047015,-0.070491,0.002760,-0.015068,0.101597,-0.060296,-0.028882,-0.007536,-0.083683,0.024738,0.059976,-0.002366,0.001576,0.047349,0.081565,0.042608,-0.024393,0.022765,-0.042534,0.006497,0.007570,0.048600,-0.027607,-0.108534,-0.015753,-0.067343,0.086633,0.035253,-0.066398,-0.028557,-0.022493,0.031651,0.094101,0.013137,0.018159,0.009647,-0.049230,0.014818,-0.053851,0.051095,0.016235,0.106171,-0.030607,-0.061244,-0.007657,-0.023256,0.062468,0.075981,-0.042291,0.061648,-0.025229,-0.036559,0.055961,0.019815,-0.032727,0.031621,0.061054,0.063490,-0.054961,0.007259,0.040328,-0.016185,-0.032820,0.078582,0.053810,-0.037923,-0.000000,-0.054563,-0.013315,0.049534,0.027626,0.020121,-0.018659,0.015657,-0.027787,0.068998,-0.003267,-0.008700,0.034084,-0.110124,-0.032268,-0.070808,0.063218,-0.024639,0.129107,-0.077326,-0.058239,0.022241,0.059918,-0.030163,0.031340,-0.007775,-0.033525,-0.028576,0.073478,-0.071083,-0.039564,-0.045224,0.038550,-0.022802,-0.093963,-0.049042,0.031620,0.035309,0.022785,0.014924,0.147431,0.004629,0.020641,0.027441,0.022337,-0.001259,0.016255,-0.120348,0.020819,0.041617,-0.079845,0.021108,-0.005333,-0.013277,0.044316,0.033967,0.060625,-0.087913,0.051642,-0.106921,-0.073904,0.051246,-0.074874,0.050274,0.004977
0.014644,-0.013571,-0.023548,0.016478,0.012356,-0.022205,-0.018234,-0.011046,0.022866,-0.018760,-0.021672,0.037250,0.009292,-0.036991,-0.048167,0.012459,0.004604,-0.113233,-0.007977,0.062296,-0.000692,0.034094,0.020806,0.013113,0.006107,0.011835,0.020994,0.006775,-0.038178,-0.057890,0.025102,0.077062,0.103668,-0.030309,0.038046,0.067913,-0.037133,0.003514,0.039188,-0.038955,0.009820,-0.019390,-0.034642,-0.020602,-0.030447,0.036521,-0.039813,-0.018331,-0.002374,0.127914,-0.040110,0.028838,-0.034928,-0.036210,-0.011862,-0.019532,0.054287,-0.063841,-0.023978,0.004255,0.022684,-0.031808,0.035789,-0.005816,0.009377,0.020713,0.044384,-0.001731,-0.054936,0.030451,0.032299,-0.080918,-0.118806,-0.002588,-0.012673,0.088644,0.079780,0.027658,0.079991,0.017745,-0.009673,0.007814,-0.032802,-0.078446,-0.071350,0.015230,-0.028635,0.028068,0.019690,-0.027784,0.006046,0.016201,0.058066,-0.078321,-0.059358,0.017422,-0.169462,-0.088175,0.009758,-0.068689,0.098911,0.127681,-0.002286,-0.064344,-0.066537,-0.044772,0.025882,0.057656,0.048515,-0.029688,0.056692,-0.015041,0.022690,0.006236,0.012859,0.107149,-0.058837,0.012769,0.089378,-0.004566,0.041090,0.080932,-0.089834,-0.048478,-0.101932,-0.005225,-0.099697,-0.000000,-0.016939,-0.049295,-0.008035,-0.026671,-0.097194,0.019116,0.061577,0.010170,-0.128122,-0.027327,-0.032304,-0.016515,-0.040650,0.060151,-0.054985,-0.080193,0.027782,0.061056,0.092391,-0.009929,0.037498,-0.020438,0.051119,0.007454,0.095800,0.000992,-0.009042,0.061978,-0.003458,-0.038086,-0.027538,0.073082,-0.005953,0.032942,0.007330,0.071001,-0.019701,0.020326,0.048110,0.008200,0.036743,0.079141,-0.101367,0.032063,-0.011128,-0.034227,0.046124,0.000492,-0.104524,0.063028,-0.024804,0.042002,-0.062713,-0.056874,-0.053033,-0.030776,0.029845,-0.025272,-0.018815,-0.039023,-0.040993,-0.072035,-0.046617,0.040402,0.021841,0.122650,-0.031816,0.010211,-0.096132,0.024698,0.003637,-0.045144,0.065432,0.044422,-0.063726,-0.056028,-0.003683,0.050955,0.080618,0.057932,-0.082532,-0.007624,0.042219,0.057191,0.081013,0.112409,0.110642,-0.060286,0.008512,0.024024,-0.037002,-0.009088,-0.007251,0.004696,0.077147,-0.000000,-0.027013,0.044521,-0.053967,-0.054987,-0.079667,-0.039908,-0.007271,0.068882,-0.065016,-0.055826,-0.034240,0.008367,0.067532,0.027035,-0.018336,-0.066314,0.083996,0.000731,0.033907,0.002861,0.059298,-0.020386,0.063324,0.074339,0.010798,0.013431,-0.041840,-0.085897,0.031857,-0.010361,0.009908,-0.089314,-0.038463,0.070928,0.075843,-0.010567,0.001296,0.007472,0.024878,0.038874,-0.010653,-0.095858,-0.010026,0.008633,-0.004493,-0.046145,0.091586,-0.058578,-0.029974,-0.032048,-0.048522,0.023247,-0.049701,-0.021388,-0.092308,0.093136,0.153787,-0.008341,0.016083,-0.085823,0.004473,0.112414,0.021811,-0.060473,0.089691,0.031290,0.043575,-0.006796,0.013277,0.016060,0.062561,0.000974,0.059880,0.011913,0.026462,0.023280,-0.089725,-0.068906,-0.006525,0.052014,0.007032,0.061336,0.028178,-0.024223,0.072312,-0.070033,-0.020413,-0.050404,-0.076885,0.029118,-0.108437,-0.034088,-0.026153,-0.041075,-0.070533,-0.000000,-0.009995,-0.009656,-0.013403,0.004503,0.092406,0.004618,-0.071034,0.027364,0.041765,0.020129,0.000087,0.008740,-0.028045,-0.018217,-0.053460,0.002198,-0.003779,-0.030417,0.027101,0.026583,-0.042217,0.024153,-0.074002,-0.031188,-0.001005,-0.010397,-0.013904,0.147330,0.006800,-0.061014,0.064647,-0.012176,0.007912,-0.028214,0.049480,-0.082271,0.017863,-0.004979,0.016872,0.006230,-0.044975,0.026690,-0.004427,0.058573,-0.004835,-0.006172,-0.120321,-0.013214,0.014216,-0.034808,-0.034580,-0.002051,-0.012337,0.105274,0.068190,-0.013754,0.009386,0.022475,-0.066541,-0.020749,-0.023402,-0.061717,0.000886,-0.042680
0.019661,-0.000150,-0.029173,-0.058272,-0.042201,0.037550,0.050004,-0.040559,-0.010228,0.061344,0.079496,0.034462,-0.053703,0.023344,-0.017466,0.016068,0.041009,-0.100462,-0.058849,0.068169,-0.029442,-0.027983,-0.039608,0.019997,-0.018565,-0.039705,-0.028606,0.082021,0.066915,-0.004365,0.018692,0.007801,0.069325,-0.035521,0.023532,0.027055,0.017368,-0.070276,0.008851,-0.031990,0.111853,-0.061010,-0.108379,-0.019482,-0.004277,0.015073,0.044379,-0.055288,-0.036795,0.016498,-0.010641,-0.077791,-0.017129,-0.017088,-0.050772,-0.042503,-0.007108,-0.058628,0.049611,-0.022487,-0.037069,0.011824,-0.089339,0.003250,0.105898,-0.019779,-0.013363,-0.052751,0.019979,-0.042728,0.009205,-0.058776,-0.073867,-0.011394,-0.074555,0.006051,0.010286,0.028882,0.031705,-0.065397,-0.035546,0.012294,0.042429,-0.109576,-0.011783,-0.002557,-0.010393,0.034650,-0.044497,0.022389,0.015802,-0.023520,0.082291,-0.046069,-0.003557,0.004860,-0.002329,-0.020808,0.021777,0.001677,0.054089,0.048914,-0.144837,0.046437,-0.088830,-0.024894,-0.017102,0.004046,0.027102,0.009858,-0.065496,0.080832,-0.014399,-0.000199,-0.115893,0.142069,-0.066961,0.022125,0.051808,-0.084245,-0.061161,-0.005628,0.036825,-0.044472,-0.017464,0.019187,-0.056712,-0.000000,-0.095126,-0.023026,-0.049597,-0.021117,0.003478,0.024074,-0.008329,-0.044098,-0.051481,0.008631,0.023671,-0.076409,0.049956,-0.032947,-0.042512,-0.069017,-0.026491,0.107415,0.047754,0.028679,-0.002985,-0.001344,0.020320,0.029021,-0.014535,-0.030972,-0.050318,0.000301,0.114600,0.038469,0.046204,0.033319,0.012232,0.020837,-0.010733,0.094550,-0.072221,-0.045026,0.049430,0.001339,0.012231,-0.068213,-0.082758,-0.026297,-0.083050,0.029043,-0.037741,-0.061273,0.089656,0.004228,0.038933,0.001477,-0.009508,-0.078937,0.068483,-0.067459,0.021431,-0.025349,-0.029969,-0.033423,0.032623,0.045387,-0.077414,0.066561,0.003624,0.021458,0.017638,-0.072441,-0.016703,-0.038264,-0.010759,0.025441,0.100605,0.017548,-0.056602,-0.030314,-0.055260,0.042493,0.079001,0.044281,-0.050483,0.041511,0.021238,-0.009396,0.009687,-0.022731,-0.004416,0.039658,-0.008864,-0.002811,0.017961,-0.018797,-0.025023,0.076243,0.089104,-0.000000,-0.008253,0.008476,-0.097671,-0.011980,-0.019932,0.010918,0.005090,-0.037050,0.068570,0.085753,0.007432,-0.026377,-0.029764,-0.036396,0.021979,-0.082880,0.036381,-0.010854,0.034279,-0.031685,0.029514,0.034377,0.062045,0.145657,0.038746,0.007957,-0.025283,0.009245,0.016962,-0.023087,-0.020494,-0.042503,-0.077643,0.038242,0.011050,-0.104796,-0.005947,0.049449,0.046293,0.006507,0.027185,0.009241,0.042354,0.102071,-0.041851,-0.022161,0.024240,-0.091898,0.074145,-0.006917,-0.039480,0.007027,0.084457,-0.013009,-0.034506,0.106509,0.071385,0.027167,0.065509,-0.019346,0.105247,0.093527,0.024589,-0.005744,0.043539,0.061948,-0.003754,-0.060029,0.059105,-0.000535,-0.013254,-0.073983,-0.060632,-0.000820,0.087315,0.003664,-0.008208,-0.071111,0.004448,-0.036928,0.031806,0.043689,0.069717,0.068315,0.055200,-0.098185,0.013535,-0.019525,0.041910,-0.002753,0.027427,-0.095092,0.036911,-0.042878,0.024866,-0.000000,-0.064161,-0.089320,-0.011703,-0.034118,0.016935,0.038718,-0.007811,-0.071289,0.013317,0.032626,-0.014997,-0.078463,-0.109821,-0.004804,-0.027752,-0.064301,-0.042826,0.034065,-0.060675,-0.028060,-0.074841,-0.009065,0.042177,0.061121,-0.027388,0.000057,0.020792,0.112919,0.026356,-0.000276,-0.004989,0.009938,0.086473,0.067498,-0.115916,-0.067142,0.085179,0.050634,0.000684,-0.033894,-0.025804,0.018003,-0.020539,0.047902,-0.017689,0.091257,-0.111259,-0.040658,-0.027497,-0.040173,0.115710,-0.072514,0.101516,0.088538,-0.032646,0.010546,-0.057872,0.051083,0.027963,-0.020982,0.058406,0.052346,0.110257,-0.029431
0.055057,-0.149296,0.037377,0.020869,0.049416,0.047960,-0.058655,-0.070171,0.046217,0.041339,-0.017606,0.084538,-0.007263,-0.053074,0.036733,0.070222,0.007443,-0.040166,-0.031600,0.086943,-0.108784,-0.121418,0.002802,0.011209,0.125323,-0.021469,0.017772,0.029705,-0.016674,0.019335,0.065398,-0.020083,0.089330,-0.050622,0.024834,0.109198,0.064065,-0.073978,-0.017274,-0.046009,0.061930,-0.007334,-0.040318,0.015810,0.006647,0.025719,0.065881,0.024850,-0.024460,0.091295,-0.052220,-0.106544,0.011668,-0.057601,-0.044309,-0.014249,-0.084574,0.001869,0.031682,-0.029946,0.048617,-0.008139,-0.053765,-0.032853,-0.039033,0.028445,0.022961,-0.023421,0.024853,-0.055841,0.015257,-0.010807,-0.036296,-0.005225,-0.005039,0.027621,0.067838,0.056639,0.089122,-0.007388,0.000601,0.064836,0.010890,0.012419,-0.025700,-0.049760,0.046781,0.041473,-0.016002,-0.012143,-0.026620,0.078236,0.048647,0.006004,-0.044490,-0.034784,-0.019440,0.040367,-0.064811,0.065318,-0.090976,0.081894,-0.039496,0.003208,-0.054962,-0.038211,-0.021491,0.012310,0.000216,0.008185,0.048971,0.036573,0.034574,-0.002547,-0.033615,-0.028251,-0.087151,0.001064,0.107946,-0.006771,-0.034661,0.068889,0.041313,0.006445,0.077309,0.019173,-0.108203,-0.000000,-0.002562,0.068002,0.049567,0.004113,-0.050360,-0.038341,0.047770,-0.027806,-0.027758,-0.004745,0.025707,-0.000087,0.108026,-0.069399,-0.060879,-0.095351,0.008535,-0.015552,-0.022776,0.022562,-0.029143,0.063968,0.023777,0.068764,0.029255,-0.107852,0.086029,0.115390,0.117832,0.036651,0.054689,-0.039499,-0.053435,0.007193,-0.044805,0.081797,-0.051056,-0.025243,0.045129,0.030122,-0.000478,-0.000496,0.018573,-0.003955,-0.076373,0.003214,-0.097970,-0.007781,0.077134,-0.078011,0.004333,0.037082,-0.060423,0.035135,-0.052998,-0.029385,-0.045076,-0.007036,-0.010644,-0.067865,0.023053,0.044286,0.038827,0.030140,-0.048516,0.080350,0.016059,-0.091559,0.018053,0.026330,0.098730,0.001845,0.051520,0.002801,-0.091440,0.007541,-0.009853,0.029841,0.107029,0.034368,0.004984,-0.016899,0.069501,0.027243,-0.016309,-0.063681,-0.014285,0.022329,-0.020171,0.057875,-0.048240,-0.022422,0.002223,0.049224,-0.010775,0.000000,0.018943,-0.004273,0.004517,-0.035668,-0.059492,0.036213,0.012721,-0.013199,0.011018,0.097183,0.077793,-0.018811,-0.029160,-0.025067,-0.004577,0.002039,0.095134,-0.070806,0.030475,-0.114322,-0.066604,-0.000518,0.082754,0.081262,0.061588,-0.048463,-0.043759,-0.050534,-0.015334,-0.038642,-0.053144,-0.026893,-0.076469,0.002684,0.052465,0.034808,-0.105977,-0.031452,0.016830,0.002027,0.025098,-0.082123,-0.010855,0.071077,0.009481,-0.016394,-0.001404,-0.067171,0.048554,0.021906,-0.051811,-0.008419,0.041420,0.020569,-0.031554,0.087733,0.089381,-0.008995,0.020858,-0.012058,0.091399,0.056469,0.047742,-0.040960,0.037494,-0.022632,-0.101864,-0.093028,0.074761,0.014239,0.010197,-0.057852,-0.011314,0.009296,-0.021583,0.119916,0.011734,-0.027543,-0.047198,0.008803,0.088044,0.011785,0.073343,0.046424,-0.012905,0.001606,0.123635,0.003658,-0.003739,0.081843,0.033710,-0.101462,0.011027,-0.002732,0.037723,-0.000000,0.017392,-0.075368,-0.051780,-0.055790,-0.054423,-0.058189,0.036816,-0.005688,-0.020262,0.085403,0.021578,-0.021794,-0.132400,-0.023789,-0.009957,-0.012657,-0.018311,0.017918,-0.063345,-0.008938,-0.048355,0.008832,0.021471,0.029720,-0.031143,-0.037215,-0.051061,-0.030153,-0.046772,0.010298,-0.053430,0.001299,0.038303,-0.047460,-0.092486,0.040513,-0.049996,0.035538,-0.005336,0.093537,-0.015249,-0.022334,-0.004594,0.015512,-0.014166,-0.014480,-0.002623,-0.020806,0.009432,-0.073208,0.027075,0.004110,-0.042845,-0.002275,-0.074553,0.065754,-0.101873,0.033429,0.088147,-0.037727,-0.023072,-0.052971,0.059880,-0.002520
0.002976,-0.033508,-0.015785,-0.024401,-0.041871,-0.010967,-0.020858,-0.059771,0.028665,0.057635,0.058845,0.054919,-0.095406,-0.053121,0.036671,0.003158,0.006868,-0.096632,-0.021641,0.059785,-0.025765,0.011604,-0.025305,0.020622,-0.021908,0.006307,-0.002493,-0.030456,-0.032896,-0.056606,-0.016884,0.021205,-0.053018,-0.093925,0.079161,0.024071,-0.056963,-0.022104,0.048477,-0.021379,-0.054359,-0.057728,-0.031907,0.044417,-0.031465,0.007242,0.008260,-0.031512,0.006810,0.036990,-0.085068,0.015161,0.014191,0.074306,0.005589,-0.002819,0.039325,-0.065093,-0.031045,-0.013915,-0.003302,0.002883,-0.050259,-0.008768,0.057954,-0.031874,0.029910,-0.033565,-0.026655,-0.071823,0.001104,-0.100723,-0.099181,-0.016762,-0.023215,0.061055,0.053285,0.020265,0.016823,-0.007587,0.003747,-0.008790,-0.022151,-0.033867,-0.058315,0.029484,0.007460,0.046350,0.032718,0.016742,0.043363,0.094072,0.030388,-0.035026,-0.049061,-0.043178,0.013605,-0.050551,0.081314,0.046995,0.109531,0.114070,-0.000821,-0.074915,-0.045367,0.012835,0.004429,-0.007641,-0.033867,-0.051284,-0.026208,0.038132,0.006742,-0.017115,-0.039494,0.138655,-0.035649,0.007613,0.088413,0.013812,0.058373,0.148974,-0.075122,-0.000861,-0.065084,-0.000657,-0.007027,-0.000000,-0.028462,-0.016994,-0.068019,0.036169,0.004718,0.001222,-0.018913,-0.038388,-0.041970,0.049244,-0.022383,-0.061467,-0.047077,-0.071961,-0.061578,-0.109986,-0.059840,0.055235,0.029377,0.041683,0.056621,-0.146170,-0.000384,0.031392,0.050333,0.029499,0.023074,-0.024951,0.047371,0.028227,0.046483,0.077033,0.073096,0.041337,-0.044076,0.047622,-0.093451,0.010379,0.026494,-0.059851,-0.016271,0.021401,-0.070976,0.025091,0.012203,-0.068506,0.092803,0.003229,0.018974,-0.007155,0.001339,-0.040123,-0.044761,0.003409,-0.036626,-0.000937,0.058430,-0.085542,-0.094876,-0.059374,0.043279,0.032093,-0.068594,-0.065353,-0.128883,0.045582,0.033293,0.048345,-0.057465,-0.020068,0.025185,0.010788,0.027253,-0.055146,0.059727,0.044008,0.043269,0.031955,0.155235,-0.006422,0.031496,-0.001463,0.058416,0.009097,0.007570,0.065108,0.054637,0.026853,-0.039569,0.043193,-0.053303,0.009873,0.012363,0.141168,0.055865,-0.000000,-0.026126,0.020977,-0.029715,0.037531,-0.063721,-0.023571,-0.004073,0.147574,0.024598,0.000546,0.009875,0.016499,0.008765,0.040988,0.034306,-0.090102,0.129591,-0.019531,0.017066,-0.032112,0.002170,0.016024,-0.011530,0.051010,0.027566,0.020507,-0.124975,-0.083076,-0.057475,0.007867,-0.032204,-0.134062,-0.022594,0.046961,0.081408,-0.079538,0.007097,-0.038481,0.045795,0.018814,0.018387,0.035346,-0.009575,0.056205,0.048024,-0.019148,-0.022934,-0.013951,0.081192,-0.000901,-0.050850,0.039543,-0.030079,-0.014162,-0.032823,0.161213,0.112213,-0.062741,-0.038267,-0.056921,-0.064485,0.093460,0.040422,-0.021833,0.117010,-0.006034,0.031011,-0.068268,0.069527,-0.012145,0.016666,-0.000540,-0.068630,0.010907,0.013165,0.060439,0.036187,-0.116736,0.013415,0.011103,0.068384,0.058558,0.007849,0.030544,-0.034863,-0.050350,-0.035575,-0.091940,0.009056,0.036181,-0.044144,0.013544,-0.034524,-0.049549,-0.027379,-0.000000,0.022752,0.001620,-0.004555,0.002905,0.036590,-0.052519,0.018217,0.053667,0.026354,-0.001404,0.043332,0.050368,-0.106097,0.019678,-0.053122,-0.007730,-0.033098,0.011258,0.001282,-0.088166,-0.035697,-0.015609,0.041372,-0.040740,-0.048251,-0.035996,-0.002834,0.142661,-0.009761,-0.080707,0.030377,0.042496,0.025925,-0.012630,-0.124908,0.041428,0.014728,0.030042,0.022904,0.025101,0.004964,0.001303,-0.016621,0.026485,-0.014580,-0.043699,-0.088585,-0.027646,-0.012899,-0.031484,0.035843,-0.025130,0.060375,0.049199,0.045885,-0.007210,-0.037857,0.019153,-0.025725,-0.060833,0.004006,-0.070607,-0.023441,0.014300
-0.008243,-0.004282,-0.006693,-0.025965,-0.025536,0.028566,0.046267,-0.025163,0.036741,0.025087,-0.004731,0.031294,0.003815,-0.050529,-0.040776,0.004899,-0.004830,0.064250,0.024747,0.043958,-0.087065,-0.048556,0.054626,0.052758,0.007182,0.030692,-0.014926,0.002467,0.001782,-0.078997,0.054798,0.093640,0.094904,-0.069228,-0.033336,0.109055,-0.009335,-0.006131,0.016574,-0.010390,-0.014739,-0.026096,-0.029946,-0.004761,-0.007336,-0.034791,-0.034017,-0.009436,0.019809,-0.024599,-0.022512,-0.026512,-0.022274,-0.022055,-0.004047,0.118992,-0.052887,-0.035910,0.042563,-0.057577,0.040213,-0.017413,0.055119,0.038041,0.104078,-0.049355,-0.002914,0.058212,-0.113640,-0.064597,0.048767,0.043162,-0.035702,-0.040447,-0.079301,0.112939,0.054991,0.059640,0.084688,0.044950,0.011085,0.063561,-0.033660,-0.057712,-0.016872,-0.012054,0.023478,-0.056510,0.028091,0.006890,0.023650,0.028251,0.027401,-0.036298,-0.088197,0.031071,-0.126657,-0.051747,-0.035768,-0.003616,0.080037,0.083219,-0.002119,-0.131997,-0.065742,-0.098104,0.023291,-0.046682,0.039418,-0.030597,-0.013293,0.058533,-0.045532,0.033638,0.013574,0.103826,-0.031341,-0.031240,0.080732,-0.102537,0.010470,0.024903,-0.077289,0.027238,-0.044306,-0.043024,-0.045293,0.000000,-0.083736,0.042305,0.022943,0.071768,-0.067514,-0.028482,0.027805,-0.052018,-0.146930,-0.043735,-0.007511,0.067156,0.020103,-0.025044,-0.001506,-0.080289,-0.117888,0.142869,0.109157,-0.012687,-0.006362,-0.005429,-0.008999,0.013013,0.124593,-0.064275,-0.001970,0.010099,-0.025091,0.009273,0.052806,0.069969,-0.104837,-0.058763,-0.011328,-0.019269,-0.128321,0.001922,-0.005074,0.028789,0.013166,-0.001781,-0.069002,-0.053574,-0.034581,-0.014131,0.021108,0.044321,0.019931,0.030131,-0.001879,-0.013454,-0.060044,-0.045907,-0.041387,0.031945,-0.064030,-0.075475,-0.060785,0.031905,0.007594,-0.033061,-0.064535,0.014488,-0.088793,0.108410,-0.008873,0.008006,-0.013840,0.054974,0.017372,-0.075716,-0.026705,0.095670,-0.016686,-0.049125,-0.032405,0.074642,0.104718,0.026868,0.028584,0.024735,0.015166,0.013400,-0.016028,-0.007008,0.051797,-0.031404,0.027988,0.054549,0.039724,-0.076660,-0.012430,0.010278,0.028341,-0.000000,0.053189,-0.020414,-0.024820,-0.081873,-0.060901,-0.041891,-0.028098,0.013835,-0.004397,-0.028741,0.006243,0.065396,-0.066701,0.075630,-0.056630,-0.027503,0.100533,-0.056575,0.076485,-0.072874,0.051717,0.017188,-0.003314,0.042441,-0.046465,0.047990,-0.087161,0.036454,0.087220,0.047995,-0.045866,-0.051404,-0.020977,0.033829,0.019196,-0.032958,0.078163,-0.055377,0.087812,0.032182,0.004167,0.003906,0.022821,0.037308,0.010075,-0.023366,0.062908,0.025682,-0.007800,0.022194,-0.043113,0.029028,-0.080867,-0.004863,-0.091930,0.119028,0.044037,0.014351,0.040094,-0.036913,-0.045271,0.072366,-0.041229,-0.008944,-0.070683,0.041977,0.011221,-0.048369,-0.044932,-0.050475,-0.006038,-0.058243,0.030833,-0.051468,-0.050247,0.077827,0.086092,-0.030152,0.001826,0.038478,-0.001928,0.016621,0.034680,0.021607,-0.029871,0.004190,-0.001899,-0.076463,-0.048379,-0.022484,-0.103670,-0.070681,-0.006575,0.016570,0.029767,-0.000000,-0.034684,-0.074900,0.015735,0.023586,0.008630,-0.018086,0.051907,-0.013616,0.003717,0.051901,-0.069915,0.063877,-0.074043,0.028715,-0.044477,-0.014081,-0.035997,0.059104,-0.062004,-0.006604,0.025728,0.028821,0.082544,-0.004589,0.038842,0.003824,0.035818,-0.001260,0.019842,-0.062143,0.091799,0.094659,0.027140,-0.012275,0.031616,-0.012525,0.044147,0.051110,0.035331,0.011179,-0.069267,0.052534,0.003641,0.011296,0.001841,0.000754,-0.134362,0.002575,0.055876,-0.084979,0.019371,-0.007712,-0.028937,0.056958,0.007418,0.041841,-0.072743,-0.014642,-0.024690,-0.018986,0.030447,-0.087829,0.012264,-0.008089
-0.027732,0.067710,-0.034994,-0.024741,-0.002623,0.039004,0.001597,0.005987,0.061602,-0.021287,0.021934,0.030788,-0.007916,-0.008005,-0.007427,0.041496,0.051389,-0.008688,-0.000242,-0.050698,-0.098810,-0.016637,0.074433,-0.033880,0.045376,-0.060286,-0.026185,0.050017,0.055856,-0.054208,-0.033966,0.073797,0.086786,-0.014776,0.008079,0.057409,0.018001,0.021889,0.005692,0.012084,-0.012171,-0.075409,-0.012914,-0.015151,-0.048504,-0.048407,-0.018476,0.025684,-0.040445,0.076901,-0.050162,0.013279,0.056628,-0.036551,-0.015111,0.111150,-0.048685,-0.105644,-0.005389,-0.071475,-0.006614,0.020133,-0.040673,0.017398,0.034832,-0.068843,-0.035729,-0.006881,-0.104876,-0.025850,0.072619,-0.063139,-0.072285,-0.005713,-0.036250,0.049013,0.049188,0.056881,0.065692,-0.004488,0.046576,0.085361,-0.073318,-0.046203,-0.097597,-0.000069,0.088396,0.003882,-0.004945,0.051789,0.085235,-0.050084,-0.010470,-0.022247,-0.026774,0.021067,-0.120170,-0.069266,0.043214,-0.008395,0.054273,0.075254,-0.038444,-0.067837,-0.079270,-0.048408,0.021515,0.043571,0.040934,-0.003101,-0.004163,0.040709,-0.037387,0.040624,0.060907,0.070983,-0.098719,0.034365,0.095772,-0.087542,0.091259,0.071903,-0.031474,0.007509,-0.061525,-0.053664,-0.089566,-0.000000,0.001065,0.063903,-0.030259,0.065547,-0.011942,0.004680,0.022235,-0.053482,-0.068091,0.011951,-0.091579,0.049576,0.009150,-0.043265,0.052396,-0.015695,-0.064582,0.073789,0.100022,0.059876,0.066916,-0.072253,-0.001147,0.063477,0.085487,-0.081016,0.024912,0.061796,-0.054117,0.022861,0.000860,0.002606,-0.005846,-0.041197,0.001862,-0.001081,-0.071358,-0.036354,0.038721,0.040823,-0.037883,0.010091,-0.084637,-0.038894,-0.058858,-0.001815,0.002198,0.002086,0.012044,0.037720,-0.014921,-0.051750,0.003192,0.000361,-0.022946,-0.007475,-0.028357,-0.064247,-0.006445,0.055998,-0.068888,0.031629,-0.013516,-0.027740,-0.098233,0.049754,0.061624,0.018118,0.007996,-0.061567,-0.022200,-0.051944,0.072761,0.014189,0.062137,-0.071242,-0.066625,0.079465,0.118860,0.027757,-0.018371,0.056611,0.086564,0.004764,0.060745,0.035426,0.047185,-0.041479,-0.000229,0.045464,-0.012134,0.026556,-0.063137,0.094127,0.036038,-0.000000,-0.001522,0.001462,0.013288,-0.026688,-0.088652,0.001300,0.034063,0.072569,0.043634,-0.012357,0.002746,0.094628,-0.036053,-0.001020,0.022638,-0.026839,0.041925,-0.115109,0.077687,-0.032696,0.046758,0.079809,0.039019,-0.003990,0.020963,0.021181,-0.084989,-0.031643,0.004296,0.046341,-0.016935,0.009013,-0.038176,0.056257,0.056035,-0.033661,0.131236,-0.083746,0.035455,-0.038246,0.008993,0.046369,0.079169,0.002124,0.006761,-0.022862,0.073994,0.002191,0.052533,0.001758,-0.018284,0.046300,-0.019942,-0.008189,-0.121948,0.081194,0.109500,-0.080092,0.043847,0.018734,-0.006827,0.094054,0.030416,-0.014597,-0.018171,0.036137,0.054118,0.004311,-0.025113,-0.082841,0.001586,-0.037468,-0.015279,0.008586,-0.015643,0.058982,0.049888,-0.054147,-0.036576,0.057007,-0.015729,0.009200,0.002729,-0.016702,-0.034371,-0.012340,-0.037072,-0.103269,-0.033541,-0.047592,-0.135833,-0.103819,-0.067602,-0.050625,0.011827,-0.000000,-0.056510,-0.039353,0.022464,-0.020663,0.013260,-0.047780,-0.018873,0.095391,0.017045,-0.032700,-0.021196,0.018552,-0.103754,0.055517,-0.038875,-0.049229,0.017107,0.077439,-0.018595,-0.036758,0.016669,0.043030,0.092006,-0.037163,-0.010432,-0.062562,0.006226,0.035720,0.001810,-0.102314,0.069288,0.060659,0.012214,0.038195,0.031832,-0.026197,-0.006310,0.031027,0.024479,0.058697,-0.044173,0.051424,0.014846,0.034698,-0.047657,-0.019360,-0.163106,-0.052426,-0.062261,-0.072140,0.051837,-0.018769,-0.004318,0.042830,0.024750,0.006302,-0.037452,-0.025440,0.007208,-0.001792,0.015763,-0.085445,0.029039,0.002534
-0.057656,-0.074047,-0.020962,0.017184,-0.037076,0.041212,0.049244,-0.018663,0.046670,-0.015351,0.028377,0.075717,0.042212,-0.018350,-0.004463,-0.034628,0.083593,0.024349,-0.019411,-0.036840,-0.123841,-0.108083,0.063924,-0.033414,0.093485,-0.009751,-0.117116,0.016125,-0.002909,-0.136004,0.025237,0.037365,-0.029676,-0.018827,-0.071043,0.041901,-0.009693,-0.018365,-0.017596,-0.015053,-0.003698,0.006628,-0.045996,0.003381,-0.024734,-0.010928,0.020416,0.012928,-0.043444,0.016633,-0.004355,0.023502,-0.041314,0.058412,-0.014574,0.141537,-0.081598,-0.019207,0.040685,-0.028811,-0.005798,-0.045099,-0.033030,-0.024596,0.092051,-0.065882,-0.004448,0.019245,-0.090154,-0.015961,0.035779,0.007939,-0.063672,0.058577,0.023183,0.053998,0.021704,-0.012807,-0.014343,0.030893,0.009449,0.114449,-0.053792,-0.053833,-0.001984,-0.037584,0.006548,-0.034801,0.014137,0.009541,0.018090,-0.004202,0.048365,-0.007995,-0.074294,0.069330,-0.080146,-0.005072,0.042711,-0.029421,0.050402,0.073982,-0.017688,-0.098427,-0.068907,-0.080057,-0.009140,0.019463,-0.010477,0.016125,-0.054667,0.043987,-0.073811,0.040231,0.015649,0.039564,-0.089422,0.025307,0.045222,-0.115029,0.042081,0.046981,0.115608,-0.030690,-0.061161,-0.031469,-0.052496,-0.000000,-0.027225,0.034945,-0.018919,-0.048001,-0.010689,0.008875,-0.006219,-0.028171,0.010675,-0.056322,-0.051239,0.114747,-0.012623,0.060681,-0.020104,-0.016220,-0.016640,0.122235,-0.006275,-0.039556,0.026716,0.040574,0.023142,-0.007933,0.088940,-0.137272,0.060532,0.042123,-0.066131,0.008077,0.048441,0.072628,0.011638,-0.023714,-0.015359,0.078257,-0.006862,-0.061918,0.007930,-0.023547,-0.068558,0.021808,-0.087512,-0.042755,-0.036231,-0.040374,-0.037179,-0.059989,-0.035436,-0.011934,-0.009755,0.041920,0.026046,-0.008989,-0.035579,-0.012825,-0.016036,-0.006125,-0.031214,0.068546,-0.023180,0.012990,-0.038464,-0.028430,-0.123969,0.093385,0.049656,0.008138,-0.079930,0.105805,0.032185,0.021109,0.024778,-0.062028,0.051949,-0.039026,-0.068833,0.074826,0.088630,-0.037533,-0.029159,-0.038149,-0.025534,0.067152,0.002470,0.048884,0.066125,-0.075171,0.053647,0.042295,0.049316,-0.009483,0.031325,0.020956,0.064580,-0.000000,-0.002747,-0.036803,0.028053,0.006566,-0.067197,-0.025256,0.008472,0.056593,-0.038648,0.047168,-0.015737,-0.022153,-0.059003,-0.010011,-0.017237,-0.037393,0.089892,-0.089157,0.106256,-0.068790,0.084000,0.076552,0.018597,0.069829,-0.046205,0.036821,-0.084810,0.024731,0.007145,-0.013067,-0.006235,-0.044013,-0.017039,0.011219,0.010533,0.004239,0.031517,0.019906,0.051566,0.029069,0.045384,0.009452,0.034923,-0.003843,0.038913,-0.046270,0.033707,-0.006626,0.071453,0.031512,0.038348,0.023692,-0.033349,-0.015140,-0.086658,0.037978,0.041829,-0.044115,-0.006498,0.049569,-0.020075,0.025701,-0.002050,0.052480,-0.008409,-0.035727,0.079621,-0.030751,-0.015669,-0.055259,0.021911,-0.111418,0.056673,-0.085011,0.008098,0.054059,-0.028390,-0.040526,-0.033818,0.094067,-0.029683,0.035429,0.035971,0.052732,0.071425,0.007865,-0.037809,-0.046087,0.008833,0.000444,-0.045110,-0.124608,-0.028847,0.004512,0.014298,-0.000000,-0.058167,-0.065707,0.054603,0.055444,0.028017,-0.011474,0.005830,0.075701,-0.031784,-0.004950,0.065079,-0.059797,-0.108553,0.042545,0.008125,-0.002730,0.043681,0.020429,-0.031071,-0.017348,0.008488,0.041978,0.145072,-0.009174,-0.047830,0.013582,-0.013209,0.056068,-0.026047,-0.042531,0.032968,-0.038268,0.067733,0.015506,0.044784,-0.031406,0.051333,0.051491,-0.012524,0.036331,-0.024198,-0.057837,0.072720,0.100410,-0.013985,-0.023537,-0.143541,-0.030983,-0.010911,-0.118164,0.035932,-0.073956,0.003533,-0.018001,0.003472,0.057453,-0.056773,0.031192,0.035314,-0.003182,0.115818,-0.137755,-0.023820,0.043722
-0.010313,-0.004828,-0.051023,0.025626,-0.027748,0.030858,0.005156,-0.047505,0.002925,0.022534,-0.020396,0.067178,0.014574,0.018640,-0.019209,-0.054617,0.013454,-0.008272,0.035850,-0.052490,-0.014986,0.017613,0.063449,0.008581,-0.077391,0.032066,-0.059809,0.003195,-0.017803,-0.095756,-0.031313,-0.035589,0.031276,0.033936,0.023102,0.028222,-0.052407,0.028114,0.022676,-0.029298,-0.013324,-0.029974,0.018205,-0.017417,0.026015,-0.003437,-0.052408,-0.087812,-0.096500,0.031504,-0.131659,0.034926,0.057770,0.003613,0.045948,0.060732,0.061999,-0.048770,-0.033350,-0.031175,-0.072348,0.034491,-0.096711,0.005893,0.003039,-0.039257,0.027757,0.077324,-0.016759,-0.004545,0.040756,-0.071192,-0.047131,-0.008721,-0.027213,0.053930,-0.049769,-0.039524,0.007151,-0.055488,0.016944,-0.065533,-0.026304,0.054185,0.002984,-0.017740,0.043812,-0.019220,0.024640,0.040789,0.045756,0.098947,0.001228,-0.057176,0.020809,0.030446,-0.026724,0.031475,-0.021106,0.038907,0.002019,0.061326,-0.013341,-0.062170,-0.002552,-0.028372,0.050506,0.038237,-0.006428,-0.022254,0.069076,0.038043,-0.049782,-0.015536,0.084158,-0.029544,-0.140330,-0.010657,-0.006432,-0.023409,0.057301,0.031562,-0.045989,0.020658,-0.049876,0.039488,0.038944,-0.000000,0.090100,0.032674,0.007324,-0.009577,-0.046712,-0.039937,-0.083236,0.004815,0.040692,0.083955,-0.051478,0.015091,0.016287,-0.032563,0.064152,-0.062639,-0.105660,0.101643,-0.015017,0.099339,-0.017753,-0.058331,0.008721,-0.010950,0.044443,0.075711,-0.044021,0.049817,-0.059422,0.016948,0.080547,0.027733,-0.069816,-0.011077,-0.018113,-0.007632,-0.070344,0.005467,0.023969,-0.009820,-0.002137,0.051235,-0.026484,-0.009063,-0.010432,0.003775,-0.058294,-0.010492,0.081522,0.022060,0.036758,0.034850,0.063368,0.018950,-0.006581,0.066576,0.069076,-0.010988,0.046534,0.095046,0.046765,0.059847,-0.101109,-0.068793,-0.029456,0.006816,-0.044549,0.011646,0.079953,-0.042766,-0.054536,-0.027028,0.067353,-0.036642,0.057492,-0.038740,0.049442,0.053532,-0.028330,-0.048506,0.071922,-0.059741,-0.003208,-0.095087,0.050623,0.047848,0.014946,-0.029049,-0.108385,0.106755,0.000294,-0.039658,0.000209,0.098428,-0.071879,0.000000,-0.017029,-0.021204,-0.001292,0.106186,0.055217,-0.004892,-0.071582,-0.055299,0.000966,0.025742,0.027359,-0.019802,0.006292,0.076199,0.017267,-0.014876,0.046702,-0.083526,-0.044815,0.014446,0.032946,0.056283,0.019244,0.028986,-0.006405,0.098449,-0.001647,-0.025619,-0.026677,-0.018385,0.030295,-0.074221,-0.043780,0.036434,-0.034324,-0.072151,0.081187,-0.025795,-0.041531,0.093000,0.061054,0.010086,-0.067082,0.112608,-0.003155,-0.029634,-0.077853,0.000961,-0.039556,-0.001829,-0.042336,0.038800,-0.075596,-0.006239,-0.003134,-0.010394,-0.038168,-0.109883,-0.028378,0.043534,-0.015252,0.073996,0.006327,0.066903,0.084770,0.037862,0.015503,-0.064883,-0.170737,0.092612,-0.071404,0.021001,-0.054338,0.018938,-0.033052,0.078419,-0.059372,-0.076756,-0.109963,-0.008171,-0.043976,-0.056020,-0.014216,-0.000382,-0.035841,0.028078,-0.016817,-0.038107,-0.036442,0.010720,-0.023106,-0.083361,-0.016528,-0.056390,-0.007565,-0.000000,-0.067527,0.031905,0.078208,0.025991,0.040745,-0.001699,0.059858,0.036588,0.078819,-0.047422,0.110136,-0.006207,-0.063808,-0.010444,0.076622,-0.061945,-0.075669,0.128197,-0.076633,-0.033470,0.005124,0.036383,0.034510,-0.026006,0.002544,-0.005444,-0.024036,0.107705,-0.019171,0.018029,0.029702,0.042420,0.102603,-0.007488,0.073327,-0.028607,0.034198,0.004717,0.032817,-0.037366,-0.109296,0.056182,-0.038593,0.100637,0.039635,-0.001681,-0.098916,0.033722,0.010838,-0.106590,-0.013261,-0.020345,-0.054151,0.103355,0.047323,0.059561,0.038575,-0.038914,-0.060462,-0.019190,0.053076,-0.025861,-0.020161,0.038759
0.045102,-0.044972,0.034121,-0.016539,0.025695,-0.041687,-0.107220,0.034552,-0.030714,-0.086035,-0.059286,-0.005891,-0.039938,-0.007057,0.080954,0.071659,0.020572,-0.093527,-0.038971,-0.016179,-0.061318,-0.086385,0.038020,0.046115,-0.035455,0.015014,-0.016941,-0.008310,-0.029811,-0.025001,-0.036226,-0.015316,0.060012,-0.053742,-0.015308,0.058544,-0.075925,-0.072722,0.040521,-0.004603,0.093211,-0.083339,-0.028027,0.071219,-0.010650,-0.006247,0.022145,0.019047,-0.064984,0.076478,0.023288,0.030145,0.027405,-0.100888,0.010202,0.092687,-0.036479,0.034754,0.045960,-0.049681,-0.011912,-0.003546,-0.031526,-0.086859,0.038954,-0.090021,-0.019808,0.060511,0.005372,0.056419,0.017257,-0.057123,-0.040655,-0.019071,0.018634,0.031838,0.032573,0.009017,0.050940,-0.114432,0.065726,-0.016498,-0.016540,-0.045734,0.042769,-0.013537,-0.027860,0.003233,0.082633,-0.042441,-0.030169,-0.009473,-0.015460,0.013544,0.099026,0.080998,-0.068962,-0.004168,-0.068855,0.021081,-0.022481,0.029065,0.052682,-0.027452,-0.038613,-0.047871,0.011207,0.080062,-0.018574,-0.039500,0.053879,0.035670,0.063550,0.018431,0.046281,-0.076616,-0.097880,0.004770,0.074601,-0.026751,-0.002114,0.060446,0.002646,-0.053285,-0.016652,-0.094981,-0.036601,-0.000000,0.023648,0.030156,-0.025830,0.014315,-0.030331,-0.015165,-0.028460,-0.074114,-0.019255,0.041868,0.037121,0.040129,0.049657,-0.003044,0.040999,-0.146001,-0.027056,0.049336,0.037765,-0.019742,0.030606,-0.042977,-0.027850,-0.001015,0.001556,-0.087018,0.001833,0.053347,0.018521,-0.001730,0.033075,0.031230,-0.098076,-0.020954,-0.043979,0.000208,-0.055629,-0.038519,0.011923,-0.061367,-0.020347,0.001872,-0.025820,-0.002198,-0.025329,-0.021069,-0.001891,-0.025168,-0.035228,-0.029562,0.020206,0.026001,-0.042319,-0.027370,0.045438,-0.046792,0.067153,-0.011013,0.010435,0.049361,0.002410,-0.004887,-0.107914,-0.018470,-0.049184,0.068648,0.043640,0.006268,-0.041114,0.044170,0.049903,-0.039971,-0.051632,0.093587,0.044058,-0.049061,0.041232,0.065986,0.002437,0.037742,-0.060256,0.024281,0.000908,-0.103027,0.083780,0.046799,0.101674,-0.075069,-0.002115,0.027023,-0.041192,-0.016719,0.043932,0.108729,-0.015540,0.000000,-0.079602,0.048804,0.084465,0.064337,0.007665,-0.024784,0.093321,-0.027642,0.060497,0.091893,0.029961,0.022785,-0.025592,0.014493,0.051996,-0.007706,0.090136,0.041158,0.003233,-0.083430,0.046424,0.058150,-0.019210,0.062771,-0.001133,0.014740,-0.000115,-0.000322,-0.112683,-0.072782,-0.026029,-0.026992,-0.020059,-0.038816,-0.007784,-0.007306,-0.043475,-0.035995,0.026082,0.013254,0.042666,-0.061455,-0.061382,0.102767,-0.061912,0.034243,0.049651,-0.069437,-0.070875,0.049024,0.075179,0.028798,-0.065852,-0.052822,-0.058281,-0.002806,0.044883,-0.012634,0.051774,0.025369,0.060438,0.060855,0.068337,-0.018709,0.049761,-0.035511,0.019064,-0.040687,0.042990,0.095396,-0.032631,0.098353,-0.073017,0.094626,-0.041879,0.063279,-0.023804,-0.075942,-0.031586,-0.013254,-0.052006,-0.002072,0.023517,-0.036466,0.023138,-0.048363,0.014936,0.030330,0.053592,0.028451,0.046777,-0.137925,0.003574,0.083422,0.029405,-0.000000,-0.006930,0.039224,-0.003613,0.033805,0.016474,0.100193,-0.017951,-0.018622,0.017344,-0.003701,0.048079,0.002701,-0.065043,0.029857,0.025553,-0.012464,0.011780,0.085369,-0.031876,-0.035778,0.036204,0.128216,-0.003449,0.027153,0.021627,-0.012033,-0.068896,0.055079,-0.050890,-0.084519,0.075484,0.022661,0.106182,-0.025097,-0.026458,0.031843,-0.011321,0.074235,-0.016457,0.052315,-0.028385,-0.015412,0.009988,0.050429,-0.096708,-0.066097,-0.134534,0.065413,-0.004796,-0.143897,0.046236,0.016216,0.054075,0.025663,0.087538,-0.014524,-0.095946,0.031523,-0.083734,-0.034960,0.013419,-0.072897,-0.028374,0.005660
0.041009,-0.036388,-0.006643,-0.057693,-0.024874,0.060918,0.122710,-0.029629,0.041738,-0.055691,0.004035,0.039099,-0.051904,0.023312,0.050068,-0.050513,0.007824,-0.077720,-0.054214,0.015114,-0.070321,0.005127,-0.008157,-0.002072,-0.052350,-0.008470,-0.015771,-0.015788,-0.001191,-0.074875,0.006990,0.089391,0.069035,0.016894,0.020472,-0.043502,-0.038027,-0.023843,0.061849,-0.043478,0.013045,-0.074813,-0.014966,0.054947,-0.002999,-0.009321,-0.001338,-0.047320,0.080890,0.031661,-0.073393,-0.013004,-0.000050,0.015111,0.012137,0.038850,0.008681,-0.057009,0.015021,-0.053064,0.041083,-0.000866,-0.009165,-0.001766,-0.007471,0.001769,0.018485,0.005080,-0.106318,0.020377,0.011701,-0.045918,-0.108282,0.029346,-0.037068,-0.041716,0.056142,-0.025559,0.021289,-0.070181,-0.003489,-0.012439,-0.023398,-0.041254,-0.097805,0.006511,-0.022331,0.066164,-0.016190,-0.029989,0.035663,-0.011044,0.039488,-0.081098,-0.060210,0.029492,-0.052245,0.027070,0.029371,0.037459,0.052918,0.078533,-0.002968,-0.103826,-0.073184,0.008942,0.022290,0.048821,-0.031489,-0.020559,-0.014758,0.037692,-0.004841,0.049278,-0.008683,0.055763,-0.069365,-0.015975,0.105138,-0.047244,0.022891,0.129131,-0.071155,-0.055698,-0.075222,-0.065650,-0.008528,-0.000000,-0.007505,0.028417,-0.046707,0.099116,0.022074,0.028427,-0.020256,-0.052147,-0.043577,0.019427,0.004343,0.053278,0.022449,0.019257,0.001814,-0.063426,0.039107,0.113736,0.046929,0.004439,0.024421,-0.145502,0.003579,0.066713,0.061201,0.016974,-0.025819,0.031785,0.011766,-0.009646,0.067418,0.056602,-0.037448,0.046813,-0.031774,0.082964,-0.050353,-0.036421,0.046037,-0.050836,-0.102660,0.051198,-0.108226,0.045068,-0.032833,0.075643,0.022630,-0.009272,-0.034808,0.040178,0.028907,0.011164,-0.027876,-0.052861,-0.042699,-0.011032,0.035940,-0.104751,-0.037617,-0.013754,0.035787,-0.089722,-0.110606,-0.020256,-0.044150,0.069344,0.003065,0.046486,0.035779,-0.036564,-0.058786,0.035174,0.061121,-0.016154,0.076295,0.031361,-0.027548,-0.002754,0.040225,0.057199,-0.040329,-0.025487,0.019121,-0.005675,0.064326,0.121534,0.073141,-0.022370,-0.060054,0.023204,-0.082289,0.065549,-0.032870,0.088423,0.048232,0.000000,-0.055345,0.012325,-0.012826,0.028411,0.019414,0.019198,0.028317,-0.042294,-0.026554,0.034207,-0.037133,-0.019187,-0.006401,-0.000790,-0.048680,-0.126227,0.099661,-0.015164,0.016942,-0.045517,-0.054951,0.051254,0.002289,0.038311,-0.017325,0.085534,-0.094949,-0.045010,-0.019860,-0.016404,-0.009665,-0.046377,-0.057975,0.040567,0.031140,-0.007520,0.049833,0.004084,0.053228,0.022323,0.060444,-0.040063,0.003431,0.079909,-0.051230,-0.060412,-0.004687,-0.022293,0.005074,-0.001081,-0.024509,0.060339,-0.044052,-0.071521,-0.028204,0.156799,0.088399,-0.105119,0.011600,0.022506,-0.035160,0.098661,0.064859,0.035183,0.055454,-0.010695,0.098128,-0.019438,0.007215,-0.013677,-0.010377,0.021139,-0.056417,0.021713,0.027082,-0.039136,0.020216,-0.132984,-0.001170,0.040309,-0.004126,-0.048846,0.031919,0.011745,-0.006719,-0.054057,0.016063,-0.035010,0.035202,-0.017391,-0.105022,-0.016396,-0.000323,-0.084907,-0.043390,-0.000000,-0.040442,0.033008,-0.010508,0.032497,0.046838,-0.015854,0.012341,0.104116,-0.000379,-0.030803,-0.018784,-0.002932,-0.079626,0.102057,0.058508,-0.052678,0.044906,-0.026898,-0.049524,0.039475,0.024016,0.028379,0.022429,-0.023313,-0.005277,0.004531,0.051117,0.173796,0.023744,-0.042552,0.032294,0.026357,0.040678,0.004495,-0.049204,-0.096552,0.030267,0.020359,0.001551,0.006802,-0.054544,-0.038604,0.017295,0.135273,-0.028372,-0.009202,-0.180894,0.021017,-0.006949,-0.066922,-0.004142,-0.049075,0.133310,0.083995,-0.014767,0.012787,0.023553,-0.003870,0.025646,-0.005425,0.032119,-0.045601,-0.025458,-0.013039
0.054866,-0.048425,-0.004308,-0.037554,-0.042274,0.017179,-0.021456,-0.065920,-0.111701,-0.043156,-0.066595,-0.030115,0.019801,-0.015298,0.063524,0.018376,0.058522,-0.109941,-0.025008,0.009797,-0.134062,-0.074322,-0.013908,0.054004,-0.048203,-0.004340,-0.024692,0.079064,0.024083,-0.075672,-0.026930,-0.036291,0.073672,0.006396,0.060570,0.114235,0.042649,-0.105000,0.029799,-0.082910,0.082326,-0.071861,-0.040342,0.009019,0.010730,0.010436,0.066744,-0.033685,-0.087097,0.031618,0.002002,-0.086428,0.019828,-0.110340,-0.069933,0.019262,0.001656,0.015851,0.014369,-0.075084,-0.022644,0.052816,-0.071272,0.017519,0.051991,-0.047048,-0.061384,0.066221,0.051390,-0.074229,-0.037366,-0.074208,-0.081127,-0.007870,-0.050397,0.034405,0.068415,-0.032483,0.051739,-0.043464,0.092523,-0.020302,-0.008231,-0.063930,0.004754,-0.110539,-0.023012,-0.021135,-0.058953,-0.046787,0.029694,-0.035831,0.007234,0.065223,0.134955,0.111223,-0.051408,-0.039005,0.010374,0.053431,-0.024574,0.073133,-0.062957,-0.059254,-0.090907,-0.015483,-0.049141,0.074368,-0.017096,-0.057909,-0.025893,0.044762,0.054536,0.035668,0.005290,-0.017128,-0.087321,0.030974,0.002796,-0.059588,0.015195,0.075941,0.058309,-0.047934,0.021538,-0.013839,0.000313,-0.000000,-0.042097,0.058587,-0.026926,0.085419,0.039078,-0.005262,-0.015771,-0.048730,0.017859,-0.031439,0.035154,0.041884,0.083950,-0.040625,-0.046322,-0.061522,0.001912,0.113707,-0.035317,0.014335,-0.018940,0.009924,0.020601,-0.012379,0.035548,-0.036736,0.059244,0.091099,0.107224,0.043161,0.004199,0.031405,-0.063156,0.013174,-0.021272,0.045124,-0.095130,-0.103623,-0.041955,-0.041814,0.014643,-0.032568,-0.048172,0.004561,-0.048803,-0.030904,0.013809,-0.058221,0.068563,-0.061134,0.003869,0.002421,-0.022138,-0.028449,0.071207,-0.062444,0.059386,0.038681,-0.001652,-0.048709,-0.010340,-0.017610,-0.075855,0.015007,0.012275,-0.004430,0.043112,0.027609,-0.035061,-0.004428,0.039431,-0.057749,0.039107,0.043772,-0.085937,0.019636,-0.084632,0.021870,0.046073,0.062870,-0.031214,0.089999,-0.062857,-0.050671,0.121724,-0.008395,0.075741,-0.066193,-0.005944,0.058121,-0.036717,-0.007762,0.049245,0.080055,0.001688,-0.000000,-0.022028,0.065812,0.061794,0.055917,-0.063617,0.027478,0.122945,-0.046921,0.067400,0.133881,0.033071,0.029053,-0.023406,-0.023094,-0.025633,-0.048400,0.089796,-0.009255,0.040563,-0.015089,0.071380,0.002028,-0.032980,0.094911,0.035478,0.044534,-0.001118,-0.075609,-0.047294,-0.026879,-0.037468,-0.080167,-0.084631,0.021158,0.029023,0.017607,0.022994,-0.014078,-0.008538,0.009492,-0.017687,0.008463,-0.079864,0.004721,-0.033029,-0.036691,0.017046,-0.053899,-0.041856,0.043668,0.006770,0.038834,-0.013497,-0.068245,-0.004809,0.000646,0.022468,0.007312,0.016767,0.036955,-0.010870,0.076635,0.009755,0.015911,0.058649,0.006155,-0.021395,-0.016114,-0.011714,0.051944,0.032694,0.007723,-0.046137,0.043317,-0.043114,0.016650,0.035681,-0.046844,-0.039234,-0.051527,0.056616,-0.006055,0.046175,-0.012529,0.040579,-0.017986,-0.000316,0.058534,0.063008,0.009046,-0.014856,-0.084422,0.045080,-0.050222,0.081340,-0.000000,-0.035592,-0.033657,-0.048897,0.034071,-0.031101,0.045966,-0.072152,-0.045814,-0.005195,0.054937,0.000760,-0.063912,-0.097726,0.028031,0.012079,-0.039224,-0.090287,0.085586,-0.035707,-0.051211,0.059540,0.094513,-0.004651,0.073675,0.000099,0.005742,-0.057107,0.022058,-0.044381,-0.011718,0.059607,0.010212,0.047223,0.012529,-0.028809,-0.000882,0.048693,0.069710,-0.017269,-0.005920,-0.001056,-0.000300,-0.013568,0.049945,-0.056068,0.008724,-0.079873,0.067955,-0.069234,-0.068823,0.070104,-0.003008,0.055897,0.072057,0.050229,0.029573,-0.065147,0.017557,0.059979,0.042945,0.047411,0.001510,0.044432,-0.067393
-0.042465,-0.021819,0.005448,-0.035193,-0.005568,0.013543,0.058692,-0.063846,-0.057557,0.063337,-0.037250,-0.021681,0.033196,0.025802,0.013157,0.003436,-0.019693,-0.068101,0.035579,-0.050781,-0.128987,-0.037491,-0.008277,-0.043435,-0.063123,0.004943,-0.016956,0.024915,-0.020823,-0.046788,0.004618,0.000718,0.018542,0.005690,0.067669,0.110396,0.002312,0.050265,-0.036834,-0.074813,0.081413,-0.029137,0.024942,-0.037013,0.012006,0.004073,0.068337,-0.038287,-0.029028,0.003323,-0.036222,-0.073203,0.089307,-0.141098,0.040592,0.023418,-0.050707,0.017416,-0.071237,-0.039832,-0.098592,-0.011403,-0.111367,-0.033484,0.025390,-0.017082,-0.063293,0.040340,-0.001416,-0.013837,-0.033227,-0.088447,-0.019439,-0.017771,-0.001278,-0.029458,0.033388,0.037303,0.021007,0.001528,0.034670,-0.062330,-0.047262,-0.016109,0.031970,-0.058384,0.003954,-0.054049,-0.017579,0.031879,-0.007689,0.069144,0.004272,-0.036328,0.024444,0.024345,-0.018548,0.041953,-0.060811,0.069506,-0.031188,0.069181,-0.079042,-0.042268,-0.055098,-0.024896,-0.036526,-0.007256,0.039252,-0.025731,-0.010224,0.115020,-0.016739,0.032513,0.045163,-0.037640,-0.010711,0.035544,0.026713,-0.065978,0.028032,0.036168,0.009239,-0.003939,-0.036988,0.041066,-0.077305,-0.000000,-0.042615,0.034923,0.092316,0.086966,0.016936,0.044278,-0.048368,-0.061277,0.005656,-0.041384,0.013212,0.099471,0.056100,-0.072611,-0.053782,-0.011828,-0.058760,0.010162,-0.064005,-0.024901,0.030172,0.102207,0.010979,0.047240,0.074514,-0.006232,0.070788,0.019134,0.106927,0.034494,0.036392,0.059186,-0.078055,-0.027261,-0.037542,0.073886,-0.091399,-0.074131,-0.015041,-0.041818,-0.018130,-0.049170,0.053366,0.017248,-0.188764,0.010374,0.019046,-0.017953,0.108461,-0.052241,0.016145,-0.032870,-0.054382,0.010944,0.066199,0.023417,-0.021060,-0.004311,0.031385,-0.060830,-0.003498,0.057918,-0.020330,0.019323,0.002632,0.007536,0.048321,0.008032,0.038958,0.009414,0.014558,-0.004769,0.023840,-0.062813,-0.091971,0.016955,-0.004447,-0.001637,0.013664,0.060474,0.049213,0.072279,0.110217,-0.036920,0.079895,-0.057476,0.055422,-0.072681,0.025795,0.070072,-0.050872,-0.060142,0.073434,0.069752,-0.104365,-0.000000,0.028666,-0.000043,0.066782,-0.012502,0.012619,-0.006845,0.026150,-0.005581,-0.041347,0.033940,0.043970,0.081311,-0.087686,0.042878,-0.013998,0.012568,0.082463,-0.024592,0.036864,-0.071658,0.050299,0.041782,-0.034077,0.134156,-0.078597,-0.040314,0.056534,-0.021792,-0.077212,-0.047157,-0.002170,0.009252,-0.085931,-0.057093,-0.018774,0.097953,-0.006559,-0.006898,-0.013482,0.084882,0.016150,-0.000717,0.016512,-0.029539,0.023074,-0.085066,-0.026394,-0.059555,-0.121278,-0.012082,-0.065234,0.014922,-0.071238,-0.076567,0.045575,0.001118,0.060942,0.006161,0.102557,-0.007361,-0.052840,0.005486,-0.039391,-0.003934,0.033339,0.003974,0.024741,-0.056406,-0.094290,-0.021284,-0.019546,-0.065743,-0.081773,0.051456,-0.047194,-0.008619,-0.088366,-0.013598,-0.046775,-0.005057,-0.016895,-0.006228,0.013961,0.042501,0.002884,0.100538,0.037982,0.003951,0.105083,0.041023,0.031747,-0.115656,0.009055,-0.018509,0.062647,-0.000000,0.016673,0.015355,-0.050225,-0.042975,-0.005252,-0.000997,-0.051878,0.006958,0.018638,0.015645,0.029751,-0.017135,-0.056200,-0.007811,0.110298,0.020320,-0.031013,0.038796,0.004928,0.037307,-0.023125,0.098762,-0.027846,0.084732,0.006812,0.012849,-0.049304,0.001795,0.044029,0.029373,-0.042394,0.055077,-0.000743,0.001172,0.003275,-0.032070,0.016096,-0.124947,0.065428,0.073366,-0.024110,-0.008465,0.035624,0.076317,-0.035960,0.106505,-0.021006,0.008867,-0.042396,-0.004736,0.037439,0.087109,0.056033,0.097722,0.046507,-0.052434,-0.103779,-0.003789,0.004641,0.020136,0.054289,-0.039000,-0.031347,0.060253
-0.010038,-0.017836,-0.013120,-0.028846,0.012007,-0.015053,-0.008954,-0.000002,-0.020955,-0.026629,-0.046069,-0.060028,-0.016023,-0.000579,0.041406,-0.021142,0.014569,-0.061689,0.025134,-0.015066,-0.082311,-0.066605,-0.037617,0.086453,-0.004496,-0.009026,-0.027108,0.046428,-0.010776,-0.042005,-0.060058,-0.049863,0.058777,0.067726,0.039945,0.031667,0.018767,-0.008755,0.015727,-0.060073,0.068723,-0.041473,-0.005522,0.079217,0.041839,-0.054263,0.026255,-0.006366,0.004161,0.085274,0.026157,-0.052482,0.015332,-0.031653,-0.040381,0.080031,0.018985,-0.018073,0.021836,-0.075245,0.041194,-0.006374,-0.034333,-0.073387,-0.049116,0.028114,-0.012438,0.139462,0.080405,-0.045822,0.019146,-0.020211,-0.090050,0.023579,-0.031306,0.133206,0.073347,-0.054786,0.051819,-0.066731,0.104097,-0.079786,0.035471,-0.047263,0.056774,-0.013337,-0.049073,0.014730,-0.027532,-0.048269,0.001196,-0.041576,-0.067454,0.043926,0.066828,0.081206,-0.057312,-0.005183,-0.097282,0.093482,-0.012830,0.056746,0.043638,-0.022652,-0.001263,-0.006245,0.015766,0.043915,-0.019288,-0.057453,0.011480,0.057020,-0.008815,0.071805,-0.033813,-0.037675,-0.031190,0.060667,0.015699,-0.118820,0.061267,0.127753,0.022525,-0.019367,0.049495,-0.075875,-0.097863,-0.000000,-0.030491,0.105539,-0.101252,0.001218,0.009477,-0.056591,0.037391,-0.038657,-0.092482,-0.005076,-0.006370,0.027266,0.065284,-0.090924,-0.044526,-0.101497,0.029939,0.023754,-0.018584,0.008414,-0.034644,0.024910,-0.006450,0.099965,-0.085970,-0.044500,-0.048554,0.020361,0.041190,0.040915,0.001685,0.018858,-0.051965,0.034964,-0.033202,0.013686,-0.070274,-0.057109,-0.026304,-0.085764,0.061778,-0.002570,-0.021249,0.060113,0.048896,-0.069775,-0.010064,-0.007779,0.028912,-0.090815,0.017552,0.013094,-0.100047,-0.015999,0.119447,-0.038603,0.065502,0.010340,0.005836,-0.033459,0.000225,0.025446,-0.064771,0.005436,-0.026322,-0.029156,0.086884,0.036859,-0.050635,-0.078681,0.063702,-0.107144,-0.069062,0.009485,-0.011381,-0.009719,0.027235,0.004511,-0.011069,0.059081,-0.002493,-0.022157,-0.083043,-0.011251,0.061124,-0.005868,0.030660,-0.078961,-0.053333,-0.048299,-0.075680,0.000206,0.077673,0.078840,0.036033,0.000000,0.017822,-0.004571,0.048781,-0.024975,0.018843,-0.019201,0.147750,0.039720,0.038796,0.052630,-0.011912,0.010247,-0.017452,-0.028596,0.105361,-0.010090,0.125861,0.046201,0.046424,-0.011152,0.012908,-0.002155,-0.047129,0.125032,0.045226,0.058414,0.016723,-0.005170,-0.114272,-0.006519,-0.033694,-0.027211,-0.036864,-0.000767,0.047493,0.046742,-0.053599,0.070614,-0.028165,-0.047498,-0.009547,-0.011487,-0.105219,0.052059,0.022145,0.064514,0.099829,-0.006189,-0.078298,0.110361,0.069655,0.050407,-0.077341,-0.036448,-0.034170,-0.025629,0.017319,0.006062,0.033588,0.007562,-0.027508,-0.028691,-0.003991,0.030647,0.041110,-0.037128,-0.016022,0.020578,-0.054189,0.077634,-0.050305,0.113895,-0.048981,0.063656,-0.054762,0.056756,-0.028629,0.006723,-0.039314,-0.075928,-0.021167,0.054692,0.016593,0.037785,0.062540,-0.006730,0.034229,0.106847,0.051939,-0.032978,0.011440,-0.108648,0.072012,-0.067326,0.050725,-0.000000,0.025418,0.039280,-0.030119,-0.005477,-0.022469,0.038893,-0.046588,-0.057448,0.031831,0.054323,0.053856,-0.019666,0.019577,-0.008076,0.029026,0.063541,-0.034871,-0.004745,0.004135,-0.046529,-0.043669,0.019408,0.046474,0.067237,-0.010693,-0.073290,-0.087372,-0.034185,0.001574,0.010631,0.063949,-0.013233,-0.008858,0.034402,0.002205,-0.080151,-0.017105,-0.001025,-0.050949,-0.002449,-0.004113,-0.000447,-0.093459,0.049661,-0.042942,-0.101731,-0.016113,0.048832,-0.033900,-0.030131,0.021583,-0.000042,0.013733,0.032705,0.031971,0.052294,-0.024551,0.027411,0.029975,0.007856,0.034006,-0.050330,0.007429,-0.073142
-0.074773,0.103263,-0.037242,-0.023923,0.015793,-0.001731,0.032132,-0.004650,-0.038197,0.029084,0.037713,0.048908,0.044359,0.043933,0.003396,-0.020449,-0.067578,-0.048123,-0.032570,0.010424,-0.046077,-0.009227,0.026983,-0.016085,-0.012181,0.141056,-0.014303,-0.102404,0.015187,-0.059325,-0.003647,0.093413,0.009733,0.014681,0.087587,0.082771,0.031024,0.027504,-0.039482,-0.052970,0.028998,-0.004298,-0.046084,0.024783,-0.050727,-0.089480,0.001125,-0.080664,0.019635,0.048070,-0.080610,0.001697,0.068218,-0.098938,0.029040,0.006908,0.026665,-0.040441,-0.045832,0.034601,-0.059915,-0.030820,-0.068806,0.010526,0.041541,0.050223,-0.035667,0.045994,-0.103583,0.008123,-0.094215,-0.027357,-0.046379,0.019081,0.034583,-0.024530,0.018500,-0.075143,-0.070092,0.009404,0.029347,-0.102398,-0.080112,0.057549,-0.063973,0.053163,0.073280,-0.025189,-0.029405,-0.049582,-0.056323,-0.000755,0.055230,-0.009092,-0.052583,-0.009735,-0.066174,0.068377,-0.011939,0.035843,-0.013101,-0.046677,-0.015713,-0.036090,-0.042108,-0.027501,-0.045826,-0.055035,0.052576,0.080940,-0.077602,0.039753,-0.041110,0.017584,-0.016843,-0.016067,0.003446,0.058916,0.081290,-0.115355,0.055007,0.076642,0.060006,-0.027529,-0.021838,0.008736,0.010564,-0.000000,-0.084175,0.030931,0.032088,0.114403,-0.009739,0.001474,-0.035979,-0.017977,0.003524,-0.091372,-0.024575,0.042260,-0.028219,0.054480,-0.041874,0.049906,-0.027786,0.028681,0.012681,-0.024038,-0.051986,0.064912,0.020992,0.075398,0.068165,0.034615,0.063565,0.055914,0.030687,-0.006280,0.031986,0.055275,0.027048,-0.000024,0.017718,0.101397,0.006210,-0.014152,0.005160,-0.022444,0.003615,-0.016452,0.065782,0.057254,-0.099042,0.034721,-0.025944,0.001455,0.006954,-0.012056,0.027522,0.038153,-0.045223,0.059482,-0.047468,-0.012901,-0.015155,-0.075579,0.045065,-0.033088,0.027974,0.078227,0.001666,0.055605,0.039416,0.057655,0.024836,0.048024,-0.000322,0.075200,-0.027743,0.024455,0.013523,-0.079140,0.007056,-0.009261,-0.008734,0.080411,0.006969,0.027565,0.046273,-0.012041,0.059911,-0.070652,-0.019531,-0.093709,0.025252,-0.036098,-0.020865,0.090893,0.009479,-0.034029,0.051313,-0.047128,-0.010192,0.000000,0.037062,0.010929,0.052555,0.033102,0.057380,-0.098588,-0.006077,0.001355,0.048204,-0.036376,-0.057454,-0.000007,0.065643,0.023838,0.032856,0.007106,0.035977,-0.015976,0.030891,-0.092937,0.014083,-0.001980,-0.050905,0.023086,-0.044003,-0.021195,0.054720,0.023048,-0.089380,-0.071853,-0.008521,-0.012014,-0.057093,-0.017242,-0.028423,0.081571,-0.066092,0.015385,0.000901,-0.080994,-0.012828,-0.013926,-0.086725,0.076572,0.001798,-0.072500,-0.014873,-0.109360,0.006328,-0.014624,-0.000646,0.062382,-0.060398,-0.086179,0.017762,0.033450,-0.001757,0.005742,0.041371,0.023771,0.033157,0.034450,0.025987,0.009654,-0.005727,-0.020325,0.064398,-0.071312,-0.097830,0.022805,0.140335,0.037543,-0.044131,0.019410,-0.034447,0.055216,-0.165456,0.036183,-0.031973,0.019727,-0.004960,0.000379,-0.033815,0.186685,-0.041606,0.005765,0.059137,-0.061562,-0.014617,0.046372,-0.012422,0.007602,-0.016712,0.030981,-0.002571,-0.000000,0.035334,0.035273,-0.082421,-0.089851,0.014942,0.004720,0.054505,0.061784,0.036297,0.121510,-0.040746,0.046446,-0.066746,0.066771,0.046258,0.011826,-0.040197,-0.043671,-0.036755,0.019304,-0.042239,0.075237,0.087195,0.048180,-0.082618,0.028981,0.052172,-0.052616,0.087102,0.005249,-0.073252,-0.028082,-0.006600,-0.007349,0.010761,-0.134875,0.053982,0.033750,0.041751,0.025514,-0.036530,-0.083133,-0.047638,0.049675,0.002984,0.010932,-0.090732,-0.004309,-0.082589,0.031462,0.013308,0.064419,-0.068233,0.014954,-0.033571,-0.086615,-0.086182,0.023132,0.048961,0.027978,0.010285,-0.048536,0.064820,0.035607
-0.057671,-0.009353,-0.025571,-0.074740,-0.060739,0.019322,0.016303,-0.005553,0.022836,-0.039937,0.037058,0.084259,0.066417,-0.012005,0.021053,0.007065,-0.070419,-0.043848,0.000214,-0.007724,-0.043984,-0.001985,-0.023353,-0.095349,-0.005315,0.054900,0.025769,-0.027660,0.011807,-0.063475,0.047209,0.065314,0.006263,-0.007178,0.055787,0.069046,-0.023894,0.039264,-0.064921,0.012171,0.011783,0.047218,-0.015971,-0.013470,-0.043617,0.004128,0.012924,0.024493,0.065550,0.068151,-0.066077,-0.038503,0.116039,-0.077384,0.026273,0.183168,-0.044627,-0.004884,-0.043307,0.008727,0.024271,0.036893,-0.097299,-0.023802,0.040472,0.085733,-0.052532,-0.007620,-0.050405,-0.063426,-0.030872,-0.062880,-0.063783,0.004188,0.016205,-0.018709,0.002167,0.003418,-0.017434,-0.029400,-0.073110,-0.077319,-0.090613,0.032124,-0.018484,0.061418,0.089323,0.073102,0.038548,0.031336,-0.024125,0.000914,0.035906,-0.050966,-0.039890,0.041218,-0.039707,0.077522,-0.024393,-0.012508,-0.006546,-0.020964,-0.015617,-0.030007,-0.059346,0.007057,0.010178,0.022171,0.043044,0.045342,-0.074489,0.032769,-0.065676,0.047370,-0.041824,-0.052647,0.046170,0.015882,0.062377,-0.195965,0.056083,0.075823,0.021237,-0.022205,-0.004119,0.043679,-0.065030,-0.000000,-0.044278,0.080664,-0.022685,0.003052,0.042156,-0.016127,-0.029138,-0.039985,-0.039574,0.003955,-0.090847,0.067635,0.011079,-0.059122,-0.007644,0.031279,0.016575,-0.000830,-0.011010,-0.040145,0.021980,0.164764,0.003718,0.090275,0.019965,-0.054007,0.078863,0.053128,0.052457,-0.008686,0.009665,0.016430,-0.021851,-0.016641,0.060611,0.113949,-0.000161,-0.056228,0.000568,-0.026506,-0.003760,-0.004097,0.035766,0.039744,-0.142497,-0.026320,-0.045736,0.002020,0.049986,-0.060239,0.029349,0.020035,-0.030103,0.088586,-0.043976,0.002528,-0.051091,-0.020632,0.023951,0.026772,0.044397,-0.028407,0.028762,0.053087,-0.042558,0.032403,0.114872,0.068485,0.042344,-0.001479,0.002353,-0.004115,0.036598,-0.001267,-0.000774,0.026729,-0.035516,0.092766,0.016253,0.061241,0.054475,0.057349,0.122708,-0.002368,0.013081,-0.110685,0.036373,0.038220,-0.076986,0.073794,-0.048676,-0.000044,0.034584,0.102547,0.008932,0.000000,-0.024605,-0.033848,0.102997,-0.051669,0.014770,-0.065431,0.076714,-0.036291,0.016881,-0.051300,0.007378,0.024695,0.007902,-0.023108,-0.046011,0.010157,0.041283,-0.018347,0.031201,-0.125982,0.065407,0.012990,0.005375,0.062744,0.006597,-0.054074,0.026359,0.065299,-0.097564,-0.027496,-0.012188,0.049746,0.014478,-0.060973,-0.025048,0.060567,-0.047221,-0.024894,-0.001998,-0.070534,0.068391,-0.063347,0.003373,0.033019,0.037368,-0.034018,0.010057,-0.090615,-0.012253,0.018615,0.038298,0.021831,0.038434,-0.013833,0.047222,0.036879,0.064920,-0.008915,-0.009739,-0.013196,-0.006145,0.012631,0.001179,0.037680,0.045744,0.025916,0.017050,-0.116161,0.000987,-0.037398,-0.007855,0.007390,0.025760,0.070782,-0.041949,0.018261,-0.137580,-0.043897,-0.014817,0.016229,-0.025284,-0.009625,-0.004132,0.116185,-0.077874,-0.008908,0.083469,-0.041614,0.037232,-0.040533,0.025902,-0.082191,-0.029881,0.041523,-0.032030,-0.000000,0.045930,0.044765,-0.015757,-0.111270,0.005810,-0.061672,0.077064,0.050621,-0.031405,0.035488,-0.075871,0.014862,-0.076833,0.012815,-0.018684,-0.041046,-0.016664,-0.005995,-0.011054,-0.015867,-0.001603,0.047485,0.051599,0.134610,-0.050083,-0.011430,0.008048,-0.024875,0.069761,-0.059460,-0.019407,0.038006,-0.000964,0.017021,-0.058999,-0.057746,0.005131,0.042447,0.061991,0.048076,-0.011093,0.016613,-0.028068,0.028728,-0.003293,-0.003549,-0.069313,0.019442,-0.002313,-0.027326,0.018123,0.079411,-0.098000,-0.072690,-0.086233,-0.117905,-0.111540,-0.016273,0.027401,-0.015555,-0.008114,-0.078896,0.068115,0.023599
-0.016635,0.010625,-0.025107,-0.013207,-0.053943,0.067758,-0.038515,-0.025240,-0.020250,-0.030551,-0.026730,0.097454,-0.032378,0.071917,0.014946,0.026687,0.018343,-0.105730,-0.046146,-0.038235,-0.101651,-0.026493,0.035893,-0.007656,0.007718,0.002211,-0.003043,-0.037897,0.009765,-0.050888,0.022611,0.014201,0.023911,0.019747,-0.006340,0.061378,0.026717,0.001220,0.031163,-0.086842,0.017187,-0.110482,-0.036606,-0.061305,-0.024933,0.000441,0.023417,-0.075074,0.019860,0.024896,-0.052204,-0.066896,0.054076,-0.078211,0.034578,0.113283,-0.029809,-0.038738,-0.043087,-0.000322,-0.011172,0.045657,-0.040709,0.007059,0.014878,-0.085452,-0.016461,0.005577,-0.077451,-0.017852,-0.010821,-0.098955,0.019027,-0.064203,0.026479,0.060282,0.015546,0.033896,0.084930,-0.078138,0.072835,0.070643,-0.040182,0.032673,-0.001693,0.015017,-0.001724,0.014051,0.035958,-0.085341,-0.014178,0.112754,0.036439,-0.031422,-0.018080,0.022240,-0.045466,0.047801,-0.037398,0.097402,-0.043393,0.100589,0.003423,-0.121794,-0.022924,0.000817,0.035064,0.102397,0.048158,0.023341,-0.024657,-0.038508,-0.002141,0.038935,-0.006681,0.066428,-0.068259,0.015806,0.126230,-0.096395,0.055752,0.022423,-0.047158,-0.020688,-0.000416,-0.104602,-0.016988,-0.000000,-0.017360,0.080654,-0.033455,0.090269,0.011533,0.002513,-0.005981,-0.002567,-0.104195,-0.079230,-0.010989,0.049421,0.025773,-0.076073,-0.034384,-0.080422,-0.009475,0.105053,-0.003286,0.022755,0.035972,0.054343,0.026685,0.078433,0.083556,-0.032428,0.039048,0.052194,0.012405,0.022020,0.027196,0.062855,-0.100195,-0.007215,-0.050519,0.072256,-0.046583,-0.113747,-0.027913,0.049638,-0.049945,0.021776,-0.077153,-0.004767,-0.025246,0.011700,0.001334,0.019290,-0.004104,0.002665,0.024485,0.004856,-0.084938,-0.023349,0.035074,0.025706,-0.019746,-0.000909,0.057954,-0.003189,0.023795,0.027977,-0.099460,-0.005634,0.007823,0.106736,0.041769,0.049004,0.025508,-0.035287,0.020932,0.028842,-0.007373,-0.072958,-0.022441,-0.050382,-0.062695,-0.017921,0.084378,0.105160,-0.034311,-0.024775,0.063380,-0.055260,0.003426,-0.020734,0.058488,0.017999,-0.032820,0.143545,-0.086078,0.059450,-0.021440,0.023269,0.096704,0.000000,0.010308,0.052120,-0.031974,0.024658,0.001761,-0.047214,0.034354,-0.071640,-0.059687,0.059489,0.050852,-0.012015,0.004167,0.027222,0.017931,0.003581,0.059627,-0.053371,0.042450,-0.013184,0.052113,0.081648,0.037254,0.088016,-0.024174,0.044445,-0.046338,-0.035886,-0.072078,-0.014347,-0.039408,0.001097,-0.127941,-0.004163,0.015348,0.016852,-0.020044,-0.064569,-0.025171,-0.054193,0.042243,-0.000678,-0.044820,0.082567,0.012023,-0.029237,-0.007334,-0.012586,0.052566,0.033232,0.091613,0.031148,-0.089346,-0.100496,-0.030073,0.040129,0.084953,-0.019612,-0.046748,-0.000441,0.033440,0.056438,0.000422,0.045971,0.090042,0.050392,0.068859,0.034025,0.039859,0.014422,-0.014740,-0.016032,-0.106075,-0.001938,-0.055416,0.056523,0.013440,-0.126820,-0.030532,0.035768,-0.031716,0.015624,0.071404,-0.012029,-0.016886,0.056124,0.002657,-0.041271,0.022136,0.024087,-0.049241,-0.038597,-0.033893,0.001294,0.017562,-0.000000,0.033763,0.017286,-0.092241,-0.006216,-0.003709,-0.088108,0.063212,0.010386,0.027335,0.084891,0.009176,-0.000207,-0.057297,0.062517,0.092691,-0.043428,0.046527,0.001697,-0.085615,-0.002206,-0.030090,0.027417,-0.035311,0.044762,-0.085744,0.024955,-0.027632,-0.007281,0.038387,-0.005394,0.037012,0.069427,-0.072818,-0.007294,0.010227,-0.120205,-0.014960,0.051209,0.045343,-0.019920,-0.041381,0.101968,-0.060872,0.086265,0.004791,0.026068,-0.096220,-0.003911,-0.040038,-0.020778,-0.020432,0.034397,0.059225,-0.029865,-0.017122,0.009955,-0.015571,-0.037121,-0.022598,0.009164,0.049187,-0.110880,0.080110,0.042043
0.020341,0.007786,-0.026842,-0.021379,-0.066490,0.051340,-0.003703,-0.050547,-0.058485,0.054985,-0.020138,0.085766,0.061323,-0.008158,0.037873,0.054080,-0.062940,-0.081362,0.012066,0.007705,-0.087789,-0.036040,-0.050645,-0.061617,0.008431,0.075611,0.060914,-0.048215,0.034732,-0.057939,0.065129,0.021500,0.024502,-0.035597,0.063983,0.052676,0.031060,0.060347,-0.121986,0.031334,0.108066,-0.046838,-0.126433,-0.023980,-0.012727,0.032123,0.033861,0.005383,0.019906,0.065547,-0.144967,-0.021910,0.068694,-0.100963,0.006922,-0.024902,0.010579,0.029669,-0.026806,-0.046950,-0.048330,0.020003,-0.141383,-0.038803,0.015178,0.033514,-0.045088,-0.039490,-0.038650,-0.018598,-0.067821,-0.100734,-0.020163,-0.042537,-0.019798,-0.055150,0.039926,0.023267,0.034549,-0.038855,-0.015693,-0.028764,-0.096769,0.050618,0.003617,0.053789,0.057047,-0.018857,0.007121,0.005276,-0.008475,0.072183,0.040087,-0.004881,0.034226,0.043871,-0.023868,0.045066,0.074994,0.061385,-0.019931,-0.007900,-0.052678,0.052179,-0.089459,-0.031243,0.016491,0.012822,0.099365,0.030475,-0.022443,0.046477,-0.028208,-0.036527,-0.011676,-0.048414,-0.015740,0.033918,0.063992,-0.110375,-0.021069,0.060215,-0.011321,-0.023226,-0.006059,0.072226,-0.049281,-0.000000,-0.052942,-0.020743,0.041243,0.067175,-0.022048,0.005841,-0.009004,-0.086306,0.004422,-0.088959,0.020036,0.026916,0.079372,-0.081861,-0.023895,-0.006080,0.025790,0.044127,-0.020126,-0.049631,0.037390,0.009214,0.020730,0.073078,0.066189,-0.003026,0.099640,0.047935,0.113304,0.018057,0.038048,0.021854,-0.044205,0.015846,0.020118,0.118437,0.018265,-0.013952,-0.026797,-0.047525,0.018821,-0.061885,0.067151,0.014439,-0.174306,-0.000443,-0.060951,-0.006125,0.092185,-0.042446,0.076014,0.006968,-0.002443,0.024448,-0.010009,0.013331,-0.040702,-0.018853,-0.001408,-0.085955,0.042570,0.054606,-0.006062,0.066205,-0.044315,-0.011684,0.048054,-0.004728,0.062147,0.019764,0.029371,0.022058,0.066128,-0.009083,-0.039934,0.061603,-0.051229,0.047972,0.031702,0.113150,0.040439,0.008848,0.053324,-0.053452,0.055343,-0.098414,0.065525,-0.017149,-0.081126,-0.017622,0.040585,-0.047373,0.005751,0.074524,-0.013593,0.000000,0.042078,0.033970,0.113708,-0.009560,0.063460,-0.072975,0.087592,-0.064910,0.004589,0.026266,0.055913,-0.011478,0.028009,0.003078,-0.002990,0.037802,0.061650,-0.015614,0.027144,-0.050182,0.037108,0.004510,0.004014,0.073155,-0.009815,-0.024909,0.073141,0.008542,-0.048951,-0.070642,-0.044683,0.039360,-0.101035,-0.041612,-0.066785,0.081865,-0.125389,-0.003907,-0.002288,-0.022173,-0.024179,-0.056209,0.025256,0.051796,0.013021,-0.064194,0.032150,-0.077077,0.007733,-0.072546,-0.004776,0.044267,0.003119,-0.017223,0.042863,0.023780,0.029394,0.023018,0.020472,0.030369,0.044040,0.067446,0.071009,-0.000730,0.014007,-0.002415,0.009437,-0.128971,0.007285,-0.039402,0.057764,0.028989,0.002558,0.041868,-0.073516,0.025305,-0.088463,0.030294,-0.003690,0.000289,0.008920,-0.003269,-0.021409,0.108917,-0.099390,-0.023558,0.080426,-0.046200,0.022217,0.045929,0.003791,-0.052470,0.027221,0.067461,0.047770,-0.000000,-0.037202,0.007750,-0.076273,-0.055463,0.054699,-0.020341,-0.064734,-0.021874,0.049133,0.053522,0.013933,-0.037243,-0.038944,0.013693,0.009994,-0.035635,-0.047883,0.009859,0.013615,0.022503,-0.023478,0.069645,-0.046210,0.124316,0.030427,-0.026331,-0.024751,0.012032,0.055846,-0.062102,-0.054262,0.034438,0.036294,-0.026456,-0.071560,-0.020690,0.015053,0.040483,-0.005189,-0.024946,0.031354,-0.009425,0.027303,0.042354,-0.088200,0.053548,-0.125421,-0.016151,-0.044953,-0.089378,0.016875,0.065709,-0.012908,-0.022908,-0.010040,-0.090774,-0.110713,0.016416,0.001694,-0.015148,-0.029524,-0.014007,0.018246,0.022713
-0.035839,-0.043422,-0.019603,-0.038553,0.012960,0.012328,0.020132,-0.025956,-0.091465,0.001391,0.036294,0.021656,0.006841,0.002659,0.035221,0.036368,0.016377,-0.078394,-0.029708,-0.035406,-0.129813,-0.034517,-0.002405,-0.007197,0.005993,0.109380,-0.078985,0.010880,0.031266,-0.044780,0.072509,0.054488,0.049607,-0.002970,0.099769,0.122242,0.025721,-0.062171,0.054163,-0.063621,0.065044,-0.024577,-0.058777,-0.045739,-0.022877,-0.025517,-0.003302,-0.055126,-0.009393,-0.014067,-0.003567,-0.056717,-0.028807,-0.093554,-0.028421,0.011075,-0.084624,-0.002554,-0.059907,-0.023745,-0.060113,0.021791,-0.042271,0.026189,0.024915,-0.036086,-0.028157,0.022301,-0.017698,-0.006144,-0.014598,-0.031872,-0.010872,-0.003372,-0.010544,0.017476,0.066965,0.004534,0.005687,-0.041273,-0.002580,0.038773,-0.052458,-0.019198,-0.058664,-0.088488,0.046064,0.026687,-0.047956,-0.040378,0.044594,-0.036028,0.004915,0.066923,0.035890,0.002763,-0.053895,0.009091,0.059897,0.030127,-0.058579,0.054554,-0.035960,-0.069934,-0.059448,-0.068179,-0.103847,-0.012819,0.018853,0.006698,-0.023219,0.018638,0.007699,-0.033593,-0.053923,0.022616,-0.096096,0.033138,0.120346,-0.051740,-0.001801,0.036283,0.103789,-0.011387,-0.046535,0.062480,-0.058379,0.000000,-0.108177,-0.011899,-0.012552,0.096062,0.060408,-0.004869,-0.000891,0.010955,-0.014988,-0.005321,-0.038379,0.007792,-0.013474,0.026159,-0.007291,-0.080989,-0.078081,0.101722,-0.001865,-0.044917,-0.101415,0.032217,0.026050,0.051750,0.099083,-0.020110,0.048966,0.086795,0.078807,0.022453,0.014047,0.038058,-0.049001,0.074231,-0.057422,0.078619,-0.076336,-0.126978,0.024982,0.015698,-0.030363,0.009449,-0.023964,-0.030127,-0.061425,0.010850,-0.080849,-0.055629,0.118456,-0.049909,-0.003416,0.020049,-0.011562,-0.008244,0.025052,-0.062153,0.013822,-0.003198,0.054754,0.038552,-0.011166,0.038884,-0.051229,0.034854,0.111658,0.069263,0.072668,0.021076,-0.014773,0.049719,0.019369,-0.005330,0.029103,-0.041169,-0.010990,0.005279,-0.039107,0.061857,0.070932,0.025308,-0.025870,0.102822,0.048508,-0.059742,0.010447,-0.055222,-0.020277,-0.012844,0.012737,0.021636,-0.013593,-0.016667,-0.031980,0.015193,0.020218,-0.000000,0.001821,0.062378,-0.016318,0.029404,-0.059623,0.005488,-0.011952,-0.054107,0.039396,0.046779,0.042276,0.032768,0.000703,0.022961,-0.032782,0.012561,0.047494,-0.061521,0.096956,-0.058992,0.042755,-0.005180,0.007904,0.074683,-0.009706,-0.004831,-0.004352,-0.081069,0.026259,-0.031227,0.058661,-0.058579,-0.064210,0.079919,0.038005,0.017150,-0.029233,0.025969,0.057501,-0.033593,-0.029239,-0.022671,0.001102,0.020602,-0.048294,-0.078206,-0.052433,-0.054117,0.044245,-0.044666,-0.085494,0.041120,-0.010293,-0.112941,-0.114106,-0.013364,0.058202,0.060882,0.054739,-0.024833,0.130015,0.003264,0.043280,-0.047614,-0.029177,0.072517,-0.008452,-0.113374,-0.066305,0.004841,0.014920,-0.022109,-0.040476,-0.045997,-0.069415,-0.003677,-0.025415,-0.032144,-0.002145,-0.022298,0.042007,-0.005539,0.046392,0.070809,-0.016154,-0.006025,0.024084,0.017312,0.045400,0.051577,0.016712,-0.003959,0.021652,0.028658,0.023666,-0.000000,-0.028977,-0.050193,-0.073094,-0.019269,0.001554,0.014472,-0.038173,0.082298,0.004893,0.079980,0.043954,-0.065946,-0.180013,0.083565,0.006567,-0.047783,-0.076323,0.090135,-0.020803,-0.036798,-0.018359,0.087405,0.109980,0.046331,-0.037282,0.025257,0.036527,0.035570,0.080315,0.007209,0.027205,0.026882,0.015761,0.021085,-0.002318,-0.043621,0.048260,0.066933,0.018531,0.024404,-0.023683,-0.060839,-0.035816,0.008086,0.014751,0.066130,-0.146399,0.009705,-0.068417,0.020577,0.101394,0.039393,0.039530,0.050184,-0.021801,-0.023054,-0.118925,0.017195,0.129922,0.022762,-0.021612,-0.061517,0.103384,0.047291
0.022106,-0.069190,-0.034157,-0.041140,-0.054404,-0.009383,0.003496,0.001590,-0.090910,0.009673,-0.046270,0.051502,-0.012284,0.036986,0.041561,0.000148,0.083727,-0.154609,0.016327,-0.029783,-0.124297,-0.061222,-0.064140,-0.029390,-0.049963,0.033226,-0.009882,0.015392,0.039739,0.024278,0.003900,0.019548,0.077327,-0.008360,0.059753,0.128411,0.013739,-0.056569,0.001202,-0.005024,0.067789,-0.013222,-0.049424,-0.073616,0.040204,-0.046246,0.041946,-0.025759,-0.065236,-0.007188,-0.104366,-0.105716,0.022511,-0.042782,-0.048198,-0.096491,-0.006576,0.025504,-0.038622,-0.051516,-0.090827,0.009080,-0.014486,0.014209,0.076882,0.060768,-0.054566,0.054878,-0.039595,0.010965,-0.055410,-0.108166,-0.039063,0.057484,-0.062592,-0.036199,0.050776,0.041464,0.088133,-0.008719,-0.003855,0.045975,-0.067090,0.025171,-0.021732,-0.071907,0.018506,-0.010538,-0.010743,-0.034352,0.030685,0.025994,-0.029321,0.032975,0.075867,0.028462,0.058466,0.009627,-0.032937,0.002448,-0.007782,0.030531,0.000899,-0.026409,-0.111590,-0.015334,-0.073216,0.020627,0.043659,0.009224,-0.051832,0.049827,-0.032081,-0.088083,-0.003084,-0.056028,-0.051839,0.044282,0.048065,0.052465,-0.070004,0.010469,-0.011794,-0.017101,0.027202,0.064674,-0.042088,-0.000000,-0.109595,0.056089,0.015022,0.066742,0.013185,0.015410,0.025273,0.033069,0.004301,-0.030361,0.005088,0.024947,0.069585,-0.007325,0.041941,-0.080765,0.019200,0.075109,-0.006150,-0.073671,-0.048533,-0.012886,0.041541,0.036949,0.059525,-0.028012,0.094086,0.056617,0.113061,0.036386,0.104344,-0.002929,-0.070206,0.026251,-0.097113,0.093498,-0.077215,-0.105150,0.032284,-0.023834,-0.090485,0.013809,0.032143,-0.015451,-0.084081,0.014414,-0.035026,-0.041307,0.016225,-0.032535,-0.040485,0.034267,0.020195,0.029890,0.100653,-0.006157,0.063429,0.002491,0.021497,0.028276,-0.038868,-0.027928,-0.018246,0.071068,0.078197,0.028652,0.021564,0.018321,0.040968,0.072945,0.038780,-0.001733,0.092791,-0.012750,-0.097823,0.057649,-0.051037,0.019360,0.015835,0.071279,-0.049504,0.097898,0.054861,-0.009719,0.074291,-0.079575,0.017037,-0.020533,-0.044655,0.003059,-0.041280,0.011337,-0.006237,0.074873,0.013617,0.000000,-0.029450,0.018001,-0.035084,0.014920,0.043080,-0.014013,-0.011361,-0.110562,0.020170,0.165645,-0.024167,-0.034719,-0.020872,-0.000963,-0.046587,-0.026298,0.022346,-0.106609,0.059105,-0.047559,0.030919,0.001211,0.012463,0.099448,0.028065,0.012001,-0.125774,-0.092688,-0.003742,-0.017379,-0.044752,-0.025878,-0.098652,0.082387,0.011211,0.009007,-0.075905,0.070891,-0.000746,0.022797,0.040673,-0.027914,-0.010656,-0.000136,-0.054223,-0.074553,0.016010,-0.034796,0.030917,-0.031237,-0.049855,-0.018915,0.051792,-0.031657,-0.055059,-0.021420,-0.003607,0.008364,0.016440,-0.002121,0.082608,0.002188,0.012286,0.067856,-0.022606,0.014461,0.004490,-0.062864,-0.014412,-0.037706,0.042698,-0.038258,-0.020703,0.013622,-0.097444,0.026791,0.014459,0.004432,-0.013305,-0.033224,0.137287,-0.025999,0.074131,0.055397,-0.010893,-0.003357,0.053306,-0.020875,0.004314,0.038127,-0.046367,-0.043659,0.009422,0.002225,0.041012,-0.000000,-0.088459,-0.101626,0.008314,-0.049411,0.014811,-0.061509,-0.030689,0.034768,0.004206,0.148323,0.055170,-0.128473,-0.039641,0.080899,-0.011507,0.010648,-0.048406,0.042192,-0.040238,-0.025499,-0.021917,0.068169,-0.003486,0.037124,0.032743,0.004364,-0.009477,0.031773,0.027652,0.031811,-0.051133,0.009813,0.075228,-0.033342,-0.022377,0.001460,0.015862,0.028663,-0.045698,-0.045119,-0.042232,0.007086,0.054472,0.026771,0.044666,0.005850,-0.099263,0.064762,-0.000735,-0.033322,0.015854,-0.007897,0.084203,0.027099,-0.025267,0.003268,-0.050190,0.008493,0.040293,0.034089,0.038560,0.037301,0.099674,0.048834
0.048628,-0.063040,-0.024938,-0.042181,-0.002129,0.032888,-0.008029,-0.032755,-0.064370,-0.060785,-0.009278,0.023942,-0.013307,0.015394,0.120160,0.045836,0.055493,-0.043628,-0.029249,0.009515,-0.055183,-0.067537,-0.066980,0.019951,-0.020447,0.021366,-0.029951,0.110557,0.051090,-0.046710,0.052900,0.021321,0.083214,0.008789,0.015666,0.070104,0.012007,-0.033693,0.039562,-0.071424,0.066080,-0.061360,-0.067931,0.002177,-0.003725,-0.049744,0.045868,-0.010174,-0.032822,0.039265,0.020288,-0.077786,-0.036182,-0.105748,-0.080112,0.002707,-0.028800,0.003208,-0.011511,-0.038458,-0.046826,0.020562,-0.035742,0.011289,0.090348,-0.037724,-0.075210,0.090773,0.005564,-0.050038,-0.008307,-0.057767,-0.018668,0.010466,-0.051710,0.048327,0.064457,-0.016043,0.050559,-0.043758,0.025263,0.009765,-0.027608,-0.081355,0.011424,-0.072386,-0.041055,-0.051487,-0.058712,-0.102841,0.044571,-0.035187,0.006968,0.067258,0.105757,0.047529,-0.069069,-0.062716,0.041193,0.030050,-0.037167,0.054077,-0.066899,-0.056994,-0.069102,-0.054094,-0.066450,0.054985,0.003711,-0.072402,-0.045088,0.039830,0.048902,-0.018035,-0.019492,-0.009695,-0.054548,0.023299,0.093206,-0.060854,-0.030080,0.009993,0.087490,-0.051668,0.040776,0.000898,-0.073635,-0.000000,-0.104464,0.035793,-0.029201,0.014437,0.066121,0.001105,-0.053422,-0.035270,0.014764,-0.011180,0.061328,0.058044,0.066968,-0.001527,-0.036880,-0.098549,0.010082,0.096584,0.044849,-0.064685,-0.057519,0.032331,0.030059,0.031331,0.002421,-0.053469,0.073005,0.076508,0.120775,0.026411,0.059288,-0.000159,-0.087102,0.025938,-0.051084,0.134418,-0.086699,-0.120851,0.008072,-0.032594,-0.020244,-0.002414,-0.050352,-0.051013,-0.100796,0.012198,-0.025346,-0.043194,0.008995,-0.048691,0.004221,0.002810,-0.053569,0.002768,0.081777,-0.084267,0.009485,-0.024970,0.031382,-0.033163,-0.007488,-0.006035,-0.063863,0.035884,-0.003070,0.041502,0.107089,0.020420,-0.034433,0.078641,0.034353,-0.042184,0.069181,0.006445,-0.079127,-0.007311,-0.070625,0.035946,0.083799,0.046787,-0.017017,0.087947,-0.037249,0.001095,0.103872,-0.003195,0.046744,-0.074877,-0.008270,-0.005196,-0.086053,0.008294,0.000631,0.072862,0.026560,-0.000000,-0.068048,0.082963,-0.005641,0.034782,-0.048410,0.008258,0.087912,-0.111170,0.030669,0.131202,0.004664,0.014759,-0.041393,-0.021534,-0.000930,-0.035369,0.057641,-0.018372,0.078588,-0.015566,0.038774,0.003609,-0.031795,0.101085,0.064584,0.030069,-0.048330,-0.034069,-0.052424,-0.061358,-0.032435,-0.082085,-0.029579,0.021268,0.008618,0.020128,-0.000041,-0.006462,0.010632,0.036409,-0.017906,-0.050150,-0.015663,-0.004688,-0.039069,-0.011590,0.039478,-0.043664,0.013899,-0.013461,0.010256,0.000034,-0.029538,-0.074568,-0.093002,-0.023761,0.084619,0.053391,0.015184,0.024608,0.073650,0.016336,-0.010850,0.002556,0.019685,-0.018767,0.003071,-0.071742,-0.070370,0.005125,0.013270,0.005111,-0.016195,-0.035534,-0.090417,0.043788,0.036374,-0.060439,-0.042131,-0.069451,-0.006814,-0.007682,0.076347,0.008943,0.044014,-0.056009,-0.024765,0.079590,0.031893,-0.006585,-0.000232,-0.025712,0.043442,-0.005418,0.012318,-0.000000,-0.032375,-0.071432,-0.009590,0.004260,-0.010701,0.022589,-0.071461,-0.012075,0.022828,0.070992,0.051217,-0.083215,-0.094954,0.051632,0.050896,0.001423,-0.096711,0.026870,-0.029178,-0.020764,0.027426,0.091370,0.049664,0.076584,-0.002815,0.047726,-0.004228,0.015930,0.019998,0.008492,0.066519,0.017793,0.064807,0.037044,-0.000580,-0.018752,0.014482,0.100147,-0.057999,0.059642,-0.038056,-0.077886,-0.028837,0.071549,-0.005063,0.002521,-0.109578,0.047279,-0.046093,-0.028696,0.074153,-0.005277,0.095206,0.018760,0.054761,0.001630,-0.057049,0.039781,0.080865,0.057397,0.045850,-0.073356,0.065375,-0.019608
-0.066821,0.043276,-0.035784,0.023139,0.039484,0.016121,-0.004155,0.016283,-0.094793,-0.002801,0.037770,0.092372,-0.009589,0.032944,0.025647,-0.015208,0.068240,-0.071799,-0.013034,-0.000009,-0.098584,-0.021285,0.013553,0.001973,-0.026084,0.078412,-0.040661,0.001313,0.043357,-0.045785,0.057358,0.035547,0.060667,0.009296,0.138999,0.096929,0.043697,-0.082034,0.039315,-0.066758,0.060361,-0.021056,-0.084139,0.015518,-0.011279,-0.055504,-0.018475,-0.034336,-0.034708,-0.010200,-0.013754,-0.060285,-0.055227,-0.114883,0.013088,-0.022329,-0.002059,0.007113,-0.064152,-0.010138,-0.070482,0.014150,-0.081229,0.001236,0.012080,0.061879,-0.032270,0.055551,-0.018669,-0.063566,-0.054362,0.020175,0.040817,0.042562,0.020314,-0.029462,0.070908,-0.060276,0.013733,0.060432,-0.013096,0.048413,0.021942,0.034894,-0.073568,-0.094225,0.016672,-0.019968,-0.034647,-0.053890,0.066739,-0.029700,-0.028159,0.033900,0.001203,0.043839,-0.033272,-0.028946,0.046312,0.019116,-0.004666,0.017810,-0.042681,-0.048540,-0.017314,-0.076473,-0.069878,0.000308,0.002300,0.007395,-0.040048,0.024504,-0.035667,-0.063825,-0.078135,-0.025961,-0.017128,-0.007511,0.100461,-0.072037,-0.036840,0.057990,0.047389,-0.067120,-0.030689,0.056294,0.000600,-0.000000,-0.136215,0.026625,-0.007127,0.022385,0.044508,0.013301,0.007232,-0.039187,0.013022,-0.004365,-0.038045,0.029724,-0.027408,0.123061,-0.005152,-0.027132,-0.048019,0.121932,-0.010544,-0.008072,-0.131972,-0.073205,0.071029,0.010729,0.035460,0.043636,0.018391,0.052150,0.075001,-0.000160,0.025690,0.001457,0.037568,-0.019934,-0.106518,0.053578,-0.099822,-0.076610,0.033350,0.058127,-0.060176,0.042030,0.033883,0.052874,-0.053663,0.034541,-0.046106,-0.030873,0.031783,-0.087691,-0.043546,-0.003707,-0.003802,0.035452,-0.012214,-0.100206,0.087191,-0.037821,0.034186,-0.036984,0.012245,0.043434,-0.002948,0.068367,0.068846,0.025863,0.044873,-0.000800,-0.032617,0.036327,0.038363,0.052509,0.065296,-0.063936,0.008614,0.034225,0.004850,0.044119,0.079619,-0.050801,-0.040422,0.048220,-0.015413,-0.053025,-0.016538,-0.058365,-0.048686,-0.007003,0.017855,0.006585,-0.026584,-0.014715,-0.003105,0.011626,-0.006001,-0.000000,0.004768,0.038816,-0.017246,0.038432,0.002238,0.031681,-0.000276,-0.028291,0.061881,0.085247,0.017736,0.011625,0.013404,0.060565,-0.014633,0.007170,-0.039666,-0.013205,0.078101,-0.075751,0.029658,-0.014704,0.014566,0.116288,0.057797,-0.007859,-0.034789,-0.038745,0.026923,-0.012874,-0.016188,-0.073869,0.027897,0.061196,0.093281,0.046185,-0.012542,0.056597,0.070368,0.038501,-0.033775,0.016138,-0.030742,0.029297,-0.062437,-0.106998,-0.023089,-0.066014,0.119167,-0.032376,-0.092595,0.020309,0.052024,-0.055191,-0.096309,0.017552,-0.066612,0.055104,-0.062600,0.021425,0.067601,0.019876,0.023835,-0.047274,-0.011676,0.051917,0.027515,-0.137955,-0.067129,0.032824,0.073657,-0.000878,0.008266,-0.036241,-0.050643,-0.001497,-0.016435,0.051534,0.022383,0.044608,0.071938,0.002474,-0.003572,0.062089,0.013308,-0.035857,-0.006780,-0.002995,-0.034533,0.028918,0.017038,0.074253,0.002745,0.035764,0.047090,-0.000000,-0.057295,-0.093660,-0.025875,-0.041415,-0.006753,0.005796,0.031205,-0.032258,-0.008757,0.036458,0.038721,-0.142761,-0.136003,-0.021288,0.021215,-0.010964,-0.033811,0.067785,-0.034676,-0.068471,-0.039340,0.051979,0.110679,-0.041089,-0.050187,0.020074,0.068493,0.043759,0.064497,0.000934,0.020544,0.013993,0.059101,0.042276,-0.020937,-0.049854,0.076520,0.038626,0.010391,0.029890,-0.034897,-0.076914,-0.062691,-0.019249,0.013464,0.032327,0.011697,0.055234,-0.088891,0.089395,0.069350,-0.047495,0.029675,0.056169,-0.052596,0.001258,-0.089614,0.027412,0.134097,0.050603,-0.015167,-0.084060,0.128395,0.051660
0.015552,-0.042748,-0.001993,-0.016829,0.043587,0.020617,0.007251,0.035507,0.011348,-0.073013,0.073892,0.041873,0.021330,0.004746,0.081905,-0.042755,0.067052,-0.041944,-0.016936,0.016117,-0.007354,-0.023629,-0.036961,0.028718,-0.096019,-0.006229,-0.032607,-0.065582,-0.061115,-0.027318,-0.000946,0.059694,0.069925,0.020193,-0.001793,0.032388,0.001311,-0.017161,0.048141,0.001903,0.037923,-0.126873,-0.110170,0.009164,0.084227,-0.074154,0.032420,0.051153,-0.026577,0.000141,-0.113636,0.004380,0.015044,0.022798,-0.007352,-0.022898,-0.088986,-0.073252,0.008586,0.019023,0.042012,-0.068831,-0.001732,0.052177,0.020988,0.016114,-0.033248,0.024830,-0.054942,-0.110285,0.019174,-0.103048,0.071455,0.041413,-0.000867,-0.000869,0.027870,-0.006957,0.071935,-0.012642,0.095945,-0.114436,-0.058392,0.009298,-0.054085,-0.036894,0.018268,-0.046607,-0.068336,-0.009428,-0.036922,-0.024749,-0.055393,0.030633,-0.072898,-0.055083,-0.071261,-0.051405,0.046013,0.015785,0.007507,0.029891,0.032632,-0.005460,-0.118583,-0.137876,-0.017321,0.057040,0.039958,0.079564,-0.085506,0.028565,-0.053262,-0.020106,0.019176,-0.044658,-0.004764,-0.058220,0.087225,-0.011868,-0.019530,0.029680,-0.027204,-0.032085,-0.020604,0.016772,-0.005386,0.000000,-0.125400,0.026653,0.031146,-0.027558,-0.033633,0.067647,-0.051880,-0.035412,0.007340,0.007754,-0.041683,0.045046,-0.068387,0.135183,0.048718,0.019373,-0.077464,0.047837,0.038753,-0.001953,-0.087541,0.055270,-0.006455,0.104901,-0.014180,-0.011532,-0.057571,0.029902,0.073118,0.015272,0.048410,0.010470,0.034296,-0.070243,-0.099933,0.046145,-0.032794,-0.020236,0.062780,-0.034044,-0.062650,0.054626,0.007801,0.067079,-0.020735,0.104305,-0.012378,-0.035799,-0.048342,0.019906,-0.038368,0.008900,-0.054039,-0.005243,0.037393,-0.006883,-0.026068,-0.102759,-0.042435,-0.053641,-0.011764,0.013682,-0.031205,-0.104866,-0.053268,0.040656,0.058541,-0.008322,-0.039515,0.086832,0.052671,0.038707,-0.032335,-0.058968,0.040988,-0.011486,-0.005190,0.039187,0.034027,0.085961,-0.009288,0.027067,0.075181,0.051524,0.013779,-0.028404,0.026310,-0.024580,0.024877,-0.036854,-0.041034,0.034264,0.032012,0.115074,-0.039344,-0.000000,0.012584,0.022432,-0.065565,0.121919,-0.087508,-0.025305,-0.045651,0.027475,0.076668,0.007407,-0.048144,0.064295,0.018105,0.011323,-0.065156,-0.007173,0.102837,0.001521,-0.020574,-0.066839,0.032858,0.113506,-0.012047,0.089672,-0.020013,0.046564,-0.049041,-0.007074,0.026939,-0.064243,-0.019104,-0.063707,0.117959,0.016938,0.021444,-0.016302,-0.037604,-0.041020,-0.009808,0.018176,0.056951,-0.053485,-0.068478,0.044285,-0.035212,-0.018612,0.015682,0.000392,0.082930,0.039099,0.042158,0.037926,-0.036740,-0.013659,-0.086035,0.050456,-0.018226,0.046329,-0.029709,0.007854,0.036188,0.027203,-0.043096,-0.059482,-0.023618,0.007571,0.053450,-0.019905,0.008632,-0.042205,0.111733,0.027452,-0.053557,-0.033903,-0.119087,-0.066379,-0.051980,-0.000685,0.002307,-0.002070,-0.029779,-0.004598,0.014550,0.076286,-0.024493,-0.039514,0.029391,-0.097902,-0.071353,0.034302,-0.081122,0.055203,-0.077435,0.007904,-0.003654,-0.000000,0.051406,-0.088551,0.052758,0.044546,0.008565,0.006801,0.003695,0.043529,0.069358,0.117885,0.023342,0.039438,-0.078168,0.011851,0.068760,0.066342,-0.011579,0.014142,-0.026744,-0.046623,-0.042549,0.079282,0.061379,-0.022722,0.006907,-0.000358,0.026194,-0.042308,0.005190,-0.005050,0.020717,-0.017310,0.082729,0.015567,0.002121,0.000855,-0.043348,-0.000609,-0.036835,-0.044554,-0.011306,-0.082184,-0.060395,0.021092,-0.032744,-0.079818,0.033655,0.095759,0.015771,0.073721,-0.047587,0.026711,0.015530,-0.011283,-0.075965,-0.065901,0.006838,-0.031259,0.009476,0.081822,0.083462,-0.040390,0.075004,0.061869
-0.049238,0.042584,-0.002574,-0.048788,0.014686,0.016034,0.065137,0.036183,-0.071340,0.019274,0.006829,0.040692,0.004465,0.020112,0.007152,-0.031666,0.102519,-0.050959,-0.040459,0.031013,-0.087238,0.024144,-0.003463,0.036270,-0.095772,0.091524,-0.029997,-0.006074,0.067963,-0.019512,0.090434,0.016753,0.064028,-0.048685,0.035561,0.132095,0.031797,-0.069098,-0.024146,-0.032958,0.046555,-0.041161,-0.094700,-0.021557,0.037132,-0.023142,0.037328,-0.064384,-0.025501,-0.024637,-0.057645,-0.073570,-0.044647,-0.067649,-0.038610,-0.067734,-0.039118,-0.026644,-0.106312,-0.031846,-0.046071,0.001270,-0.049997,0.065609,0.028728,0.017465,-0.024778,0.014854,0.012338,-0.022074,-0.064230,-0.061007,0.070328,0.044466,-0.029392,0.012468,0.060720,-0.068403,0.049776,-0.015376,0.035430,-0.005386,-0.009647,0.030270,-0.022869,-0.057564,0.023338,-0.002568,-0.074259,-0.109921,0.048096,-0.009482,0.049840,-0.021627,0.065085,0.000702,-0.043824,-0.001032,0.032840,0.010303,-0.027439,0.029165,-0.089643,0.002522,-0.046367,-0.086071,-0.079386,-0.000200,0.070474,0.032770,-0.072876,0.057094,-0.034810,-0.061093,-0.060477,0.011744,-0.053140,-0.023114,0.087772,-0.025713,-0.043371,-0.033342,0.066054,-0.087809,0.043926,0.066905,0.016676,-0.000000,-0.128216,0.015825,0.049560,-0.008228,0.041274,0.049270,-0.006747,-0.044157,0.081442,-0.004704,-0.038159,0.009656,-0.019540,0.077905,0.003904,-0.056061,-0.092252,0.099838,0.008433,-0.017490,-0.091800,-0.054816,0.060339,0.070579,0.105809,-0.029355,0.059631,0.051078,0.113788,0.023551,0.010872,0.046353,-0.058414,-0.016962,-0.092401,0.050467,-0.128376,-0.093600,0.017551,-0.016725,-0.021440,-0.010945,0.050012,0.011706,-0.029449,0.014565,-0.073431,-0.039976,0.017457,-0.064048,-0.035660,0.030060,0.009991,-0.040259,0.018825,-0.086142,0.044623,0.016441,0.019672,0.040512,-0.033310,0.003249,-0.013934,0.017200,0.097771,0.008057,0.033197,-0.028531,-0.012213,0.063245,0.015020,0.034459,0.036691,-0.013819,-0.072398,0.000075,-0.041428,0.059377,0.002012,-0.012756,-0.064938,0.065997,0.007739,0.026014,0.015056,-0.100572,-0.008401,0.009988,-0.019463,-0.036157,-0.018686,0.005293,-0.006986,0.066027,-0.029860,-0.000000,0.012380,0.025865,-0.001093,0.073507,0.032062,0.014885,-0.010815,-0.057411,0.080803,0.119908,0.040772,0.033158,0.000995,0.007975,-0.021541,0.046717,-0.046297,-0.086001,0.055185,-0.019634,0.031805,0.063644,0.012973,0.071081,-0.004798,0.030911,-0.031290,-0.032163,0.044120,-0.077752,-0.032853,-0.004097,-0.054039,0.003670,-0.004071,0.022272,-0.023980,-0.002200,0.022555,0.026636,0.043281,-0.027382,0.012834,0.024973,-0.036022,-0.075125,-0.036855,-0.074668,0.068711,-0.044139,-0.033501,-0.002933,0.021510,-0.000151,-0.079769,-0.000059,-0.021215,0.002538,0.039340,0.011063,0.134826,0.020261,0.025190,-0.023008,-0.044614,0.057412,0.054352,-0.070713,-0.026972,0.017566,0.068576,-0.032952,-0.004713,-0.029260,-0.077044,-0.036823,-0.053538,-0.026480,-0.042308,-0.011042,0.077948,-0.057641,0.001692,0.092698,-0.019655,-0.045805,0.019148,-0.014248,-0.000690,0.017209,-0.030947,0.008932,-0.047925,0.064748,0.011654,-0.000000,-0.000464,-0.129376,0.015557,-0.043993,-0.043065,-0.026524,-0.090168,0.022693,0.019867,0.094161,0.052214,-0.060240,-0.102580,0.051143,0.002771,0.016297,-0.103299,0.112024,-0.051706,-0.077758,-0.022296,0.046279,0.081447,0.033439,-0.007572,0.036655,0.061621,0.017378,0.095071,0.056885,-0.030756,0.037301,0.111207,0.007747,-0.074030,-0.022691,0.059859,0.000828,0.021186,0.012775,-0.022726,-0.073465,-0.068421,0.024246,-0.006696,0.008713,-0.019254,0.059402,-0.069236,0.029351,0.080204,-0.022708,0.061640,0.056592,-0.069144,0.037022,-0.040013,-0.021724,0.136693,0.049470,-0.023758,-0.022888,0.150651,0.017923
-0.010616,-0.072707,-0.041562,-0.076867,0.052738,0.029718,0.005948,0.050152,0.004308,-0.032030,-0.055075,0.056474,-0.036068,-0.004415,0.073577,-0.053312,0.050975,-0.063078,-0.053094,-0.049275,0.024986,-0.041562,-0.057520,0.006381,-0.097989,-0.014234,0.006447,-0.007096,0.051753,-0.009783,-0.006976,0.058770,0.089919,-0.014869,0.016721,0.024791,-0.051889,-0.018240,-0.034995,-0.009197,-0.019956,-0.125549,-0.092447,0.047250,0.029813,-0.026579,0.070119,-0.003227,-0.017256,-0.050978,-0.110200,-0.045818,-0.049888,-0.079555,0.003687,-0.091932,-0.063868,-0.068087,0.052573,0.018971,0.077229,-0.077761,-0.013227,0.026762,0.028020,-0.024376,-0.043229,0.059942,-0.017385,-0.045342,0.002600,-0.065523,-0.017846,0.032430,-0.006118,-0.031148,0.031277,0.034115,0.046966,-0.038650,0.034667,-0.015432,-0.056924,0.017666,-0.024573,-0.031677,-0.032412,-0.049763,0.005522,-0.015913,0.010879,-0.014163,-0.010169,0.002787,-0.056363,0.069739,-0.008471,-0.070928,0.093029,0.037652,0.016554,-0.003499,-0.023246,0.007010,-0.085604,-0.039876,-0.048122,0.050395,0.072841,0.139834,-0.095003,-0.034383,-0.028893,-0.043659,-0.020855,0.032572,-0.051648,0.004597,0.075789,0.078561,-0.020783,-0.007213,-0.019465,-0.101731,-0.015119,0.057538,-0.095949,-0.000000,-0.079949,0.031523,-0.076890,0.043308,-0.098993,0.013775,0.005621,0.006818,-0.076251,0.002978,-0.046327,0.028190,-0.031860,0.124915,0.117807,-0.072954,-0.041315,0.040019,0.073365,0.006642,-0.043980,-0.026539,0.043179,0.051832,0.080296,-0.049104,0.025100,0.000261,0.074236,0.026468,0.070854,-0.006501,0.027090,0.000964,-0.068923,0.100386,-0.014239,-0.087264,0.076855,0.038351,-0.044356,0.003663,-0.075363,0.027002,0.000098,0.063054,-0.078911,-0.005097,-0.004260,-0.018869,-0.035646,0.089919,-0.028247,-0.058676,0.051383,-0.003617,-0.081632,-0.058568,-0.004549,0.069728,-0.091310,0.024843,-0.051563,0.054533,-0.024931,0.063089,0.087304,0.027255,0.034654,0.047704,-0.001041,-0.057066,0.019287,-0.015784,0.026418,-0.024380,-0.040061,0.065741,0.039323,0.002289,-0.082545,0.074506,-0.032051,0.050619,-0.018534,-0.040071,-0.010873,0.004201,0.012188,-0.035842,-0.098008,0.057766,-0.062903,0.072278,0.061799,-0.000000,-0.017216,0.001042,-0.071621,0.053594,0.024358,0.017621,-0.108841,-0.056361,0.033110,0.072085,-0.031636,-0.058647,-0.004340,0.033921,-0.107335,-0.056681,0.008512,-0.039547,0.027508,-0.009924,0.045322,0.096113,-0.006973,0.048911,-0.006006,0.019744,-0.115549,-0.027274,0.046119,0.013020,-0.055505,-0.029264,-0.024768,0.090557,-0.030428,0.032904,0.045938,-0.040463,0.014929,-0.050342,0.070030,-0.068622,0.048980,0.030930,-0.025797,0.027719,0.041293,-0.056880,0.081819,-0.036528,0.054511,0.039378,0.030432,-0.033184,-0.098566,-0.002477,0.032660,0.013914,-0.011762,0.059121,0.135024,0.064759,0.023496,0.035218,0.064378,0.027939,0.051914,-0.059167,-0.025160,-0.061922,0.027765,-0.037106,-0.055885,0.005902,-0.082520,-0.018761,-0.040093,-0.027688,-0.058715,0.014376,0.009802,0.063488,0.051038,0.065113,-0.011891,0.018597,-0.037117,-0.027263,0.028543,-0.012801,-0.056217,0.007938,-0.094010,0.093029,-0.015525,-0.000000,-0.023753,-0.065456,0.045083,0.024690,-0.031187,-0.000662,-0.100542,0.090884,0.035409,-0.013183,0.005055,0.027819,-0.033137,0.091032,0.050561,0.040700,-0.051020,0.057380,-0.019583,0.029593,0.039443,0.130944,0.068628,-0.027808,0.004519,0.011644,0.088860,-0.011051,0.019156,0.034523,-0.022927,0.005116,0.106112,-0.015474,0.023662,-0.002916,-0.019414,0.009771,-0.025215,-0.045878,-0.051456,0.013733,-0.032290,0.027172,0.009034,-0.035239,-0.083099,0.037073,0.054994,-0.064108,-0.026836,0.012676,0.065883,-0.027607,-0.027558,0.048082,-0.014267,-0.030240,0.019254,-0.001630,0.034802,-0.017244,0.123080,0.059445
0.055987,-0.041758,-0.000599,-0.031027,-0.050374,0.032803,-0.023459,-0.044198,-0.083710,-0.062110,0.002011,0.044251,-0.029657,-0.040280,0.064171,0.016420,0.047215,-0.100747,-0.032292,0.009746,-0.117633,-0.063697,-0.053475,0.057253,-0.043823,0.003057,0.027913,0.084146,0.019999,-0.000522,0.011606,0.011436,0.099863,-0.001595,0.018559,0.120404,0.018710,-0.021259,0.013809,-0.050529,0.085968,-0.019900,-0.019866,-0.007882,0.020027,-0.017211,0.067419,-0.007763,-0.068867,0.034892,-0.061046,-0.074071,0.025073,-0.047035,0.006147,-0.015331,0.009892,0.025776,-0.021733,-0.007472,-0.016881,0.007367,-0.091216,-0.033256,0.040551,0.033132,-0.096140,0.104211,0.031161,-0.045509,-0.043682,-0.079375,-0.099589,0.057891,-0.077733,0.056400,0.063282,-0.022927,0.031007,-0.074000,0.023628,-0.026435,-0.013845,-0.056774,0.001671,-0.097441,-0.001813,-0.084557,-0.032796,-0.052430,0.037999,-0.003269,0.003121,0.013203,0.065762,0.054291,-0.043293,-0.015155,-0.034831,0.038977,-0.027814,0.100265,-0.065548,0.034352,-0.055621,-0.010783,-0.038601,0.077997,-0.002950,-0.034529,-0.039234,0.032719,0.006099,0.003274,0.011081,-0.064985,-0.045440,0.029457,0.072616,-0.013263,0.002680,0.060342,0.033252,-0.052197,0.015091,-0.004365,-0.044032,-0.000000,-0.074649,0.030669,-0.019685,0.039105,0.058286,0.028708,-0.057997,-0.006307,0.033262,0.077144,0.054514,0.073834,0.082522,-0.040101,-0.048378,-0.051269,-0.003997,0.097026,-0.043667,-0.047913,-0.025017,0.039898,0.008832,0.037210,0.036687,-0.097372,0.048217,0.090190,0.146834,0.035208,0.049423,0.043046,-0.025334,0.006265,-0.047407,0.092319,-0.098497,-0.103599,-0.021863,-0.051142,-0.034465,-0.014274,-0.016380,0.027275,-0.095633,-0.019649,-0.064310,-0.088870,-0.039574,0.018171,-0.017257,0.006622,-0.060507,0.045716,0.033485,-0.061733,0.092894,0.013340,0.000059,-0.040789,0.034939,0.026974,-0.040569,-0.003483,0.018094,0.029245,0.043450,0.011793,-0.013575,0.076945,0.085434,0.029244,0.014341,0.006597,-0.136482,0.009583,-0.111048,0.011317,0.050100,0.036476,0.007989,0.051667,-0.004380,-0.017562,0.021446,-0.025186,0.041430,-0.085351,0.040478,0.019764,-0.080901,0.018154,0.043501,0.097415,0.009050,0.000000,-0.033748,0.049169,0.016956,0.041591,-0.009464,0.006460,0.066388,-0.078592,0.045014,0.149207,-0.002533,-0.001520,-0.006869,0.025229,0.089172,-0.012027,0.139838,-0.033877,0.062599,-0.067985,0.047140,-0.041162,-0.052117,0.114114,0.019508,0.026371,-0.056562,-0.113989,-0.077550,-0.060990,-0.074582,-0.027742,-0.042932,0.015642,0.003239,0.042745,-0.124082,-0.020126,0.028861,0.010299,0.030666,-0.022646,0.012945,-0.015592,-0.019842,-0.024790,0.015156,-0.067008,0.033894,0.003241,-0.056426,0.000763,0.026945,-0.015748,-0.069579,-0.033461,0.040325,0.093416,-0.017812,0.024583,0.076342,-0.006873,0.041905,0.045808,0.024450,-0.032219,0.009583,-0.109377,0.042788,0.002271,0.022212,-0.010227,-0.037421,0.024933,-0.102142,0.033431,-0.028344,-0.078769,-0.046869,-0.069521,0.060766,0.002929,0.061477,0.029025,0.015040,-0.023237,0.003601,0.065121,0.041176,0.035067,0.030486,-0.086275,-0.025720,-0.060044,0.025865,-0.000000,-0.041204,-0.085848,0.027523,-0.011461,0.032237,0.004638,0.000445,0.023062,-0.033864,0.129187,0.009111,-0.059974,-0.102060,0.047376,0.024149,-0.006954,-0.038030,-0.020951,-0.021417,0.029211,-0.011905,0.081658,0.011593,0.065771,-0.012896,0.023553,-0.006513,0.034173,0.043173,-0.011755,0.040248,-0.002439,0.107374,-0.046203,-0.016238,0.008028,0.019403,0.052468,-0.057735,0.031405,-0.016468,-0.050239,-0.002699,0.067585,0.020868,0.046019,-0.013755,0.085281,-0.052784,-0.033112,0.064115,-0.023417,0.072457,-0.002932,-0.010599,-0.047019,-0.067249,0.051345,0.092494,0.000466,0.011219,-0.002519,0.060812,-0.011231
-0.002772,0.052654,-0.032084,-0.051067,0.031106,0.022268,0.038908,-0.007942,0.009944,-0.085076,-0.007316,0.063840,-0.007412,-0.026259,0.021104,-0.088054,0.038398,-0.016829,-0.053851,-0.023305,-0.042388,0.000168,0.024361,0.065247,-0.110093,0.015510,-0.015854,0.014548,0.037475,-0.043737,0.002427,0.063027,0.081157,-0.013506,-0.022007,0.104846,0.001115,0.021746,0.053537,-0.034524,0.004845,-0.097537,-0.079482,0.004551,0.044405,-0.052646,0.006990,0.061937,-0.042991,0.055147,-0.096428,-0.098748,0.030418,-0.059437,0.001085,-0.038161,-0.072116,-0.057823,0.018123,0.024699,0.028723,-0.051249,-0.060698,0.117296,0.035796,-0.009962,-0.028520,0.026563,-0.069489,-0.056968,0.032947,-0.146442,0.070124,0.054507,0.034926,0.041270,-0.015674,0.041165,0.031797,-0.084636,0.062311,-0.043122,-0.030449,0.070274,-0.005456,-0.060651,-0.022250,-0.037365,-0.032476,0.016313,0.049715,-0.109069,0.065839,-0.055997,-0.015555,-0.009067,-0.042726,0.008325,0.060980,0.002127,-0.064395,0.006292,-0.057541,0.047468,-0.038929,-0.083201,-0.040655,0.001435,0.100830,0.112852,-0.055602,0.093161,-0.031431,-0.031541,0.021210,-0.015548,-0.028993,-0.003919,0.085155,-0.058581,-0.068897,0.068753,-0.003206,-0.103636,0.014466,0.036957,-0.091381,-0.000000,-0.080422,0.100622,0.001230,0.050854,-0.022669,0.027192,-0.024490,-0.063627,-0.018816,0.062130,-0.031266,0.066255,0.028354,0.042724,0.009255,0.040811,-0.087053,-0.007967,-0.073732,0.039621,-0.056909,-0.010167,0.036715,0.069548,-0.048752,-0.015304,0.020716,0.030718,0.085309,0.048075,0.030969,-0.021373,0.061627,-0.023958,0.020613,0.101859,-0.055450,-0.093863,0.039148,0.024549,-0.023462,0.005642,-0.043900,0.060164,0.007487,0.106657,0.019368,-0.089766,0.019316,0.011580,-0.062242,0.002828,-0.000927,-0.031939,0.005998,0.004609,-0.048473,-0.069449,-0.036405,-0.038558,-0.043998,0.041072,-0.026375,0.024225,0.038775,0.081577,0.014637,0.023309,0.007273,-0.009397,0.050182,0.037968,-0.015558,0.015009,-0.110757,-0.010202,-0.058610,0.044252,0.020598,0.067607,-0.028867,0.035099,0.056903,0.005676,0.029276,-0.051450,0.107462,-0.004026,0.027626,-0.005639,-0.090965,0.025881,0.019244,0.095742,-0.011521,0.000000,0.002598,-0.020088,0.012506,0.034732,0.007345,-0.027374,-0.039168,-0.014239,0.061529,-0.001733,-0.036870,-0.001130,-0.077182,-0.003957,-0.016163,-0.048761,0.035500,-0.012423,-0.046934,-0.025459,0.082075,0.026914,-0.032842,0.110205,-0.049576,0.047446,-0.021451,-0.039427,0.012796,-0.037417,-0.012314,0.051959,-0.000905,0.078049,-0.035010,-0.004396,-0.028948,0.020920,-0.009684,-0.030298,0.043964,-0.014266,-0.083986,0.019729,0.006515,-0.072579,0.026536,-0.056994,-0.019368,-0.013172,0.020189,0.004922,-0.005914,0.012467,-0.098644,0.050188,0.041664,-0.000797,0.027672,0.029920,0.104355,0.050714,0.003482,-0.013312,0.002965,-0.000467,0.007344,0.037817,-0.003792,-0.041706,0.036358,-0.048433,-0.075523,-0.044703,-0.131627,-0.015680,-0.053767,-0.039846,-0.097443,-0.004183,0.031451,-0.055215,-0.037239,0.138013,0.036865,0.020878,0.026751,-0.076116,-0.082146,-0.013598,-0.058445,0.010054,-0.072916,0.050011,-0.051241,-0.000000,-0.025655,-0.098678,0.048908,0.020439,-0.005414,-0.016168,-0.091666,-0.023042,-0.005479,0.081352,0.008548,0.015824,-0.090795,0.036699,0.031767,0.020171,-0.041555,0.115195,-0.065595,0.036538,-0.053343,0.046576,0.083202,-0.035945,0.021744,0.006514,0.019468,-0.019452,0.081701,0.085972,-0.043225,0.035765,0.093773,-0.023470,-0.054814,-0.042680,0.044959,-0.056198,0.046302,-0.034497,-0.039561,-0.012660,0.025629,0.070148,-0.063070,-0.050934,0.001377,0.153132,0.022865,0.019023,0.006012,0.043187,0.025702,0.018527,-0.040826,-0.032105,-0.002622,0.009868,0.005650,0.036589,0.020705,-0.068197,0.149633,-0.008940
-0.094859,-0.063980,0.008028,-0.036754,-0.054140,0.010433,0.071479,-0.018943,-0.056025,-0.086677,0.014863,0.019952,0.031619,0.004262,0.034210,-0.000477,0.072541,-0.065531,-0.037419,-0.077371,-0.093833,-0.065087,-0.014992,0.044379,-0.053008,0.005587,-0.020289,0.057369,-0.015589,-0.082908,-0.036076,0.034427,0.085619,-0.017763,0.010668,0.099179,-0.027148,-0.106962,-0.028948,-0.050581,0.024258,-0.082695,-0.055107,-0.006793,0.021019,-0.055739,0.101846,-0.035715,-0.004611,-0.034789,-0.070758,-0.096145,0.060341,-0.066904,-0.066650,-0.004238,-0.054339,-0.013975,0.016195,-0.029866,0.075634,-0.059231,-0.055292,0.073319,0.033112,-0.004861,-0.067317,-0.004627,-0.118558,-0.088735,-0.049578,-0.049415,0.031340,0.063732,0.022465,0.040972,0.037185,-0.016695,0.058101,0.033418,0.071047,-0.028164,-0.036418,0.052835,-0.039126,-0.059224,0.038505,-0.028281,-0.019088,-0.052711,0.033273,0.045504,0.018928,-0.043685,-0.004846,0.027628,-0.010082,0.004762,0.018414,0.020230,0.008373,0.038259,-0.014789,-0.088941,-0.029233,-0.001849,-0.025250,0.076379,0.030629,0.023899,-0.042947,-0.039180,0.008800,0.029015,-0.023942,-0.004287,-0.085102,0.038128,0.021585,-0.035632,0.003093,0.057308,0.011460,-0.091159,-0.026836,0.092538,0.071077,-0.000000,-0.059312,0.096478,0.030163,0.018677,0.016417,0.024081,-0.065315,0.054798,-0.013758,0.031015,-0.053865,0.082092,0.009786,0.003360,0.029259,-0.033250,-0.061214,0.062130,-0.020487,0.010556,-0.021904,-0.034649,0.018168,0.058701,0.096463,-0.061958,0.060237,0.059965,0.068334,0.006518,0.065975,0.011663,-0.028444,0.015790,-0.121578,0.158351,-0.074462,-0.099490,0.034184,-0.023132,-0.048439,0.050146,-0.021540,0.036143,-0.010443,0.057919,-0.045074,-0.022583,-0.059506,0.011297,-0.081336,0.054983,-0.002504,0.063335,0.032181,0.021725,0.036651,-0.069135,0.020767,0.000685,-0.042572,-0.003955,-0.122558,-0.012617,-0.032182,0.053556,0.084626,0.024138,0.003611,0.066074,0.037819,0.008864,-0.019174,-0.035042,-0.064197,-0.011380,-0.062147,0.044442,0.062329,0.044852,-0.016778,0.003842,0.038172,-0.015708,0.041740,0.013502,0.042856,-0.024140,-0.037363,0.048095,0.003412,0.063834,0.046261,0.112025,0.067344,0.000000,-0.036082,0.092009,-0.039779,0.078384,-0.000352,0.013686,-0.056800,-0.055871,0.030204,0.036929,-0.044281,0.030482,-0.061254,-0.043222,-0.041217,-0.069626,0.049864,-0.020827,-0.009501,-0.053350,0.065618,0.035331,-0.014173,0.011114,0.028840,0.002570,0.001981,-0.094984,-0.070134,-0.031466,0.024956,0.001550,-0.063199,0.028806,0.010254,-0.006584,-0.028919,0.015392,0.071786,0.013626,0.070496,-0.106271,-0.078936,-0.003215,-0.039775,-0.034127,0.049004,-0.118294,-0.024576,0.004277,-0.014574,-0.029656,-0.007332,-0.003183,-0.025961,0.031163,0.001602,0.013556,-0.002568,0.021873,0.083695,0.063192,0.099089,0.070852,0.068754,0.006278,0.039774,0.027530,-0.019604,-0.011168,0.014199,-0.019016,0.032501,0.007926,-0.121149,-0.071494,-0.071276,-0.065070,-0.076117,-0.018344,0.071871,-0.018128,0.059080,0.072724,0.001658,0.023400,0.086635,-0.071441,0.041476,0.060268,-0.045667,0.044271,-0.071110,0.026879,-0.007562,-0.000000,-0.042776,-0.030150,-0.035472,0.038781,-0.028410,0.011316,-0.027266,0.079607,-0.014904,0.059433,0.050713,-0.062390,-0.067999,0.099396,0.093227,0.020206,0.003539,0.106922,-0.078572,-0.022381,0.013275,0.115776,0.091426,-0.026613,-0.029080,0.020535,0.005469,0.031893,0.047453,0.007744,-0.069609,0.006990,0.054842,-0.036519,-0.013459,-0.008577,0.017127,0.005158,0.015896,-0.096995,-0.076293,0.028547,-0.002177,0.032120,-0.032998,-0.004480,-0.076263,0.135503,-0.018571,0.028112,-0.028478,-0.019102,0.065641,0.049551,-0.025025,-0.020050,0.008110,-0.016479,0.014983,0.056802,0.002966,-0.074825,0.071994,0.060809
-0.083116,-0.024773,-0.048338,-0.016065,-0.030549,-0.021072,-0.007792,0.107053,-0.092385,-0.030917,0.065455,0.081646,-0.123318,-0.001184,0.032318,0.012075,-0.038599,-0.003032,-0.039676,-0.024344,-0.036478,-0.078687,0.005174,0.078130,-0.026222,-0.001433,-0.001701,0.044189,0.073897,-0.025633,-0.042993,0.012687,0.097130,-0.009252,0.035104,0.049777,0.042949,-0.031084,0.002834,-0.109147,0.025178,0.007043,-0.018949,0.064189,-0.004448,-0.037402,-0.005160,0.023574,-0.000353,0.098980,0.116260,0.011746,0.023688,-0.086509,-0.053073,0.025735,-0.089452,-0.005560,0.071328,-0.038615,0.100484,-0.002143,-0.063340,-0.012267,0.010134,0.030554,-0.025823,0.051559,-0.066654,-0.080572,0.029636,-0.111672,-0.046312,0.027171,-0.001882,0.082457,0.093606,-0.083296,-0.049431,0.023178,-0.002973,-0.011760,0.028771,-0.004284,-0.061152,-0.041575,-0.000359,-0.028971,-0.003433,-0.040962,-0.009268,-0.100255,-0.045921,0.035502,-0.030897,0.032025,-0.034232,0.027177,-0.038468,0.033100,-0.003449,0.091366,0.074345,-0.034082,-0.019601,-0.051683,-0.004333,0.017909,0.032061,-0.040155,-0.082436,0.025459,0.066814,-0.006880,-0.071243,-0.019846,-0.099394,0.050377,0.098798,-0.010742,0.079434,0.130866,0.059879,-0.056874,-0.036368,-0.071562,-0.055174,-0.000000,-0.037794,0.095879,-0.015261,0.020583,0.076326,-0.016843,-0.016868,-0.049241,-0.058803,0.114815,-0.026844,0.045797,0.054121,0.010191,-0.034631,-0.084466,-0.006405,0.061378,-0.000670,-0.051467,-0.095273,0.045558,0.093755,0.037958,0.027774,-0.065453,0.003100,0.103877,0.094470,0.048533,0.015859,0.050249,0.002749,-0.008548,-0.019069,0.068884,-0.101026,-0.092793,0.028301,-0.034936,-0.005992,-0.034213,-0.085400,0.010907,-0.048050,-0.115812,0.038934,-0.003333,-0.032174,-0.015257,-0.111665,0.037279,-0.089431,0.034697,0.073145,-0.154093,0.055266,0.007203,0.024205,0.030041,0.021039,0.085153,-0.108886,0.050962,-0.070329,0.035826,0.034172,0.009359,-0.071967,0.015884,0.034279,0.018906,-0.013019,-0.004549,-0.036019,0.027083,0.004620,0.075357,0.024755,0.018410,-0.025549,0.036551,0.001502,-0.025809,-0.021598,-0.005197,0.007792,-0.038012,-0.007089,0.003173,-0.164209,-0.015521,-0.008284,0.025625,0.030367,-0.000000,-0.023713,0.022316,0.042320,-0.011562,-0.013044,0.008859,0.073652,-0.060525,0.022751,-0.010784,-0.016008,0.023823,-0.033151,-0.003917,0.081049,0.032809,0.074726,-0.037882,-0.001866,-0.081191,0.038608,0.076418,-0.085339,0.058159,0.019053,0.012800,-0.046959,-0.006022,-0.020049,0.059722,-0.072564,-0.078177,0.027710,0.068588,-0.027152,0.001117,-0.039672,0.061379,0.046368,-0.100858,0.019127,-0.004886,-0.002938,0.029035,-0.012970,-0.034129,-0.002249,-0.042932,0.001500,0.029080,-0.009497,0.048294,-0.001973,-0.004112,-0.065315,0.052037,-0.000910,0.061879,-0.015349,-0.032031,0.042894,-0.004791,0.043866,0.006229,0.051552,-0.030154,0.051550,-0.084708,0.016786,-0.035848,0.074000,0.066015,0.046344,-0.022872,-0.075079,0.092240,0.026642,-0.002285,-0.002003,-0.073382,0.028552,-0.073593,0.037102,0.076754,0.023660,-0.016538,-0.034611,0.029141,0.031998,0.032113,-0.002716,-0.058643,0.001519,0.089812,0.053679,-0.000000,0.030225,-0.062076,-0.030821,0.016863,-0.023220,-0.013321,0.033600,0.008107,-0.080317,0.060658,0.039698,-0.013522,-0.064206,0.008264,-0.010424,-0.040315,-0.034148,0.107319,-0.028495,0.020710,-0.019462,0.035067,0.130115,0.034112,-0.081221,-0.013443,-0.024465,-0.032366,0.029408,0.005782,0.071216,0.019038,0.078340,-0.039688,0.030880,0.001454,-0.042841,0.011060,-0.049995,0.074450,0.003079,-0.040419,-0.031478,0.055524,-0.025110,-0.049795,-0.041818,0.079577,-0.002990,-0.002542,0.019497,0.001111,0.020171,0.003145,-0.026471,0.037580,-0.011644,0.035610,0.019476,0.027286,-0.045741,-0.089292,0.057997,-0.008480
-0.044389,-0.051190,-0.048334,-0.030788,-0.001572,0.096269,-0.024496,0.056300,0.013405,-0.109400,0.048447,0.041996,0.025098,0.010028,0.125999,-0.008108,0.060682,0.035737,-0.038213,-0.038046,0.014275,0.005362,-0.007689,0.029113,-0.054914,0.003235,-0.076871,-0.000301,0.060922,-0.041098,0.037905,0.020273,0.060921,0.015427,-0.018844,0.017992,-0.033174,0.035563,-0.021268,-0.067046,-0.010641,-0.070153,-0.061869,0.043148,0.009400,-0.019847,-0.011129,-0.017256,-0.023218,0.091690,-0.074262,-0.060606,-0.001273,0.011332,-0.054470,0.034704,-0.043238,-0.087885,-0.026556,0.056712,0.026519,-0.004391,-0.035058,0.045165,0.020910,-0.030627,-0.036575,0.106457,-0.097818,-0.075771,-0.001570,-0.041082,-0.001600,0.115780,0.030399,0.034560,-0.007514,-0.004983,0.018038,-0.000465,-0.057472,0.088621,-0.005008,-0.004905,-0.009817,-0.011664,0.034761,-0.023667,-0.118232,-0.028418,0.039594,-0.061297,0.003693,-0.020441,-0.061154,-0.056580,-0.024744,-0.052314,0.077262,-0.039738,-0.025787,-0.039557,-0.003624,-0.029386,-0.091962,-0.100598,-0.080760,-0.020551,0.070641,0.059984,-0.080887,-0.016831,-0.048707,-0.026959,-0.010627,-0.018915,-0.092697,-0.009494,0.119723,-0.068451,-0.059464,0.021052,0.041372,-0.057863,-0.033492,0.006914,-0.037655,-0.000000,-0.048628,0.056733,-0.020554,0.078925,0.043835,0.042067,-0.096873,0.021721,-0.019924,0.019607,-0.053197,0.119449,0.037359,0.109366,0.045015,0.003491,0.009051,0.126277,0.054116,0.014640,-0.061605,-0.018237,0.032862,0.077285,0.117034,-0.001645,0.015856,0.100206,0.048295,-0.013451,0.027654,-0.053541,0.042021,-0.006721,0.026610,0.103088,-0.081265,-0.121639,0.060008,0.002568,-0.002541,0.027811,-0.021937,0.003901,-0.020510,0.032294,-0.020606,0.010659,-0.017987,0.006444,-0.050223,0.022226,-0.035557,-0.018860,0.024695,0.012281,-0.009217,-0.082905,0.015685,0.028930,-0.075519,-0.005263,-0.030307,0.022799,0.029072,0.040551,0.086815,-0.048374,0.102933,0.006395,-0.012847,0.020888,0.033984,0.018708,-0.060579,-0.030830,-0.077586,-0.008860,0.032624,0.068416,-0.046460,-0.041175,0.028518,0.036380,0.043082,-0.019134,0.056609,-0.034180,-0.011632,0.007112,-0.044903,0.062423,-0.083001,0.038785,0.009178,-0.000000,-0.031013,-0.025724,-0.043901,0.047100,0.026679,0.048869,0.061473,-0.056918,0.009700,0.038894,-0.062192,0.001154,0.000169,-0.023314,-0.149563,-0.030628,-0.003432,-0.024015,0.052228,-0.068405,0.043124,0.076346,-0.004057,0.012415,0.055954,0.015496,-0.128517,-0.003465,-0.016492,-0.010027,-0.022345,-0.165047,-0.000261,0.020689,0.012721,-0.066757,0.045779,0.025296,0.024865,0.000106,0.030981,-0.024827,0.011216,0.013893,-0.052646,-0.038126,-0.006770,-0.058005,-0.015714,-0.017204,-0.027068,-0.020393,-0.064218,-0.034948,-0.091880,-0.046214,0.086716,-0.024559,0.012767,-0.010078,-0.000158,-0.002599,0.037314,0.017935,0.082634,-0.059227,0.074482,-0.080480,-0.072790,-0.035299,0.082124,0.028670,0.048182,-0.012134,-0.103687,-0.026989,-0.003487,-0.054780,-0.046735,-0.079225,-0.019556,-0.049687,0.028678,0.102775,0.024899,0.012461,0.042655,-0.020749,-0.002802,0.006053,-0.054300,0.077263,-0.080467,0.067352,-0.058763,-0.000000,-0.006838,-0.006888,0.002855,0.007191,-0.020807,-0.081259,-0.013039,0.087208,0.007696,0.053638,0.028827,-0.019910,-0.070579,0.054491,0.128509,0.041210,0.032855,0.014729,-0.025500,0.017404,-0.007246,0.068098,0.061621,0.006639,0.030744,0.023945,-0.028773,0.051812,0.030588,-0.012589,0.076721,-0.033474,0.110863,0.019883,0.039454,0.013178,-0.035841,0.020995,-0.024762,0.024318,-0.047935,-0.050686,-0.020859,0.082554,0.081918,-0.005241,-0.085667,0.004385,-0.026750,0.017326,-0.015948,0.018160,0.073425,-0.053061,-0.018445,0.010994,0.051421,-0.033940,0.115285,0.106506,-0.005061,-0.038226,0.104576,0.007800
0.077476,-0.016249,0.023326,-0.053829,0.043339,-0.025031,-0.003964,0.017735,-0.018264,-0.074572,0.009136,0.058417,-0.077301,0.009916,0.062766,-0.011329,0.020178,-0.073398,-0.035233,0.021292,-0.065356,-0.098016,-0.013347,0.090709,-0.040117,-0.019030,-0.008474,0.054019,0.026477,-0.092825,-0.055759,0.079035,0.056283,0.049569,-0.000181,0.043568,-0.040517,-0.021422,0.003627,-0.101337,0.059201,-0.049016,0.020779,0.080939,0.001205,-0.039647,0.028156,0.016330,-0.002564,0.017795,0.028435,-0.024444,-0.068048,-0.056954,-0.048772,0.026218,0.034731,-0.021718,0.044808,0.004399,0.082397,-0.048875,-0.020368,-0.016774,0.087544,-0.044922,-0.052610,0.055252,-0.056197,-0.113955,0.053807,-0.072408,-0.095936,0.037348,-0.008625,0.027517,0.053792,-0.004410,-0.000324,-0.014950,0.113660,-0.002409,0.033994,-0.067704,0.023619,-0.062590,-0.048636,-0.047806,0.017467,-0.105232,0.054896,-0.074989,0.017733,0.030995,0.007871,0.026601,-0.078265,0.008013,-0.003092,-0.006680,0.067929,0.026973,0.007062,-0.035217,-0.046629,-0.033126,-0.043293,0.066402,-0.026183,-0.041862,-0.121959,0.060090,0.005875,0.059717,-0.047935,-0.019229,-0.029178,0.022714,0.078407,-0.101731,0.026838,0.078545,-0.005016,-0.080870,-0.042594,-0.076837,-0.033067,-0.000000,-0.070627,0.041382,-0.065583,-0.036271,0.024205,-0.012281,-0.032305,-0.036187,-0.039474,0.026721,-0.009120,0.076989,0.078612,0.037316,-0.005776,-0.053568,-0.010958,0.120927,0.049110,-0.010023,-0.003325,-0.005410,0.021280,0.048964,-0.033270,-0.056527,-0.017523,0.070389,0.097163,0.015287,-0.014314,0.029517,0.008564,0.016178,0.039514,0.142436,-0.106066,-0.102841,-0.024025,-0.085815,-0.012437,0.029735,-0.109892,0.074028,0.043678,0.010879,0.012137,-0.048330,-0.031194,-0.006825,-0.066387,0.060341,-0.039407,-0.013527,0.092255,-0.064003,0.074313,-0.060480,-0.008384,-0.016739,0.000172,-0.026180,-0.075881,0.047111,-0.017114,0.029512,0.036958,0.043541,-0.100907,0.056868,0.050512,-0.006658,0.063171,0.052547,-0.067417,-0.018984,-0.040299,0.033801,0.045227,0.000536,-0.083248,0.027065,-0.008629,0.040791,0.028943,0.083072,0.077696,-0.081609,0.036901,0.042648,-0.080724,0.026300,0.005844,0.068130,0.065678,0.000000,-0.089612,-0.024923,-0.008096,0.030148,-0.083227,-0.044551,0.069073,-0.043049,0.042298,0.048801,-0.057700,0.009730,0.005898,0.000713,0.049167,-0.036469,0.090030,0.000468,0.026354,-0.020112,0.038703,0.064854,-0.054006,0.080125,0.009945,0.036581,-0.047549,-0.059316,-0.034135,-0.026581,-0.056216,-0.047683,-0.002004,0.046748,-0.039483,0.043145,-0.028734,0.030858,0.021295,-0.005971,-0.026882,-0.035301,-0.017805,0.016167,-0.048090,0.067284,0.059006,-0.043138,0.027720,0.019584,0.042000,0.040801,0.024715,-0.048637,-0.095492,0.063821,0.046302,0.048707,-0.021670,-0.005034,0.044816,0.049027,0.026855,0.008220,0.051572,0.003539,0.081329,-0.061708,-0.012306,0.008121,0.029216,0.006288,-0.042265,0.004773,-0.000456,0.104413,-0.012969,-0.058061,-0.090989,-0.087031,-0.011143,-0.015404,0.063441,0.025128,0.060213,-0.067067,-0.037103,-0.024982,0.023974,-0.034724,-0.046843,-0.067189,-0.075695,-0.054746,0.001609,-0.000000,-0.025762,-0.035403,-0.063914,-0.006184,-0.034724,0.052661,0.001502,0.059294,0.021447,0.098687,-0.042628,-0.006507,-0.084676,0.063137,-0.013736,0.001545,-0.034203,0.034652,-0.041772,-0.000165,0.011912,0.099265,0.090669,-0.019135,-0.031948,0.054816,-0.015075,0.075720,0.016787,-0.064763,0.100176,-0.028254,0.060725,0.047465,0.000018,-0.009256,0.021231,0.073348,-0.082445,-0.006687,-0.040979,-0.041965,-0.047109,0.077133,-0.026094,-0.065902,-0.115744,0.083431,0.019387,-0.002207,-0.001001,-0.052020,0.053656,0.044343,0.104140,-0.017265,-0.000732,0.015360,0.045476,0.053884,-0.009381,-0.068133,0.057146,-0.032024
0.024160,-0.059782,-0.021344,-0.046753,0.001888,0.041620,-0.050411,0.026603,-0.167298,-0.014558,-0.017459,0.082906,-0.107981,0.008530,0.018903,0.066426,-0.009006,-0.068054,-0.055461,0.013221,-0.020818,-0.102368,0.025416,0.099415,-0.033080,-0.003692,0.009229,0.044332,0.062714,-0.037796,-0.011331,-0.004365,0.085781,0.016179,0.051600,0.071166,0.098028,-0.056425,0.008046,-0.089754,0.082770,-0.060139,-0.048015,0.037846,0.024753,-0.014941,0.039753,0.028175,-0.060135,0.046203,0.102295,-0.032928,0.015401,-0.151719,-0.055987,-0.025348,-0.000722,0.015506,0.061439,-0.018476,0.036414,0.017268,-0.041450,-0.016059,0.032747,0.003160,-0.057598,0.007036,-0.052885,-0.036701,-0.012753,-0.115533,-0.087918,-0.004850,-0.037158,0.020673,0.079421,-0.056126,0.020178,0.013028,0.037988,-0.005989,0.013214,-0.046289,-0.031346,-0.112729,-0.033338,-0.041400,-0.027948,-0.071270,0.012029,-0.088342,-0.026417,0.126688,0.047180,0.082978,-0.024078,0.032488,-0.041158,0.032454,0.009256,0.119486,-0.012968,-0.030273,-0.088348,-0.021455,-0.028602,0.031041,0.003093,-0.072148,-0.031673,0.052002,0.038741,-0.001299,-0.080634,-0.047417,-0.071459,0.015720,0.059724,-0.006281,0.028554,0.080834,0.062919,-0.022340,0.034769,-0.050460,-0.064137,-0.000000,-0.087808,0.023722,-0.020775,0.078255,0.054669,-0.022454,-0.050778,-0.054361,0.001676,0.032361,0.046700,0.010597,0.083128,-0.015946,-0.037111,-0.095313,0.045045,0.090485,-0.031782,-0.075330,-0.052832,0.015928,0.078012,0.010008,0.012045,-0.041477,0.020644,0.079489,0.096698,0.047362,0.018029,0.040420,-0.067764,0.018434,-0.058795,0.103372,-0.100443,-0.107419,-0.017017,-0.041335,-0.009037,-0.023470,-0.038860,-0.014074,-0.042940,-0.097652,0.038807,-0.004256,-0.056046,-0.034900,-0.029960,0.038736,-0.024414,-0.031526,0.110361,-0.077150,0.053184,0.023805,0.033652,-0.043461,0.023160,0.055014,-0.043771,0.061876,-0.012765,0.039348,0.032677,0.018335,-0.068780,0.088413,0.047639,-0.004827,0.049489,0.033306,-0.064282,0.060947,-0.009062,0.038306,0.015032,-0.014292,-0.054183,0.083571,-0.000130,-0.024608,0.082986,-0.056339,0.026047,-0.043030,0.025150,-0.004267,-0.154224,-0.056268,-0.001370,0.001040,0.006837,-0.000000,-0.035430,0.065937,0.028658,-0.031228,-0.026510,-0.030015,0.097692,-0.089180,-0.007239,0.012469,-0.001340,-0.007424,0.011274,0.016676,0.053784,0.020685,0.079484,0.004514,0.015842,-0.028645,0.044358,-0.043186,-0.056062,0.129260,0.040842,-0.006929,-0.042742,-0.040091,0.000916,-0.049455,-0.079865,-0.048474,0.016958,0.079013,-0.022007,0.071362,-0.057168,0.009945,0.059600,-0.038410,-0.012958,-0.011835,-0.013872,0.025214,-0.037920,-0.055850,-0.007584,-0.013673,-0.043053,0.003010,0.029632,0.052405,0.016450,-0.039280,-0.040281,0.043812,0.019919,0.003950,-0.031650,0.018183,0.001104,0.038984,-0.005723,-0.036239,0.032373,-0.049784,-0.029307,-0.087953,0.022213,-0.004698,0.078222,0.061876,-0.024226,0.014166,-0.046718,0.078348,0.050637,-0.019361,0.007326,-0.063106,0.026888,-0.086083,0.054999,0.013629,0.068015,-0.014663,-0.017256,0.065609,0.046439,0.015480,-0.006012,-0.057483,0.002416,-0.000319,0.049217,-0.000000,-0.027555,-0.031144,-0.017849,0.018128,-0.014711,0.038922,-0.022114,-0.030279,-0.068169,0.058524,0.039559,-0.075136,-0.028508,0.004945,0.016060,-0.007713,-0.043903,0.108427,-0.039372,0.019937,0.005739,0.068528,0.065294,0.084653,-0.026326,-0.008262,-0.048852,0.050630,0.007272,0.016321,0.075804,0.008123,0.061839,0.025202,-0.023876,-0.021754,-0.023174,0.059117,-0.066645,0.057693,0.007154,-0.026925,-0.020403,0.040205,-0.046572,-0.031044,-0.077848,0.109915,-0.068188,-0.025142,0.037612,-0.044305,0.058319,0.043417,0.082874,0.087802,-0.025428,0.046402,0.036414,0.066314,-0.022205,-0.059793,0.032704,-0.031250
0.041580,-0.023554,-0.025171,-0.047889,-0.016549,-0.004349,-0.068261,-0.042814,-0.075425,0.018408,-0.017438,0.026512,-0.051866,-0.007552,0.070312,0.054267,-0.001414,-0.065312,-0.023026,-0.051370,-0.054377,-0.143169,0.011733,0.014061,0.012005,-0.016046,-0.017906,0.039645,0.063567,0.002243,0.019514,0.012912,0.073006,0.058909,-0.016065,0.123616,0.014917,-0.058855,0.034180,-0.066514,0.104039,-0.053816,0.002413,-0.061379,0.044129,-0.030421,0.035687,0.040789,-0.038936,-0.022296,0.041385,-0.054456,-0.032252,-0.092507,-0.050216,0.034200,0.042764,-0.001456,0.040760,-0.037540,-0.021185,0.032407,-0.012189,0.008039,0.063588,-0.014638,-0.015360,0.085819,0.025576,-0.046466,0.022939,-0.116976,-0.058143,-0.000033,-0.105845,0.004558,0.067852,0.039993,0.041111,-0.030952,0.084230,0.069965,0.042769,-0.108959,0.029125,-0.050809,-0.032845,-0.076936,-0.003584,-0.045447,0.068448,0.001895,0.019314,0.098834,0.116985,0.064017,-0.048676,-0.050729,-0.012412,0.026637,0.046314,0.053610,-0.098055,-0.038494,-0.079626,-0.045096,-0.064024,0.025462,-0.012563,-0.042809,-0.074553,0.070846,0.037185,-0.024279,-0.078324,-0.015691,-0.051395,0.042038,0.033171,-0.036572,-0.021479,-0.005005,-0.012280,-0.067441,0.006798,-0.033139,-0.054432,-0.000000,-0.068499,-0.043287,0.008040,0.019317,-0.021694,0.022368,-0.021768,-0.056860,-0.038156,-0.035214,0.004598,0.025470,0.031957,-0.041382,0.039091,-0.112699,0.042584,0.125318,0.064865,-0.031544,-0.002811,-0.001188,0.007290,-0.033167,0.042931,0.018866,0.053506,0.018310,0.086608,0.051426,-0.021583,-0.008193,-0.118636,0.025773,-0.123808,0.088757,-0.100476,-0.098487,0.002368,0.000196,-0.006870,0.022107,-0.051021,-0.049665,-0.082899,-0.008637,-0.032431,-0.059178,0.009830,0.000438,-0.021971,0.015713,-0.006001,-0.074651,0.111195,-0.044419,0.003000,-0.054161,-0.017178,0.009287,0.003579,-0.017997,-0.097154,0.099467,-0.026290,0.070153,0.079792,0.007843,-0.031572,0.084364,0.071853,-0.059301,0.098556,0.065139,-0.075688,0.016283,-0.057352,0.020333,-0.010926,0.072490,-0.048676,0.054913,0.024722,0.010296,0.084282,0.025709,0.008614,-0.037698,0.068233,-0.020244,-0.120041,-0.038216,0.031317,0.066508,-0.000998,-0.000000,-0.020114,0.067444,-0.043770,-0.031652,-0.033258,0.004389,0.035209,-0.106166,-0.021173,0.109844,-0.000380,-0.003659,0.027234,0.016439,0.038254,-0.068701,0.096432,0.037834,0.038258,0.010914,0.078410,-0.080806,0.007262,0.122703,0.093355,-0.016589,-0.029334,-0.055025,-0.020346,-0.033970,-0.018686,-0.020069,-0.031052,0.083273,-0.004795,0.047045,-0.042044,-0.034027,-0.001955,0.015393,-0.026264,-0.005795,0.023162,0.016913,-0.092358,0.025022,0.054132,0.046931,0.051850,-0.070695,0.021353,0.039121,0.047942,-0.045233,-0.082307,0.016505,0.011480,0.045108,-0.030691,0.024727,0.013055,0.022293,0.004515,0.013702,-0.013674,0.005812,0.037911,-0.094883,0.021382,-0.035091,0.065423,0.042231,-0.012105,0.047562,-0.048307,0.091320,-0.010547,-0.056853,-0.005327,-0.053540,0.048150,-0.002413,0.062964,-0.025250,-0.000875,-0.024034,-0.004678,0.005875,0.016407,0.011762,-0.048962,-0.062660,-0.003498,-0.000339,0.022661,-0.000000,-0.029675,-0.104532,0.001904,-0.003211,-0.074890,0.069694,-0.064042,-0.015840,0.053394,0.018338,0.007456,-0.065931,-0.046319,0.042714,-0.050382,-0.029037,-0.012751,0.063396,-0.030461,-0.016069,0.046773,0.062802,0.073257,0.019967,0.027574,0.011035,-0.028924,0.054627,0.009945,0.010917,0.067972,-0.025599,0.064640,0.071375,-0.019093,0.033681,0.039918,0.074892,-0.068047,-0.009308,-0.025783,-0.005630,0.017309,0.029860,-0.069062,-0.006451,-0.088798,0.070283,-0.027172,-0.085724,0.060455,-0.038672,0.056012,0.011446,0.079108,0.066939,-0.058045,0.006747,0.042028,0.085109,0.023032,-0.071022,0.051643,-0.016165
-0.017101,-0.041682,0.023568,-0.029141,-0.015628,0.075495,0.031411,0.013369,-0.057954,-0.029022,-0.012572,0.070755,-0.034064,0.024948,0.010832,-0.057629,0.045684,-0.092220,0.025505,-0.066344,-0.134499,-0.086775,-0.094453,0.053523,-0.076620,0.071399,-0.036150,0.022293,-0.027696,-0.059795,0.060104,0.020903,0.085251,0.013142,0.024671,0.045334,0.000354,-0.057405,0.020228,0.016419,0.081176,-0.047344,-0.057412,-0.080506,0.057798,-0.052171,0.045089,-0.049063,-0.020472,0.036853,-0.043473,-0.065886,0.066856,-0.027084,0.031521,-0.000998,-0.061680,-0.013789,-0.030771,-0.010211,-0.059013,-0.031735,-0.052196,0.029554,-0.022990,-0.015814,-0.088929,0.088695,-0.006204,0.022549,-0.039200,-0.029366,0.013415,0.064102,-0.028644,0.044646,0.081890,-0.059002,0.054980,-0.015388,0.076205,-0.077562,-0.016802,-0.045665,-0.000870,-0.122306,0.013348,-0.012589,-0.051212,-0.029541,0.002748,0.057700,0.070822,0.033289,0.005106,0.080628,0.000965,-0.079638,-0.007894,0.087979,-0.007279,0.097794,-0.000087,-0.010374,-0.123720,-0.084706,-0.003942,0.050504,0.002469,-0.060388,0.031082,0.102668,-0.015714,-0.069930,-0.041814,-0.075096,-0.113937,0.057995,0.010347,0.061618,0.009705,0.021675,0.033992,0.031312,0.020448,0.097267,-0.024189,-0.000000,-0.058157,-0.005537,0.011236,0.000170,0.014124,-0.027241,0.039410,-0.023873,-0.022227,-0.012534,0.062421,0.047258,0.012124,-0.005168,-0.018544,-0.048036,-0.033369,0.093865,-0.025854,-0.079803,-0.016395,0.008563,0.014003,-0.015962,0.014361,0.023834,-0.004671,0.034910,0.089934,0.067192,0.041242,0.004288,-0.102707,0.035286,-0.063139,0.008922,-0.078391,-0.117221,0.088551,-0.074263,-0.031518,-0.000805,0.047757,-0.021622,-0.068034,0.103690,-0.002188,0.008959,0.029897,0.043609,-0.015614,0.013973,-0.048431,-0.022396,0.042601,-0.030331,0.083528,0.037936,0.046690,0.007307,0.021763,0.027929,-0.074548,-0.058800,0.039502,0.044350,0.063763,-0.053209,0.011433,0.067177,0.073915,0.027939,0.038706,0.029254,-0.029407,0.011428,-0.027382,0.045075,0.038290,0.040683,-0.023341,0.044897,-0.013127,-0.041580,0.056916,-0.031394,0.004941,-0.060578,-0.018156,0.010933,-0.033508,-0.025680,0.021375,0.110269,-0.057786,0.000000,-0.020300,0.077365,-0.023755,0.032026,0.011031,-0.005333,0.002666,0.004239,-0.002291,0.154538,0.036007,0.074691,-0.000078,-0.034663,-0.008414,0.008569,0.039275,-0.045001,0.022607,-0.088892,0.064873,0.039530,-0.094299,0.131303,-0.011943,0.039242,-0.059273,-0.028655,-0.030404,-0.017178,-0.032348,-0.089781,-0.037857,-0.036051,0.002985,0.016475,-0.112408,-0.008322,-0.009310,0.083063,0.048537,-0.051043,-0.006544,-0.006114,-0.028145,-0.009714,0.020253,-0.040393,0.061626,-0.009805,-0.131233,0.023179,0.014471,-0.028715,-0.046097,-0.017908,0.005537,0.005624,0.011161,-0.010766,0.063895,-0.010091,0.016937,0.041694,0.010482,-0.013350,-0.058535,-0.128402,-0.113491,-0.011420,-0.025748,-0.067993,-0.036765,-0.050283,-0.132399,-0.003716,0.001858,0.027291,-0.011248,-0.014118,0.035239,-0.038768,0.030256,0.008751,0.030434,0.072435,0.019913,-0.000912,0.012422,0.057687,-0.004120,-0.026817,0.030142,-0.050452,0.019273,-0.000000,-0.059959,-0.039060,0.025666,0.038080,0.064601,-0.053368,-0.019741,0.101969,0.026009,0.129657,0.122448,-0.127853,-0.021290,0.061281,0.073059,0.035740,-0.064300,0.059551,-0.060374,-0.003056,0.027698,0.051988,0.081146,0.005707,-0.006257,0.010669,-0.039416,0.054188,0.044536,-0.004316,0.003402,0.003445,0.040493,-0.005199,-0.014328,0.020930,-0.057673,0.005949,0.028723,0.050328,-0.038339,-0.068039,-0.014264,0.091495,-0.004035,0.034107,-0.059804,0.028972,-0.034626,-0.025872,0.022078,-0.064794,0.035310,0.034245,0.059474,-0.004946,-0.059100,0.045822,0.036567,0.057002,0.064198,-0.072137,-0.046399,0.056408
-0.045833,0.065537,-0.032463,0.015654,0.098960,0.004038,0.027934,0.061249,-0.011988,-0.047746,0.065242,0.053461,-0.024711,-0.022237,0.073053,-0.092965,0.039886,-0.009311,-0.072177,-0.031291,-0.054751,-0.024953,-0.023230,0.039482,-0.082140,0.109536,-0.037125,0.070587,0.078852,-0.054259,0.044333,0.110803,0.140607,0.003950,0.070120,0.052696,-0.090050,-0.018085,0.025639,-0.039064,0.012508,-0.089829,-0.072081,0.063164,-0.004766,-0.048343,0.008369,-0.051083,-0.031105,0.042161,-0.024730,-0.052142,-0.074823,-0.095920,-0.032196,-0.042638,-0.063735,-0.078113,-0.045586,0.069211,-0.000743,-0.064711,-0.015308,0.040249,-0.023536,0.067084,-0.041974,0.031244,-0.041325,-0.020957,-0.013983,0.028418,0.046218,0.116784,0.016646,-0.006534,0.042684,-0.035716,-0.042491,-0.000306,-0.001573,0.014814,-0.005444,0.074025,-0.011860,-0.025086,0.030079,-0.047693,-0.011542,-0.042919,0.029195,-0.015497,-0.002900,-0.034957,-0.061124,0.025866,-0.048790,-0.039854,0.035981,0.018491,-0.043428,-0.018284,0.020646,-0.074751,-0.058062,-0.096080,-0.067793,-0.014997,0.024154,0.059142,-0.094770,-0.016297,-0.026749,-0.053232,-0.041443,-0.002820,-0.057691,-0.000148,0.106270,-0.013202,-0.031901,0.040161,0.019364,-0.108872,-0.064022,0.055015,0.030380,-0.000000,-0.113172,0.079043,-0.022797,0.047606,0.009915,-0.002138,0.001850,-0.007295,0.004032,0.062804,0.008135,0.099095,-0.022982,0.170581,0.026533,-0.070468,-0.060745,0.088350,-0.008152,-0.005411,-0.109713,-0.036014,0.053845,0.013956,0.053163,-0.010558,0.024718,0.061467,0.028431,-0.018462,0.085512,-0.029915,0.046387,-0.013596,-0.046988,0.046732,-0.024969,-0.037889,0.065174,0.020285,-0.068331,0.042692,0.018890,0.040859,-0.029736,0.071711,-0.018458,-0.004774,-0.039306,-0.062865,-0.049935,-0.023190,-0.036233,0.071199,-0.030277,-0.040501,0.005817,-0.048849,0.005510,0.018556,-0.034973,0.043204,-0.062923,0.041336,0.049867,0.079620,0.022815,0.003520,0.015404,-0.015750,0.071163,0.011238,0.002813,-0.053536,0.073037,-0.008807,-0.003389,0.036700,0.029281,0.010896,-0.053221,0.012442,0.035214,-0.012830,-0.014261,-0.008836,0.023248,-0.077860,0.032018,0.033671,-0.022862,0.051233,-0.058479,0.024858,0.045105,-0.000000,-0.005609,-0.009472,-0.019371,0.067076,0.033432,0.046583,-0.078144,0.041120,0.033204,0.022248,-0.024201,0.045434,-0.073638,0.023091,-0.053734,0.014282,-0.003220,0.005269,0.080392,-0.076706,0.036408,0.093933,-0.042375,0.037151,0.016406,0.012277,-0.019517,-0.017007,0.058190,-0.011125,-0.060156,-0.110096,-0.014497,0.038803,0.012823,0.001019,-0.015993,0.054697,0.049149,-0.002238,-0.030656,-0.043993,-0.051260,-0.005100,-0.045845,-0.113746,0.000400,-0.127959,0.039655,0.018864,-0.078582,-0.004921,-0.026895,-0.039064,-0.115236,-0.009956,-0.034124,0.036280,-0.000827,0.001984,0.090071,0.042764,0.042484,-0.051409,0.010580,0.013573,0.075996,-0.095596,-0.052459,-0.025526,0.049070,-0.012677,-0.063851,-0.039738,-0.086369,-0.053245,-0.031599,0.034582,-0.024564,0.022968,0.084346,-0.041047,-0.008776,0.105669,-0.026591,-0.012261,-0.009439,0.034477,0.004635,0.041687,0.031235,0.112968,-0.035940,0.131793,-0.010233,-0.000000,0.013722,-0.056012,-0.011190,0.026766,0.023167,-0.010285,0.005719,0.059874,-0.043219,0.023467,0.044004,-0.021803,-0.121752,0.075394,-0.033527,0.041197,-0.024081,0.080574,-0.008947,0.028945,-0.063473,0.092518,0.111405,-0.065195,-0.070189,0.004438,0.080396,-0.029197,0.053251,-0.035040,-0.005128,0.092481,0.020989,0.050994,0.003109,-0.043572,-0.028369,0.007338,0.037215,0.048845,-0.088345,-0.102549,-0.056790,0.005485,0.053761,0.030691,-0.051993,0.032596,-0.037611,0.034389,-0.006205,0.001425,0.018163,0.012217,-0.028006,0.003221,-0.022951,0.014197,0.078115,0.089660,-0.052325,-0.072928,0.049988,0.014343
-0.052109,0.024012,-0.005386,-0.078750,0.054994,0.030591,0.073280,0.046762,0.023696,-0.105593,0.004230,0.084473,0.058409,0.006359,0.077322,-0.080940,0.076608,-0.044390,-0.029739,0.014120,-0.023193,-0.097591,-0.002773,0.004465,-0.064033,0.015162,0.055799,-0.001274,0.013417,-0.049470,0.012307,0.010235,0.101452,0.011515,-0.043659,0.015082,-0.064995,-0.019390,-0.046337,-0.034985,-0.063265,-0.064993,-0.079697,0.034857,0.100645,-0.063840,-0.033402,0.040393,0.029626,0.060017,-0.125855,-0.078674,-0.072417,-0.067037,0.020103,0.003134,-0.053337,-0.116887,-0.024556,0.028671,0.035559,-0.067864,0.017759,0.146467,0.064859,-0.031713,-0.027495,-0.024405,-0.083512,-0.075492,0.019720,-0.056057,-0.028452,0.023318,-0.029076,0.020097,-0.024684,-0.005759,0.045107,-0.020139,0.053524,-0.014102,-0.013986,0.049626,0.012062,-0.010061,-0.001175,-0.039197,-0.026451,-0.048579,-0.036759,0.045891,-0.008275,-0.006758,-0.019537,-0.061736,0.004716,-0.095629,0.015717,0.034086,-0.015648,-0.064600,0.088866,0.010367,-0.046039,-0.072979,-0.044764,0.041068,-0.015646,0.075418,-0.079446,-0.011472,-0.050751,0.013764,0.017501,-0.036304,-0.055961,-0.035888,0.092592,0.014020,-0.007192,0.003059,-0.002385,-0.061427,0.000874,-0.021646,-0.043751,-0.000000,-0.102797,0.046397,0.047773,-0.030791,0.001501,0.051703,-0.065226,-0.058355,0.026297,0.040950,-0.058432,0.120107,0.019245,0.167020,0.034153,0.010751,-0.028521,0.071042,-0.016563,0.018101,-0.050717,0.003863,0.021174,0.036217,-0.050662,0.055053,-0.034963,0.050669,0.103426,0.018768,0.067584,-0.039768,-0.014374,-0.065118,-0.010385,0.012154,-0.053503,-0.113923,0.028733,0.072031,-0.056375,-0.008044,-0.052077,-0.002827,0.006011,0.127794,-0.008954,-0.031597,-0.110930,0.046985,-0.091687,0.042159,0.007587,-0.042332,0.035259,-0.064009,-0.013340,-0.073655,0.030875,-0.003841,-0.046583,0.022706,-0.018897,-0.007659,-0.064567,0.039948,0.068718,-0.024126,-0.045095,0.060026,0.021767,0.063225,0.007411,-0.066495,-0.050924,-0.048441,-0.065603,0.078292,0.018936,0.051518,-0.061546,-0.044219,0.006529,-0.027471,-0.011753,0.016284,0.052777,-0.037056,-0.063731,0.014961,-0.049942,0.089042,-0.045921,0.090616,0.082140,-0.000000,-0.079550,0.024423,-0.008198,0.081745,0.002594,0.006211,0.006524,-0.036574,0.028949,0.024200,-0.022745,0.063442,-0.026353,-0.015923,-0.075635,0.019380,0.034151,-0.058094,-0.094677,-0.042646,0.050419,0.048300,-0.074403,0.020151,0.014460,0.082723,-0.036122,-0.072223,0.006556,-0.054971,-0.035455,-0.058689,-0.006058,0.028495,0.060151,-0.032333,0.052105,-0.014327,-0.022512,0.078293,0.064907,-0.057900,-0.023313,0.035425,0.007986,0.010616,0.061306,-0.125077,0.037839,0.010742,-0.020685,0.030949,0.020581,-0.037065,-0.064801,-0.014827,0.029157,0.053115,0.014388,0.025562,0.081941,-0.017307,-0.052124,-0.003878,0.006251,-0.013975,0.048392,-0.046157,-0.001283,-0.017553,0.006642,-0.013914,-0.040461,-0.030813,-0.091900,-0.006700,0.023251,-0.014813,-0.045437,-0.037336,0.010672,-0.086937,0.047601,0.057427,0.000863,-0.002795,-0.013285,-0.086414,-0.058242,-0.020982,-0.065469,0.111597,-0.108088,0.059483,-0.018231,-0.000000,-0.032790,-0.060454,0.079242,-0.005660,0.039018,-0.048964,0.020001,0.024002,0.036726,0.049383,0.027573,0.021236,-0.058845,0.096784,0.098208,0.076769,-0.031681,0.010417,0.006470,0.034117,-0.012021,0.047280,0.080748,-0.066123,-0.079237,0.012731,-0.001652,-0.021009,0.039476,0.025664,0.004201,-0.014969,0.126244,0.029173,0.027193,-0.087311,0.009132,0.024260,0.003081,-0.050535,-0.041213,0.006205,0.010422,0.038770,0.070540,0.032769,0.002940,-0.001527,-0.047700,0.089412,-0.069274,0.002970,0.026590,0.021379,-0.021367,-0.041624,0.070743,-0.031703,0.016967,0.084930,0.023619,-0.033452,0.062233,0.013135
-0.037735,-0.046301,-0.064176,-0.024020,0.067884,0.066367,0.024889,0.055111,-0.121499,0.009835,0.041708,0.101720,-0.035335,0.036099,0.041175,-0.021214,0.049781,-0.034503,-0.088107,0.013812,-0.032970,-0.045968,-0.025500,0.062942,-0.043095,-0.008173,-0.045218,0.020135,0.050539,-0.031529,0.069638,0.047445,0.034319,-0.023214,0.089842,0.058480,0.057424,-0.051556,0.009339,-0.012912,0.056582,-0.061618,-0.124871,0.010156,0.029667,0.015000,0.058949,-0.007807,-0.049326,0.050891,0.017863,-0.085866,0.008572,-0.086910,-0.077118,-0.050757,-0.024807,0.016281,-0.031156,0.031570,-0.007299,0.024693,-0.093973,0.054303,0.042301,0.022736,-0.033122,0.005543,-0.007857,-0.037821,-0.002587,-0.023271,0.034428,0.066684,-0.025921,-0.030388,0.055842,-0.042483,0.037395,-0.020867,-0.061490,0.030063,-0.017580,0.029460,-0.074585,-0.102713,0.042757,-0.053461,-0.006049,-0.064708,-0.049278,0.001547,0.050479,0.059946,-0.067439,0.030086,0.001967,0.035739,0.064514,0.056473,-0.032291,0.057788,0.000262,-0.003173,-0.055029,-0.098671,-0.078945,-0.040142,0.027207,-0.016667,-0.027460,0.017893,-0.030637,-0.029432,-0.082503,-0.043711,-0.030252,0.002047,0.069833,0.070940,-0.048970,0.005266,0.091922,-0.040783,0.009949,0.060993,-0.023012,-0.000000,-0.148874,-0.021023,0.013477,0.031697,0.069755,-0.009350,-0.038508,-0.040581,-0.020298,0.078247,0.018832,0.078016,0.061634,0.048629,0.052582,-0.066425,-0.049814,0.055742,-0.012357,-0.087635,-0.110889,-0.021550,0.064079,-0.031913,0.105191,-0.032233,0.029789,0.069479,0.122331,0.052017,0.072409,-0.013804,0.004229,0.035529,-0.062776,0.061797,-0.081254,-0.103670,-0.004185,0.032740,-0.064995,-0.059740,-0.018858,-0.054540,-0.085570,0.005463,0.012781,-0.059222,-0.019040,-0.027419,0.020734,0.039570,0.037441,-0.013821,0.055040,-0.101862,0.033720,0.028877,0.021098,-0.031851,0.045134,-0.023662,-0.016804,0.005791,0.076569,0.001968,0.005735,-0.061522,0.016335,-0.007144,0.009720,0.055509,0.017006,0.000012,-0.042498,0.040107,-0.006013,0.047610,0.051638,-0.019496,-0.043448,0.029486,0.014405,-0.035686,0.004213,-0.135488,0.003002,-0.024231,-0.034919,0.001224,-0.062797,0.051742,-0.090579,0.033908,0.053717,0.000000,-0.056088,0.071863,0.002404,0.013439,-0.009363,0.062155,0.054420,-0.084920,0.017627,0.123608,-0.069083,-0.012979,-0.019951,0.010536,-0.045480,-0.001089,0.003208,-0.010635,0.064353,-0.045567,-0.024466,0.072199,-0.037442,0.028939,0.006773,-0.042432,-0.032874,-0.042583,0.035097,-0.046637,0.014124,-0.151476,-0.000788,-0.032041,-0.014489,0.047357,-0.009939,0.030605,0.031434,-0.008044,-0.043594,-0.067039,0.019153,-0.054047,-0.032138,-0.101056,-0.066654,-0.082040,-0.005526,-0.005189,-0.026018,0.020764,0.030916,-0.052779,-0.045145,0.018554,-0.006537,0.048220,-0.009522,0.003333,0.131200,-0.015426,-0.033237,0.030853,0.032834,-0.039582,-0.004804,-0.071918,0.001253,-0.000013,0.042029,-0.008010,-0.009981,-0.055461,-0.107716,0.018507,0.050706,0.028365,0.029717,-0.036823,0.060888,-0.065833,0.032637,0.062796,0.004774,-0.026864,0.055872,0.045112,0.034718,0.021055,0.048764,-0.021492,-0.007816,0.125778,0.034570,-0.000000,-0.027780,-0.057404,0.001794,0.048912,-0.017809,-0.008816,0.039406,0.034589,-0.046591,0.107709,0.099142,-0.081178,-0.109755,0.057307,0.056069,-0.020900,-0.055316,0.127737,-0.051407,0.038860,-0.014698,0.074167,0.025345,0.045102,-0.006144,0.006106,0.009774,0.069246,0.066343,0.025543,-0.001079,0.044165,0.029922,-0.011399,-0.078069,0.005569,-0.078775,0.042258,0.005438,0.106682,0.024776,-0.018302,0.002588,0.044679,0.063113,0.108932,-0.073150,0.026350,-0.044803,-0.039091,0.014694,-0.013257,0.049767,0.037599,-0.005169,-0.000327,-0.004348,0.018831,0.072075,0.086445,-0.074748,0.004384,0.060397,0.017171
-0.093165,0.012756,-0.003093,-0.029075,0.021125,0.006286,-0.019751,0.049442,-0.089782,-0.043408,0.037828,0.001364,-0.021215,0.086315,0.124921,0.017496,0.061345,-0.018154,-0.039680,0.039937,0.066263,-0.042774,-0.048837,-0.024168,-0.026034,0.008666,-0.046857,-0.044376,0.031144,-0.050332,0.017090,-0.026678,0.007957,0.079326,0.051178,0.027215,0.025416,-0.075313,0.010312,-0.078468,-0.022032,-0.082678,-0.082809,0.019925,0.013030,-0.089042,0.007630,0.000042,-0.012455,0.009569,0.005213,0.006854,-0.046042,-0.052929,-0.059376,0.025088,-0.050695,-0.047579,0.013191,0.015707,0.035452,-0.040227,-0.023470,0.043139,0.014083,0.016370,-0.021475,0.148872,-0.025137,-0.004376,-0.027303,-0.043284,0.030546,0.018328,0.073868,-0.013333,0.032813,-0.059365,0.020648,-0.003990,-0.053465,0.051189,-0.081870,-0.027911,-0.115862,0.010970,0.003156,-0.008356,-0.053459,-0.086602,-0.013783,-0.029682,0.022331,0.035314,-0.114168,-0.058754,-0.026708,-0.082096,0.013779,0.065343,-0.009974,-0.003440,0.081499,-0.024965,-0.115559,-0.063982,-0.089467,0.032443,0.026382,0.016731,-0.055587,-0.012487,-0.034705,-0.018243,-0.016522,0.003194,-0.079886,-0.012407,0.141432,0.015490,0.026414,0.037185,0.075016,0.013054,0.010810,0.033382,-0.046084,-0.000000,-0.089620,0.090792,-0.016499,0.032240,0.081440,0.039039,-0.014341,-0.009172,0.000739,0.032793,-0.019416,0.108058,0.005694,0.141588,0.013424,-0.099860,0.024855,0.045186,0.045543,-0.001393,-0.102103,-0.074482,0.025101,-0.035364,0.063249,-0.036313,0.044848,0.050912,0.058393,0.036381,0.098943,0.011731,0.014974,0.018533,-0.069602,0.087171,-0.082159,-0.060515,0.035945,0.005576,-0.011482,0.030257,-0.045432,0.013858,0.003384,0.003851,0.123526,0.015259,-0.059865,-0.040490,-0.005131,0.031706,-0.098736,-0.013467,0.084781,-0.040162,0.015127,-0.043788,0.083431,0.004715,-0.019062,0.025498,-0.056966,-0.023876,-0.082662,0.030592,0.106917,0.037541,-0.079772,-0.024891,-0.074312,0.029752,0.053556,-0.034185,-0.006940,0.048017,0.013608,0.074221,0.060597,0.008283,-0.017155,0.002867,0.073051,-0.006507,0.017028,-0.011224,0.043939,-0.039445,-0.067178,0.071191,-0.037352,0.053616,-0.004295,0.035772,0.043051,-0.000000,0.010311,0.012033,-0.070651,-0.035540,-0.010591,0.016795,0.071692,-0.032821,-0.028718,0.033409,-0.048073,0.010847,-0.008757,0.048547,-0.071299,-0.033912,0.023136,-0.044821,0.015798,-0.037058,-0.041639,0.059701,-0.057885,0.034988,-0.010854,0.041853,-0.058330,-0.012466,0.012237,-0.014437,-0.020833,-0.115179,-0.034616,0.054528,0.035238,-0.055205,0.084910,0.058712,0.026797,-0.070438,0.003769,-0.029996,0.010966,-0.027723,-0.039667,-0.024896,0.032729,-0.064431,-0.059732,-0.009683,0.028002,0.027004,-0.032208,-0.107283,-0.076971,0.021220,0.061346,-0.021742,0.054426,-0.026718,0.065198,-0.041519,0.029652,-0.042652,0.131673,-0.050551,0.006369,-0.029410,-0.043430,0.030472,0.095235,-0.037428,-0.006868,-0.056659,-0.043035,-0.020377,0.048206,-0.057124,-0.003206,-0.034075,0.011497,0.035054,0.043721,-0.014593,0.070695,-0.012136,0.049286,0.009249,0.058574,-0.003414,-0.095222,0.073440,-0.023151,0.032947,0.011780,-0.000000,0.003331,-0.008271,-0.023113,-0.034762,-0.043952,-0.010253,0.007793,-0.006842,0.048023,-0.049639,-0.017427,-0.047045,-0.085192,0.121336,0.074772,0.068636,-0.047548,0.025022,-0.037481,0.026430,0.002235,0.093560,0.080857,0.107940,-0.055197,0.042445,0.032554,0.071910,0.080704,0.051812,-0.065234,0.000682,-0.032865,-0.006576,0.020421,-0.042798,-0.107931,0.024861,-0.001375,0.084315,0.002796,-0.095860,-0.023418,0.066693,0.079512,-0.045600,-0.079456,-0.005167,-0.049785,0.066121,-0.025264,-0.028796,0.012919,0.005127,-0.010524,0.019150,0.014790,-0.028958,0.021802,0.091387,0.006617,-0.121024,0.029074,0.058377
-0.088177,0.082699,-0.058878,-0.004737,-0.016559,-0.065716,0.010819,-0.019208,0.048440,0.016000,0.022258,0.001051,-0.038319,-0.059598,-0.024956,-0.029505,-0.018389,-0.036531,-0.095951,0.055798,-0.047833,-0.074693,-0.069029,-0.020488,0.031353,-0.015219,0.044225,0.039370,-0.023978,-0.131182,-0.003636,0.030029,-0.026421,0.051372,0.033877,0.050839,0.019402,-0.060261,-0.018107,-0.068552,0.052168,-0.059971,-0.044471,0.029723,0.039560,-0.003367,-0.029928,0.001011,0.038163,0.013538,0.022658,0.031789,-0.023998,0.118097,-0.012257,0.034566,-0.001235,-0.065321,0.027554,-0.008303,-0.006650,0.033691,-0.054088,0.046667,0.052244,0.012733,0.009831,0.032704,0.000985,0.039470,0.021194,-0.110456,-0.051294,-0.007392,-0.026049,-0.056133,0.008600,0.060356,0.014795,-0.017952,0.035607,0.018360,-0.027504,-0.053919,-0.054221,0.070336,-0.051245,0.011986,0.104292,0.012118,-0.000284,0.011063,0.137307,-0.009147,-0.047520,0.020528,-0.019906,0.006875,-0.068856,0.039196,0.055377,0.082462,-0.034256,-0.022276,-0.060505,-0.018878,0.015860,0.040140,-0.022228,-0.070927,-0.075957,0.065025,-0.006533,0.023475,-0.042931,0.085656,-0.077938,-0.015472,0.067023,-0.002573,-0.007610,0.032479,-0.093181,0.039027,-0.115166,0.009952,-0.043777,-0.000000,-0.137863,0.013185,-0.017513,-0.073658,-0.021183,0.039873,-0.026610,-0.033053,-0.085668,0.019048,0.088491,0.018246,-0.059150,0.029133,-0.064228,-0.069822,0.025188,0.055651,0.037573,0.039083,0.046537,0.017704,-0.045768,0.011864,0.003091,0.017100,-0.076280,-0.041977,0.074612,0.036572,0.019104,-0.007803,0.009603,0.041569,-0.045670,0.071838,-0.083778,-0.028923,0.016981,0.008054,-0.052373,-0.013372,-0.094831,-0.020194,-0.033500,0.030286,0.054801,0.009766,0.013616,-0.044063,-0.041547,0.041396,-0.035659,-0.013666,-0.003471,-0.066194,0.089366,-0.105757,-0.059856,-0.085176,-0.031365,-0.001139,-0.047102,0.011754,-0.062273,0.011782,-0.042332,-0.015354,-0.049207,0.005781,-0.098032,0.085819,0.020108,0.089037,-0.090162,0.031432,-0.063912,0.058889,0.088790,0.119336,0.023715,0.042656,-0.045104,0.021104,0.070409,0.054004,-0.015722,-0.080862,-0.003011,0.021873,-0.005027,0.027281,0.024361,0.016658,0.093058,-0.000000,0.016092,-0.059189,-0.035398,0.035742,-0.036262,0.057245,0.044076,0.061545,0.086787,0.094724,-0.006648,0.016406,0.036699,-0.059467,0.103430,-0.039493,0.009015,0.044574,0.026355,-0.045642,-0.036119,0.035443,0.000773,0.104502,-0.041169,0.002573,0.040020,0.079422,-0.042839,0.039406,0.072764,-0.084762,-0.071021,0.046433,0.017868,-0.069235,-0.005581,0.014773,0.026817,-0.046767,0.068974,0.037007,-0.019248,0.034675,-0.018919,-0.024272,-0.020123,-0.018324,0.083376,-0.098621,0.042767,0.016821,0.067121,0.012813,-0.040957,0.164962,0.097836,-0.005836,0.066000,-0.024850,-0.011509,0.048218,0.024201,0.053467,0.005722,-0.072599,0.033577,-0.016442,-0.032737,-0.035833,0.062283,-0.030738,-0.077581,-0.059510,0.056109,0.054778,0.009532,-0.041332,-0.003342,-0.031939,0.004978,0.072850,0.025804,0.008867,0.045168,-0.047768,0.023119,-0.053176,-0.023647,-0.043266,-0.047879,-0.042070,-0.081898,0.008100,-0.013537,-0.000000,-0.044912,-0.083995,0.056924,-0.025676,0.102609,-0.032375,-0.024979,0.029886,-0.056251,0.007631,0.057700,-0.014165,-0.050022,-0.024333,0.002038,0.007040,0.062617,0.002136,-0.016350,-0.014797,0.031657,-0.018809,0.101275,-0.036581,-0.045198,0.005364,0.050790,0.151036,0.025766,-0.029699,-0.044884,-0.013253,-0.002340,0.042384,-0.035487,0.034627,0.004155,-0.005608,0.022856,0.030401,-0.012091,0.006352,0.003197,0.093095,-0.082711,-0.053093,-0.042123,-0.073712,-0.006794,-0.083258,-0.020267,-0.082045,0.047753,0.037807,0.038636,0.007880,-0.061956,0.075284,-0.036395,0.040647,0.104812,-0.103724,-0.072261,0.021921
-0.102963,0.091643,-0.019622,-0.000483,-0.026848,-0.013525,0.001172,-0.024231,-0.044063,0.016225,0.040957,-0.004533,-0.003573,0.001814,-0.030584,0.039787,-0.000813,-0.047593,-0.078695,-0.040147,-0.034920,-0.031315,0.010970,0.007948,-0.015803,0.009750,0.026289,0.001710,0.054614,-0.022432,-0.000094,0.043328,0.021608,-0.008191,-0.022228,0.100319,0.029628,0.006467,-0.082564,-0.032290,0.002387,-0.060177,0.001593,0.039716,-0.032075,0.070079,-0.054750,-0.039675,0.041640,-0.011985,-0.080534,0.071042,-0.027774,0.011028,0.039693,0.001178,-0.072102,-0.125250,0.040993,-0.084067,0.087596,0.052933,-0.142702,0.003523,0.065518,0.022087,-0.035334,0.058982,-0.023398,0.059247,-0.038314,0.028129,0.014064,-0.012159,0.010318,0.026649,-0.006037,0.042129,0.001749,-0.003812,0.028887,-0.010588,-0.040047,0.025420,-0.055832,0.000748,-0.107983,-0.015016,0.069712,0.027615,-0.040608,0.109300,0.111605,0.004035,-0.022055,-0.029017,0.006870,-0.001629,-0.048878,0.123016,0.049624,0.001517,0.001910,0.078464,-0.083168,-0.010816,0.002860,0.018838,0.024904,-0.061106,-0.042987,-0.005167,-0.011851,0.065102,0.014816,0.028052,-0.025810,0.037160,0.026527,0.002772,0.014453,-0.030975,-0.130616,0.036945,-0.062582,-0.025700,0.088881,-0.000000,-0.011461,-0.045599,-0.012826,-0.037509,0.042698,-0.022815,-0.073589,-0.003646,-0.084501,-0.011401,0.050300,0.045168,-0.070514,0.028098,-0.011100,-0.095333,0.032949,0.029082,0.019014,0.044660,0.015143,-0.041463,-0.081477,0.011798,-0.014658,-0.012698,0.000773,-0.056454,-0.001244,0.044005,-0.005838,-0.006649,0.022565,0.059393,0.002439,-0.013887,-0.009668,0.014297,-0.023037,0.029721,-0.001243,-0.073448,-0.083584,-0.027810,0.070566,0.013656,0.001088,0.027967,0.079257,-0.043247,0.016355,0.023947,0.009442,0.038226,0.029051,-0.055809,0.024507,0.051615,-0.014361,-0.031024,0.021846,0.007018,0.008619,-0.046063,-0.059533,-0.009022,-0.018307,0.051438,0.054702,-0.008408,-0.091279,0.068452,0.056115,0.007507,-0.064130,-0.011765,-0.068223,-0.040053,0.034545,0.138715,-0.022247,0.092283,-0.081360,-0.076630,-0.003704,-0.058006,-0.059501,-0.105339,0.001601,-0.021103,-0.017314,0.034352,-0.005135,-0.046643,0.021134,-0.000000,0.046607,0.079112,-0.056867,0.007031,0.031918,0.074133,0.049759,0.141288,-0.038100,0.114857,0.102799,0.059830,-0.016217,0.008998,0.128056,0.002944,0.017981,0.018509,-0.087639,-0.038171,-0.059850,0.002810,-0.032349,0.031482,-0.041847,-0.012708,0.090894,0.138867,0.011523,-0.049929,0.071973,-0.016601,-0.148906,-0.035281,-0.030481,-0.096779,-0.006874,-0.022957,0.028561,0.036004,0.079054,0.030942,0.011659,0.032911,-0.024754,0.012631,-0.032429,0.013645,0.048312,-0.095658,0.060942,-0.034405,0.005114,0.001352,-0.019360,-0.038470,0.078520,0.028573,0.106531,-0.016461,-0.070517,-0.007818,-0.041768,0.042890,0.077330,-0.099509,-0.017224,-0.047190,-0.079036,-0.007334,0.051713,0.023419,-0.103278,-0.061505,0.040405,-0.039970,0.021421,0.043857,0.025792,-0.064688,-0.027224,0.015246,-0.031947,-0.007841,0.038583,0.035207,-0.001843,-0.044611,-0.047549,0.017741,-0.057188,0.074449,-0.037481,0.035628,0.048936,-0.000000,0.024960,-0.037923,0.015702,0.001772,0.001550,-0.023861,-0.076421,-0.033365,-0.043455,0.027183,0.095339,-0.013216,-0.042223,0.047588,0.008334,-0.041654,0.002379,0.137221,0.023473,-0.055515,0.026268,0.018435,0.049332,0.064996,-0.051251,0.011563,-0.063243,0.146242,-0.022909,0.000340,0.054487,0.008980,0.004727,0.012429,0.088955,0.089881,-0.026079,0.002707,0.015100,-0.030167,-0.002587,-0.035171,0.070263,-0.008321,-0.085903,-0.084129,0.117694,-0.031397,0.018493,-0.025592,-0.041617,-0.029063,0.040417,-0.020856,0.030343,-0.033242,0.003959,-0.010375,0.020697,0.063525,0.129790,0.049737,-0.068030,0.020696
-0.007836,-0.009361,-0.035789,-0.037709,0.022192,-0.001610,0.122942,-0.039997,0.003655,0.040156,-0.024807,0.045159,0.014602,-0.017614,0.013544,-0.004050,0.027526,-0.163948,-0.034328,0.058235,-0.133189,-0.047710,-0.042702,-0.000419,0.025410,0.016432,-0.003802,0.018042,0.056979,-0.031692,0.086957,0.007803,0.066026,-0.032355,0.055866,0.052904,0.088052,-0.061961,0.044702,-0.043415,0.097284,-0.086100,-0.054156,0.029778,0.008980,-0.003802,0.068482,-0.071590,-0.036467,-0.027747,0.036625,-0.061110,0.015991,-0.094962,-0.005009,-0.012023,0.033781,-0.049895,-0.009918,-0.052642,-0.067733,0.077532,-0.055941,-0.005934,-0.002347,-0.089519,0.024288,-0.005706,0.054189,-0.010064,-0.044213,-0.043517,-0.008808,-0.014873,-0.063311,-0.003228,0.061820,-0.020364,0.067476,-0.038713,0.068695,-0.121663,0.027709,-0.147671,-0.025298,-0.029578,-0.026454,0.019660,-0.043084,-0.038986,0.021102,0.006281,0.039688,0.020864,-0.002877,0.039735,-0.013906,0.019761,-0.022962,0.122289,-0.024800,0.139990,-0.084931,-0.051758,-0.050775,-0.029440,-0.030274,0.067363,0.014044,-0.064292,-0.034440,0.084706,-0.004829,0.012425,-0.082229,0.102386,-0.043559,0.048071,0.042792,-0.015379,-0.012924,0.059489,-0.036674,0.023615,0.014477,0.029693,-0.056021,-0.000000,-0.065785,0.010024,-0.035008,0.008585,0.009777,0.002619,0.066880,-0.058697,-0.010283,-0.030138,-0.004027,-0.022785,0.025565,-0.004748,-0.049463,-0.124424,-0.052105,0.090857,0.032123,-0.023169,-0.046075,0.020006,0.031771,0.048681,0.026659,0.029819,0.054007,-0.016015,0.097865,0.049898,-0.055767,0.082956,-0.087337,0.038339,-0.083582,0.047245,-0.094906,-0.095994,0.028621,-0.039761,-0.044072,0.008096,-0.059998,-0.071232,-0.092836,0.069066,-0.000803,-0.063716,0.093529,-0.073785,0.073613,0.029241,0.018918,0.006006,0.021311,-0.020004,0.028547,-0.028584,-0.002704,0.017436,0.017604,-0.008189,-0.017289,-0.045350,-0.011642,0.040459,0.047410,-0.043291,-0.046761,0.052368,-0.017353,0.028688,0.084044,-0.054905,-0.027248,0.065098,-0.005556,-0.014387,0.050526,-0.000564,-0.005746,-0.002344,0.029909,-0.051446,0.074965,-0.046276,-0.022096,-0.033236,-0.037023,-0.009870,-0.001363,-0.050082,0.013775,0.041797,0.015867,0.000000,-0.013468,0.022814,-0.092828,0.019399,-0.048951,-0.010288,0.045148,0.044508,-0.001784,0.125495,0.048921,0.017184,-0.020943,0.025120,0.064641,-0.104692,0.085736,-0.005947,0.105958,0.004385,0.014608,0.036806,-0.029062,0.115585,0.003456,0.018990,0.009977,-0.052052,0.001253,0.008692,-0.044861,-0.067875,-0.095221,-0.000702,0.059772,0.004818,-0.005947,0.046739,0.036824,0.061046,0.000387,-0.016755,0.026261,0.064680,-0.027917,-0.051866,-0.002931,0.003766,0.033239,0.069802,-0.027128,0.046379,-0.008143,-0.036551,-0.046498,0.042612,0.049153,-0.022005,0.056615,0.017276,-0.030442,0.058068,-0.006648,-0.019877,0.049577,0.047470,-0.004795,-0.126971,-0.020035,0.043186,0.035983,-0.024747,-0.132831,0.063246,0.013738,0.016512,0.036490,-0.038474,0.043361,-0.014703,0.052245,0.029645,0.075796,0.033166,0.056665,0.000660,0.039662,0.017206,-0.015487,-0.053213,-0.028807,-0.055880,0.048994,0.001112,0.070621,-0.000000,-0.054717,-0.068022,-0.021132,-0.002307,0.059403,0.046973,-0.034165,0.025792,-0.039989,0.051969,0.106683,-0.030983,-0.067518,0.023734,0.043795,0.020466,-0.032026,0.008996,-0.069721,-0.058134,-0.030633,0.077275,0.029035,0.012260,-0.021272,0.003178,0.003584,0.127779,0.038421,-0.023182,-0.035050,0.005806,-0.006672,0.032530,-0.086190,-0.046371,0.008159,0.021562,0.034531,-0.007513,-0.016430,-0.023747,-0.045378,0.016330,0.002742,0.062219,-0.134341,0.026888,-0.034057,-0.048135,0.038571,-0.058728,0.070091,0.092567,0.077673,-0.037804,-0.113394,0.036728,0.075098,0.059076,0.062932,-0.032425,0.060692,-0.022036
0.051093,-0.022123,-0.003709,-0.059439,-0.025119,0.004508,-0.023290,-0.022533,-0.103888,-0.042089,-0.057222,0.057144,-0.067108,-0.027845,0.020895,0.050720,0.075138,-0.049382,-0.012273,-0.035979,-0.074932,-0.093361,-0.016030,0.088644,-0.011755,0.006467,-0.023909,0.099261,0.039808,-0.055212,-0.021737,-0.033551,0.095124,0.002285,0.028251,0.100824,0.019697,-0.019777,0.010753,-0.075736,0.085161,-0.029344,-0.064289,-0.016801,0.036431,-0.028140,0.067945,-0.011483,-0.058226,0.039972,0.015202,-0.079792,-0.002944,-0.126306,-0.055890,-0.032839,-0.001961,0.018862,0.041946,-0.037727,-0.022976,0.013823,-0.047077,-0.040431,0.103750,-0.023467,-0.040708,0.064877,0.013869,0.004190,0.001178,-0.072768,-0.053099,0.003401,-0.071072,0.040336,0.025345,0.005606,0.029073,-0.046718,0.065351,-0.045571,0.013921,-0.065126,0.013486,-0.095659,-0.000344,-0.062138,-0.003686,-0.050033,0.041053,-0.045031,0.008757,0.088461,0.098959,0.103613,-0.041714,0.001455,-0.035312,0.051338,-0.017864,0.056306,-0.067715,-0.034461,-0.026361,-0.034124,0.004201,0.083153,-0.017256,-0.069455,-0.021840,0.096369,0.031804,0.017560,-0.016326,-0.032880,-0.044863,0.043633,-0.006366,-0.049989,0.033535,0.070226,0.054670,-0.041318,0.028979,-0.043595,-0.063852,-0.000000,-0.039012,0.063871,-0.044219,-0.008769,0.057871,0.000981,-0.016594,-0.032024,0.055827,0.005255,0.012986,-0.024570,0.096266,-0.070732,-0.036000,-0.073577,0.015572,0.078469,-0.019263,-0.071732,-0.028818,0.051382,0.000237,0.007448,-0.015005,-0.063837,0.047440,0.065828,0.124134,0.046755,0.024388,0.022243,-0.042640,0.042974,-0.050279,0.089056,-0.136318,-0.061595,-0.016052,-0.060335,0.010468,-0.011410,-0.016299,0.007811,-0.051114,-0.045940,-0.054208,-0.062221,-0.005103,-0.035286,0.012848,0.010990,-0.016215,0.009958,0.109907,-0.056606,0.081106,0.015932,0.025002,0.000064,0.002086,0.037496,-0.059872,0.060496,-0.033242,0.047244,0.099276,0.059065,-0.080726,0.070247,0.063851,-0.041770,0.067008,0.026761,-0.113314,0.001052,-0.047702,0.024939,-0.002509,0.042883,0.010414,0.094157,-0.016929,-0.050405,0.076912,-0.015507,0.055125,-0.046127,0.042633,0.016686,-0.061933,-0.017794,0.059157,0.075520,-0.036254,0.000000,-0.050706,0.037822,0.040549,0.036709,-0.062310,-0.012822,0.113191,-0.074884,0.038708,0.123294,0.042779,-0.001764,-0.046712,0.012953,0.077262,-0.037551,0.131448,-0.048150,0.029485,-0.039661,0.037609,-0.015950,-0.031968,0.155142,0.024901,0.058615,-0.013775,-0.035232,-0.031041,-0.045428,-0.046012,-0.029066,-0.068745,0.049740,0.009851,0.034590,-0.074837,0.013356,-0.006496,0.010644,0.010458,-0.005233,-0.040968,0.019658,-0.030865,-0.016954,0.032045,-0.086839,0.044447,0.032412,0.022426,0.007589,0.006901,-0.027679,-0.082012,-0.033531,0.029095,0.011949,-0.022028,0.034821,-0.001699,0.000517,0.013006,0.015896,-0.016053,-0.007937,-0.025940,-0.058998,0.027883,0.015239,0.039801,0.018635,-0.065999,0.036153,-0.068596,0.085916,0.015326,-0.005550,-0.073047,-0.064535,0.065419,-0.012922,0.046089,0.012730,0.023440,-0.042767,0.004230,0.036144,0.013555,0.021899,0.028124,-0.125595,0.062238,-0.017428,0.076439,-0.000000,-0.046325,-0.052972,0.012943,-0.002134,-0.017441,0.004048,-0.079498,-0.011810,-0.013502,0.093858,0.048504,-0.087623,-0.064686,0.014409,-0.033263,-0.002038,-0.043913,0.014292,-0.017739,-0.044528,0.007793,0.082926,0.035361,0.079260,0.012599,0.020078,-0.025542,-0.002575,0.007774,0.044123,0.083537,0.011955,0.088567,0.035692,-0.020281,-0.069711,0.036683,0.077727,-0.074685,0.029106,-0.023181,-0.009116,-0.029758,0.024403,-0.038723,-0.046176,-0.087730,0.075959,-0.030009,-0.096386,0.129726,0.000247,0.072318,0.038604,0.075375,0.009510,-0.065366,0.025934,-0.004042,0.003818,0.011246,-0.061473,0.100561,-0.033388
-0.013101,-0.000647,0.007396,-0.022211,0.065935,0.008930,0.023877,0.017548,-0.131433,-0.042948,0.030966,0.000355,-0.060431,-0.005613,0.085109,0.003136,0.076515,-0.041649,-0.005826,-0.013576,-0.040343,-0.021667,-0.000497,0.076645,-0.077385,0.088167,-0.071323,0.020462,0.065494,-0.081383,0.058406,0.029639,0.066905,0.013579,0.053479,0.118809,0.003547,-0.062618,0.000135,-0.076558,0.063165,-0.044521,-0.087896,0.059452,0.044909,-0.085304,0.029882,-0.044535,-0.034712,0.037999,0.005187,-0.108107,-0.073905,-0.071270,-0.072268,-0.048744,-0.006533,-0.031410,-0.038623,-0.011313,-0.034274,0.015396,-0.028031,0.017466,0.059668,0.006015,-0.053253,0.058694,0.033251,-0.037962,-0.046163,-0.015724,0.037952,0.035009,-0.018046,0.013175,0.048599,-0.056175,0.005281,-0.008353,0.071846,-0.022142,0.014960,-0.027980,-0.042095,-0.095810,-0.025675,-0.014481,-0.065868,-0.092282,0.026822,-0.084057,0.009328,0.055044,0.044034,0.009200,-0.079989,-0.028621,0.012593,0.046804,-0.068888,0.002540,-0.041816,-0.036453,-0.046726,-0.073585,-0.068837,-0.024547,0.007063,-0.028302,-0.073386,0.039625,0.024923,-0.041221,-0.047147,-0.049148,-0.002305,-0.008877,0.116646,-0.065644,-0.007926,0.052873,0.137242,-0.101425,-0.002879,0.009297,-0.005415,0.000000,-0.110507,0.033625,0.008720,0.074730,0.085930,0.018159,-0.013044,-0.039311,0.009151,0.003922,0.007956,0.049915,0.001586,0.114103,-0.054238,-0.074083,-0.025035,0.153381,0.039258,-0.062174,-0.114546,-0.038891,0.021127,0.043704,0.002481,0.014293,0.022150,0.077571,0.130611,0.014080,0.014950,0.013831,-0.000538,0.005003,-0.063134,0.108938,-0.118547,-0.109389,0.017069,-0.048642,-0.001691,0.015138,0.030768,0.040682,-0.049392,0.010740,-0.064570,-0.064210,0.043994,-0.070406,-0.054662,-0.005084,-0.018403,-0.007806,0.020179,-0.110458,0.035834,-0.001305,0.057621,0.011050,0.001927,0.026955,-0.055343,0.037339,0.068948,0.016999,0.049454,0.013032,-0.041051,0.080137,0.011714,0.034372,0.032171,-0.004699,-0.015197,-0.011850,0.000058,0.028684,-0.018491,-0.018538,-0.086115,0.074366,-0.012938,0.000668,0.025460,-0.040459,-0.009520,-0.038222,0.033744,-0.025097,-0.055913,-0.019687,0.051182,0.051685,-0.018641,-0.000000,-0.051514,0.018339,0.004859,0.087038,-0.006326,0.043162,0.068952,-0.048642,0.059857,0.076976,0.036070,0.021761,0.015864,0.009992,-0.012482,0.044024,-0.003512,-0.020560,0.050669,-0.023606,0.003190,0.053564,-0.028833,0.085476,0.006690,0.030034,0.010390,-0.038472,-0.005395,-0.056396,0.001256,-0.077174,-0.030840,0.033335,0.022973,0.033855,0.003264,0.003960,0.004039,0.004803,-0.015747,-0.027816,-0.086255,0.037072,-0.044818,-0.031913,-0.024933,-0.060961,0.071669,0.019868,-0.038161,-0.001215,-0.010086,-0.076758,-0.085755,0.033274,-0.029311,0.033733,0.019482,0.015581,0.024320,0.012783,0.013867,-0.074423,0.012467,-0.007573,-0.001147,-0.067344,-0.050832,0.026994,0.064773,0.059486,-0.034049,-0.010409,-0.080211,0.014867,0.021414,-0.020983,-0.042306,-0.045312,0.051745,-0.041821,0.042408,0.069511,0.037452,-0.089836,0.014993,0.050841,-0.008561,0.013306,-0.027219,0.027227,-0.010665,0.047935,0.066713,-0.000000,0.015508,-0.083343,-0.061990,-0.017121,-0.029136,0.052620,-0.061728,0.005933,-0.027837,0.075847,0.010072,-0.010408,-0.112366,0.068712,-0.016483,-0.002672,-0.061648,0.104771,-0.040744,-0.053687,-0.006968,0.100108,0.106460,-0.001747,-0.023715,0.031270,0.055349,0.024801,0.046268,0.028743,0.082650,0.015869,0.057418,0.069281,-0.020149,-0.054180,0.007264,0.065148,-0.022037,0.036687,-0.017234,-0.101365,-0.057306,-0.003657,-0.047576,-0.013135,-0.076513,0.063696,-0.083491,0.042132,0.068596,-0.023192,0.052027,0.050661,0.050538,0.024552,-0.064919,0.016232,0.144792,0.059281,0.008173,-0.044598,0.143082,-0.018515
-0.014047,-0.080853,0.017774,-0.035315,0.034788,0.035265,-0.021330,-0.032566,-0.002094,-0.063715,0.030429,0.087122,-0.060120,0.020125,0.101091,-0.025243,0.014441,-0.028051,-0.002659,-0.008754,0.045060,-0.019335,-0.041923,0.002460,-0.034401,-0.071106,-0.007739,-0.012250,0.038461,0.010090,-0.029275,0.026518,0.046672,0.016937,0.091384,-0.015140,-0.001299,-0.009744,0.059216,-0.070515,0.104099,-0.119167,-0.058724,0.044483,0.013857,-0.042705,0.001143,0.037461,-0.032539,0.007893,-0.044127,0.077244,-0.003517,-0.045898,0.011638,-0.032819,-0.013766,-0.087434,0.014377,0.023537,-0.024648,-0.045505,-0.004097,0.043713,0.020925,-0.073585,-0.011981,0.110989,-0.132891,0.030083,-0.019105,-0.065133,0.022813,0.041213,-0.016614,-0.040576,0.022247,0.042722,0.103410,0.004637,0.039344,0.026905,-0.052241,-0.073655,-0.067158,-0.056681,-0.028205,-0.031196,-0.053349,-0.001811,-0.013360,-0.082587,-0.003348,0.094714,-0.075738,0.004281,-0.059818,-0.081781,-0.000477,0.022346,0.031047,0.032669,-0.023130,0.011004,-0.098941,-0.065825,-0.048525,0.052915,0.082882,0.042394,-0.065693,0.019976,-0.046929,0.027825,-0.024384,0.036203,0.013879,-0.041855,0.069290,-0.066036,0.003214,0.057867,-0.049654,-0.013390,-0.031331,0.009642,-0.074783,-0.000000,-0.089127,0.063959,0.038402,0.011038,-0.072942,0.041380,-0.022330,-0.007751,-0.058585,-0.028149,-0.082247,0.063660,-0.006829,0.096769,0.043335,0.001418,0.001826,0.111953,0.116804,0.016766,0.041436,-0.025051,0.052850,0.082775,0.055496,-0.071132,0.011636,-0.039220,0.053757,0.027073,0.089295,-0.013216,-0.018907,0.018924,-0.109489,0.073717,-0.036320,-0.047720,-0.024752,0.007990,0.023693,0.058335,-0.058371,0.037310,0.004199,-0.003150,0.028478,-0.025835,-0.028427,-0.007294,-0.059998,0.031061,-0.073791,-0.069387,0.012124,0.075374,-0.016083,-0.056587,0.012749,-0.066544,-0.112670,0.005477,-0.040186,0.074283,-0.042479,0.093905,0.068751,-0.029795,-0.045453,0.049369,-0.021415,-0.024836,0.052495,0.038905,-0.076968,0.015221,-0.054160,0.062262,0.119216,-0.018367,0.006564,-0.014533,0.051913,0.000630,0.048626,0.024702,0.017581,-0.036025,0.062175,-0.042427,-0.081784,-0.011440,0.013804,0.106674,-0.027393,-0.000000,-0.028431,-0.034472,-0.023658,-0.028659,-0.082398,-0.060581,0.012497,0.003093,0.009909,0.034171,-0.016633,0.028782,0.101208,0.076211,-0.013961,-0.094060,0.099413,0.003471,0.015331,-0.008285,0.045638,-0.009786,-0.004178,0.110692,0.058186,0.009768,-0.069303,0.035280,-0.033383,-0.045550,-0.047754,-0.014744,-0.000419,0.066481,-0.020239,0.044446,0.016504,-0.012438,-0.045226,0.029750,0.040065,-0.051050,-0.041622,-0.016996,-0.021342,0.022579,0.009587,0.046150,0.023304,-0.016275,0.036143,0.027023,-0.034602,-0.008925,-0.085787,0.101463,0.087834,-0.016426,0.000204,-0.030573,0.005739,0.045265,-0.030625,0.002562,0.070611,-0.052630,0.044790,-0.068779,0.057516,-0.057619,0.147598,-0.017294,-0.072076,0.029480,-0.008507,0.045367,0.020317,-0.000118,-0.002002,-0.019812,-0.033148,0.006870,0.029864,0.009651,0.024787,-0.112458,0.015653,-0.070503,0.001494,-0.024004,-0.155948,0.014823,-0.053065,-0.057168,-0.047087,-0.000000,-0.027007,-0.098942,-0.005165,0.078001,0.004816,-0.013126,-0.056760,0.088166,0.037163,0.025314,0.022827,0.050891,0.077841,0.030868,0.000028,0.088094,-0.026647,0.043776,-0.029509,-0.025832,-0.034354,0.132867,0.054714,-0.011007,-0.002982,0.015614,-0.079236,0.025847,-0.025686,-0.033891,-0.021369,-0.019772,-0.000973,0.038605,0.016040,0.035993,-0.079115,0.020287,-0.009331,-0.026440,-0.043306,0.035022,-0.002733,0.002620,0.003586,-0.141967,-0.071635,0.071120,0.051131,0.005325,-0.005004,-0.014831,0.035495,-0.050029,0.062408,0.037414,-0.038048,-0.018415,-0.040784,0.071428,0.061188,-0.129577,0.021961,0.052416
0.023233,-0.050030,-0.019348,-0.086546,0.025375,0.067436,0.001880,-0.003391,-0.068277,-0.039850,-0.029339,0.010919,-0.026381,-0.019468,0.055226,0.033292,0.013612,-0.066532,-0.019760,0.015159,-0.086816,-0.105760,-0.048191,0.053714,-0.003634,0.022979,-0.012319,0.070033,0.059879,-0.062738,0.021839,-0.005605,0.060959,0.006543,0.017389,0.100595,0.010359,-0.066480,-0.024206,-0.093358,0.085153,-0.066022,-0.082076,-0.000078,0.060329,-0.013817,0.042215,0.002542,-0.051072,0.022370,-0.046803,-0.087129,-0.029471,-0.127273,-0.031420,0.005674,-0.010822,-0.004957,-0.003835,-0.052099,0.004147,0.022857,-0.058423,-0.025381,0.022680,-0.039409,-0.043314,0.093917,-0.000098,-0.061534,-0.006426,-0.072801,0.009853,-0.023747,-0.029405,0.049059,0.072213,-0.025778,0.045924,-0.024818,0.056317,0.031571,-0.014317,-0.085308,0.006433,-0.074904,-0.035835,-0.031310,0.013010,-0.099572,-0.015394,-0.046416,0.033121,0.077031,0.089653,0.093667,-0.055022,-0.055901,0.013504,0.041607,-0.025295,0.033264,-0.028075,-0.051081,-0.037503,-0.029800,-0.048575,0.075571,0.057309,-0.067764,-0.063448,-0.000861,0.034004,0.029177,-0.013224,0.015340,-0.114836,0.067168,0.089724,-0.102984,0.008299,0.058762,0.083806,-0.072621,0.006006,-0.037851,-0.032322,-0.000000,-0.073463,0.055876,-0.034176,0.032519,0.044625,0.024476,-0.005305,-0.007456,-0.025844,0.007041,0.008439,0.051608,0.069708,-0.001280,-0.070690,-0.106485,-0.015274,0.117257,0.028349,-0.051013,-0.027260,0.070212,0.030802,0.029605,0.024562,-0.117276,0.034712,0.066748,0.140866,0.017077,0.011988,0.029186,-0.065221,0.010612,-0.053167,0.151630,-0.125959,-0.142458,-0.026788,-0.011518,-0.023528,-0.001920,-0.043636,-0.030946,-0.078654,-0.063517,-0.080148,-0.058650,-0.024432,-0.028914,-0.004456,-0.002002,-0.069036,-0.016210,0.080127,-0.040257,0.009619,0.010609,-0.003427,-0.030087,0.002764,-0.065421,-0.030838,0.035005,0.005509,0.047403,0.072547,-0.032427,-0.052926,0.031467,0.018157,-0.028592,0.074408,-0.001696,-0.079655,-0.038013,-0.079862,0.065512,0.063349,0.060875,-0.048648,0.112111,0.006469,0.007460,0.049581,0.022313,0.030105,-0.076812,0.031893,0.037861,-0.065949,0.009398,-0.013644,0.082735,0.048133,0.000000,-0.038089,0.029216,0.018336,0.026309,-0.004967,0.013321,0.112692,-0.074211,0.025841,0.095488,0.056476,-0.009954,-0.040338,-0.013756,0.003089,-0.035225,0.090279,-0.032567,0.063663,0.008480,0.041594,-0.004757,-0.004098,0.068050,0.035457,0.016201,0.036485,-0.050547,-0.056457,-0.061657,0.004843,-0.030215,-0.100142,0.009846,0.034535,0.074796,-0.033493,-0.028466,-0.000635,0.002950,0.004790,-0.042478,0.026313,0.022305,-0.029566,0.009644,0.056434,-0.058016,0.077961,0.030842,0.003007,0.020907,-0.008035,-0.059953,-0.080842,-0.015904,0.059790,0.055246,0.023566,0.040403,0.091142,0.032224,-0.020154,0.021933,0.026788,0.028003,0.018343,-0.042647,0.058651,-0.000405,0.006349,0.031158,-0.044760,-0.030946,-0.061131,0.031813,-0.029754,-0.027389,-0.026934,-0.086688,0.076553,-0.010972,0.108499,0.044935,0.015862,-0.063505,0.040040,0.032943,0.023647,-0.010745,-0.005698,-0.082098,-0.009816,-0.008637,0.078624,-0.000000,-0.049498,-0.042055,-0.058503,-0.052922,-0.020372,0.055115,-0.072409,-0.036089,-0.008261,0.063731,-0.008346,-0.075262,-0.087581,0.038426,0.008982,-0.030635,-0.031804,0.042805,-0.033292,-0.006005,0.017003,0.099109,0.045974,0.025976,-0.009657,0.050652,0.003749,0.043183,0.048016,0.003052,0.083896,0.010516,0.098325,0.020141,0.040472,-0.029327,0.012910,0.097416,-0.048524,0.042057,-0.024111,0.027619,-0.034277,0.055995,-0.038658,0.007240,-0.071426,0.028652,-0.045618,-0.053771,0.075830,-0.006333,0.063712,0.029076,0.047587,0.019541,-0.063344,0.033483,0.042357,0.068223,0.032745,-0.057084,0.054588,-0.023191
-0.027869,-0.008429,-0.054779,-0.033242,-0.064345,0.061875,0.093129,-0.036347,0.051277,-0.093986,0.015476,0.031685,-0.022743,-0.029444,0.053163,0.032028,0.039493,0.021103,-0.056935,0.017070,-0.076667,-0.069468,-0.041351,0.009940,-0.025391,0.005890,0.026954,0.044518,0.038839,-0.048732,0.017035,-0.043873,0.101136,0.001887,0.027328,0.065922,-0.020736,-0.000411,0.076016,-0.006736,-0.019688,-0.111845,-0.036777,0.013310,-0.001255,-0.015836,0.037811,0.038774,0.025358,0.068092,-0.050651,-0.016697,0.014944,-0.041273,-0.016488,0.046629,-0.011629,-0.101987,-0.008795,-0.021029,-0.003307,-0.010522,0.015776,0.084915,0.096159,-0.063001,-0.037447,0.042771,-0.113015,-0.052134,0.007446,-0.034089,-0.054577,0.052994,-0.113877,0.052104,0.020744,0.000452,0.113688,0.023429,0.035743,0.014586,-0.033650,-0.025745,-0.130966,-0.001127,0.062788,0.070260,0.021215,0.052899,-0.013640,0.012447,0.010942,-0.040265,-0.049448,0.037583,-0.025175,-0.069066,-0.015900,0.002342,0.034823,0.078286,0.026473,-0.066350,-0.066034,-0.047457,-0.037278,0.011265,0.033061,0.013611,-0.073021,0.034540,-0.034086,0.003345,0.037142,-0.002547,-0.120904,-0.012521,0.051119,-0.061106,0.024995,0.093248,-0.039952,-0.018469,-0.064004,-0.026381,-0.041314,-0.000000,-0.049272,0.116571,0.058618,0.106237,-0.004252,0.022998,-0.055415,-0.036569,-0.074138,-0.002630,-0.010050,0.047462,0.060097,0.026015,-0.051424,-0.051859,-0.037139,0.024086,0.051658,-0.034060,0.031282,-0.025859,0.000277,0.004003,0.030425,-0.061488,-0.002890,0.036800,0.008951,-0.007962,0.119234,0.033568,-0.026340,-0.018467,-0.070732,0.022180,-0.062715,-0.024132,0.082553,-0.010977,-0.040844,0.026191,0.023486,-0.008673,-0.053196,0.037182,0.079393,0.013548,-0.016323,0.004132,-0.054794,0.008595,-0.030855,0.000560,0.010887,-0.018241,0.003951,-0.108679,-0.058842,-0.060154,-0.017936,0.025371,-0.016286,0.011353,-0.108150,0.101642,0.054066,-0.010037,0.030875,0.044324,0.050079,0.006515,0.007988,-0.025394,-0.067686,0.013789,-0.036595,0.017858,0.082242,0.044639,-0.004303,-0.022761,0.018151,0.071019,0.167415,0.053326,0.091593,-0.073073,-0.041074,0.056939,-0.016275,0.027898,-0.012653,0.100423,-0.000067,0.000000,-0.021775,0.007199,-0.035266,0.003124,-0.025274,-0.012707,0.017652,-0.034076,-0.045142,0.078882,-0.052686,0.014727,-0.060086,0.016410,-0.124661,-0.081058,0.046303,-0.086476,0.015245,-0.077019,-0.021960,0.112660,-0.077775,0.135980,0.017283,0.052089,-0.034577,-0.059032,-0.019290,-0.010929,-0.046001,-0.098252,-0.044374,0.025164,0.018976,-0.076037,0.064464,-0.076035,0.051807,0.084746,0.051856,-0.022021,-0.017631,0.060937,-0.020484,-0.062114,0.086610,-0.039568,0.043125,-0.020427,-0.015494,-0.050266,-0.087284,-0.012148,-0.083741,0.075269,0.090609,-0.048803,0.069043,0.019989,-0.041985,0.101909,0.057120,0.083947,0.021497,-0.047018,-0.004357,0.040804,-0.072574,-0.063771,0.023148,-0.063411,-0.020719,-0.013117,-0.050276,0.004190,0.032263,-0.094940,-0.007589,-0.009437,0.021672,0.025160,0.038453,0.039708,0.001635,-0.040358,0.027291,-0.029032,0.015385,-0.018764,-0.090761,0.016088,-0.042925,-0.031889,-0.046902,-0.000000,-0.091586,-0.021272,0.045325,0.037357,-0.008259,-0.059287,0.049332,-0.041343,0.002666,0.011122,-0.003988,-0.038514,-0.101435,0.076730,0.079115,0.041188,-0.018568,0.035569,-0.023127,-0.015168,0.024087,0.059317,0.056368,-0.023783,0.008343,0.027941,-0.010753,0.037319,0.007908,0.019194,0.030040,0.047905,0.050141,0.015473,-0.001807,-0.014310,-0.081427,0.013249,0.020198,-0.017455,-0.077010,0.052274,-0.006678,0.075240,-0.041818,-0.000852,-0.109571,0.072360,-0.021142,-0.092664,0.025342,-0.036579,0.098046,0.032310,0.009561,-0.000006,-0.039217,0.065256,0.010341,-0.031051,0.041648,-0.098945,0.009485,-0.005375
-0.021660,-0.029738,0.001279,-0.015314,0.094138,0.005485,-0.052198,-0.023046,0.056173,-0.003059,-0.030239,0.049805,-0.036758,0.021005,0.084868,0.015722,-0.000555,-0.006251,-0.122283,-0.020613,-0.067792,0.009239,0.029306,0.042233,-0.030887,0.008858,-0.053621,-0.046823,-0.013529,-0.025698,-0.002331,0.026245,0.035035,0.025346,-0.052507,0.005942,-0.032140,-0.011731,0.017923,-0.018219,-0.029560,-0.034756,0.007723,0.139236,-0.030915,0.125981,-0.024055,-0.044610,0.015280,0.000648,-0.122677,-0.072188,0.042394,-0.034858,0.014721,0.049021,-0.049978,-0.036995,0.000890,-0.030208,0.041093,-0.006538,-0.000333,0.029850,0.024564,-0.064664,-0.000326,0.081798,-0.048775,-0.001751,-0.054073,0.063233,0.046674,0.040895,-0.010208,-0.006847,0.036813,0.060471,-0.000485,-0.078190,0.014603,0.027677,-0.001987,-0.029322,-0.051708,-0.065429,-0.047106,-0.007791,-0.032970,-0.049453,-0.001745,0.003589,0.019975,0.019022,-0.008051,0.032318,-0.075921,-0.019790,-0.015706,0.057724,-0.022629,0.106251,0.052710,-0.035836,-0.025493,0.019473,-0.022988,0.055795,-0.035102,0.033524,0.016957,0.029175,-0.064208,-0.051054,0.054353,-0.043523,-0.064831,0.043953,0.115494,-0.052195,-0.021390,0.002252,0.008202,-0.029283,0.012227,-0.049797,-0.029324,-0.000000,0.021742,0.075568,0.060715,0.108672,0.020694,0.047835,-0.055554,-0.000720,-0.066348,-0.025623,0.030034,0.104642,0.044822,0.020624,-0.076563,-0.112986,-0.014395,0.108449,0.014155,-0.029698,0.051252,-0.077511,-0.026125,0.016741,0.036015,0.002573,0.022543,-0.078795,0.032399,-0.002265,-0.011746,0.036793,-0.059267,-0.086408,0.013600,0.036420,-0.045300,-0.093792,0.023970,-0.033418,0.022190,-0.006705,-0.098188,-0.017243,-0.030805,0.061543,0.034738,-0.020519,0.007268,-0.016005,-0.017753,-0.008450,-0.081405,-0.004641,0.022876,0.017076,-0.051307,-0.046924,0.016284,0.007997,0.018518,0.017650,-0.030266,-0.047231,-0.050348,0.043712,-0.023324,0.019717,0.012684,-0.020671,-0.071820,0.043623,-0.025041,0.004898,-0.003188,0.060283,-0.052708,-0.042990,0.080719,-0.048028,-0.042300,-0.033075,-0.018701,0.064297,0.064596,0.065384,0.068681,-0.036362,-0.056468,0.086878,0.025453,-0.037780,0.032555,0.093126,-0.010207,-0.000000,-0.043337,0.003593,-0.039494,0.024724,0.015356,-0.037334,0.006513,0.044894,0.110862,0.081818,-0.073999,-0.012015,0.027170,-0.010292,-0.103042,-0.003596,0.137977,-0.059321,-0.017116,-0.014135,-0.112971,0.114782,-0.101981,0.037333,0.022633,0.067497,0.122207,0.052035,0.002274,-0.063043,-0.052171,-0.100530,-0.064551,-0.020667,-0.021260,0.000594,0.025474,-0.028905,0.033181,0.065112,0.115066,-0.052548,-0.040776,-0.016539,-0.044145,-0.025075,-0.041759,0.028297,-0.023180,0.042126,0.097517,-0.035012,0.046660,-0.120873,-0.001111,0.062281,-0.019116,0.016178,0.009554,0.002196,-0.056181,0.041160,-0.025574,0.004897,0.072510,-0.025629,0.021170,-0.020969,0.034073,-0.002168,0.054817,-0.044680,-0.086418,0.001793,0.119801,-0.055774,0.082550,-0.087994,-0.044117,0.062470,0.017024,0.015551,0.055796,0.011599,0.030750,0.020787,0.018558,0.000437,0.045210,-0.077354,-0.118099,-0.063850,-0.004775,-0.087022,0.041715,-0.000000,-0.017339,0.025437,0.025837,0.038982,0.086730,0.068651,0.024377,0.053025,-0.051511,0.005642,0.038371,0.007367,0.037771,0.065753,0.108937,0.018420,-0.000967,-0.084663,0.004853,-0.026243,-0.049264,0.041310,-0.021852,-0.017257,0.041310,0.029813,-0.071410,0.036097,-0.039673,-0.039597,-0.010279,0.017735,-0.053712,0.014947,0.001857,-0.035373,-0.005042,-0.043316,0.045192,-0.034518,-0.056020,0.039982,0.055623,0.107465,-0.107177,0.009543,-0.053264,-0.048712,-0.085771,-0.089134,-0.020617,-0.073180,0.109086,0.090248,0.066494,0.003269,-0.096788,0.043916,0.022984,0.037979,0.058645,-0.047532,-0.041329,0.070493
0.023280,0.024083,0.069021,0.107543,-0.036125,0.011038,0.039781,0.065519,0.012077,-0.007588,0.005633,-0.047765,0.057266,-0.035872,0.018253,-0.004099,-0.005850,-0.153971,0.011008,0.031481,-0.103843,0.114276,0.025553,0.015292,-0.076051,0.029232,-0.007972,0.017897,0.069059,0.029340,-0.036090,0.033328,0.013106,0.015458,-0.009317,0.091274,-0.058990,0.014666,0.057286,-0.022937,-0.008276,-0.037457,0.064464,0.073586,0.032486,-0.018418,-0.020124,0.002917,-0.029529,-0.025232,-0.070474,-0.036399,-0.065400,-0.084962,0.007879,0.013640,-0.015665,-0.056834,0.006306,-0.015195,0.065627,-0.016058,-0.070641,0.034809,0.042721,-0.042300,0.034915,0.048894,-0.060208,0.107833,-0.075897,0.017657,-0.037973,0.064999,-0.023726,0.037779,0.042694,-0.041587,0.044892,-0.031489,0.047228,0.007377,0.012270,-0.007627,-0.066190,-0.011651,0.083223,-0.111277,0.026404,0.002126,0.000978,-0.059367,0.004589,0.029199,-0.073137,0.014422,-0.045724,-0.004653,0.017545,0.061079,0.021313,0.056090,-0.056773,-0.077829,-0.067867,-0.043748,-0.065221,0.025682,-0.030378,-0.010756,-0.000716,-0.015220,0.048031,0.051476,0.049507,0.061735,-0.007345,0.078648,0.007734,-0.021037,0.116975,0.085630,0.014043,0.010464,-0.064800,-0.093719,0.056489,-0.000000,-0.027723,-0.070457,0.006309,0.055886,0.039334,0.014954,-0.033491,-0.011705,-0.026695,-0.054265,-0.058590,0.034167,0.021470,0.087184,-0.069158,0.014161,-0.002549,0.145135,-0.003782,-0.025859,0.031433,-0.036783,0.027379,-0.030633,0.039033,0.021056,0.036804,-0.005899,-0.012426,-0.000335,0.033129,0.040657,-0.050473,-0.014736,-0.034485,0.095114,-0.076675,-0.092204,0.007449,0.010638,0.007916,0.040734,-0.019489,-0.002783,0.088544,-0.055526,0.027482,0.032606,-0.066487,-0.042263,-0.035376,0.012478,0.056169,-0.066607,-0.000302,-0.010487,-0.041638,0.073736,-0.023284,0.015811,-0.016825,-0.037905,-0.203594,-0.039662,-0.104188,-0.021497,0.006394,-0.049545,-0.011938,0.009081,-0.017379,-0.016636,0.121992,0.048638,-0.080618,-0.049810,0.011470,-0.029980,0.016012,-0.029463,0.105137,-0.048602,-0.080213,0.026750,0.048184,-0.052268,0.045758,-0.041841,-0.001400,0.065682,-0.075979,-0.005637,0.095470,0.015619,-0.080037,0.000000,0.032896,-0.024417,-0.033608,0.048085,-0.028482,0.034607,0.024469,-0.025854,-0.028408,-0.041650,0.068772,-0.028787,0.059889,-0.018371,0.001287,-0.005416,0.007877,0.022582,-0.001000,0.026354,-0.042818,0.057213,0.022987,-0.014471,0.000577,0.014243,0.027496,-0.018564,-0.099360,0.012637,0.086405,-0.121381,-0.164121,-0.073540,0.006160,-0.005539,0.050890,-0.065883,-0.000415,0.030133,-0.008129,0.042643,-0.007992,0.051846,0.015549,-0.063478,0.090448,-0.008580,0.028624,0.020972,-0.086121,-0.026085,-0.070913,-0.100583,0.010768,-0.012378,0.103420,-0.059697,0.022731,-0.069601,-0.003334,0.037040,0.015353,0.057728,0.049874,-0.052151,-0.062022,0.089192,0.062432,0.069277,-0.001341,0.018065,-0.015359,-0.065211,0.112901,-0.075327,0.039561,-0.010760,0.024450,0.021431,0.059965,0.046608,0.023149,0.033708,0.018018,-0.012591,0.075757,-0.011471,-0.012537,0.091263,0.002408,-0.022414,0.065210,-0.036269,0.006833,-0.000000,0.040759,-0.029413,0.049537,0.006032,0.060644,-0.078846,0.014932,-0.069525,-0.016199,0.031821,0.052745,0.030942,0.049957,0.005007,0.049474,-0.041103,-0.034064,-0.024088,-0.113999,-0.082400,0.029859,0.030645,-0.016434,-0.024161,0.089656,0.048703,-0.036541,0.051583,-0.056154,0.070300,0.015387,-0.033542,-0.024491,-0.042654,0.048825,-0.021494,0.023401,0.035828,0.093499,-0.029480,-0.060199,0.012067,0.019923,0.093937,-0.051052,-0.050934,0.019684,0.088145,-0.062158,0.007612,0.015989,-0.000532,0.054878,0.075238,0.064647,0.010770,-0.030111,0.061949,0.003830,0.014050,0.001358,-0.037083,-0.019491,-0.066204
-0.115749,0.084687,-0.041785,0.036446,-0.023851,0.001500,0.010798,-0.024932,-0.023380,0.011610,-0.010252,-0.094116,0.000910,-0.063136,-0.027331,0.035586,-0.026158,-0.055627,-0.116713,0.070228,-0.053872,0.015238,-0.024336,0.013024,-0.024704,-0.004592,0.058339,0.005450,0.043632,-0.047143,0.001274,-0.011484,0.033961,0.041246,0.087393,0.092189,0.034271,-0.004354,-0.069277,-0.015656,-0.016456,-0.108193,-0.042181,0.051212,0.000137,0.034827,-0.092360,0.023436,0.018629,-0.087207,-0.040049,-0.003869,-0.031613,0.067044,0.064665,0.042199,-0.061364,-0.084093,0.029272,-0.029732,-0.042912,-0.003996,-0.046743,0.090538,-0.000236,0.041556,0.000608,0.066880,0.034820,0.096488,-0.063569,-0.001920,0.020346,0.064818,-0.050249,-0.036154,-0.053272,0.048551,0.027417,-0.068938,0.079740,-0.009609,-0.070064,0.011932,-0.043235,0.089032,-0.070165,0.041455,0.009752,0.014625,-0.035620,0.032340,0.106860,0.063439,-0.032348,0.060821,-0.007924,0.029970,-0.128289,0.104921,0.070031,0.077538,-0.009464,0.006022,-0.070107,-0.029431,0.003220,0.031972,-0.017246,-0.047825,-0.048145,-0.020634,-0.028864,0.009530,-0.017626,-0.046578,0.016303,-0.042419,0.056090,0.031645,-0.004064,-0.010778,-0.121562,0.036379,0.012194,-0.044595,-0.022581,-0.000000,-0.020213,-0.008860,0.033076,0.017436,-0.028084,0.024900,-0.043332,-0.043173,-0.041896,-0.011867,0.101980,0.029055,-0.068501,0.029236,-0.006833,-0.083013,0.097132,0.003923,-0.033919,0.012773,0.028454,-0.050180,-0.048146,0.026192,-0.051845,0.018832,-0.063775,-0.028336,0.014534,0.026866,-0.042605,-0.033450,-0.038890,0.028177,-0.013661,0.021177,-0.074784,0.015464,-0.028690,-0.045445,-0.030083,-0.001710,-0.078192,-0.018647,0.054492,-0.002268,-0.009109,-0.002582,0.007354,-0.081640,0.016263,0.094595,-0.051766,-0.016435,0.027277,-0.013066,0.009518,-0.025850,-0.048581,-0.043257,-0.056221,0.035177,0.065476,-0.044284,-0.020485,-0.017288,-0.038246,0.030453,0.040708,-0.021061,-0.099663,0.061179,-0.013398,0.057959,-0.082783,0.061956,-0.090073,0.024748,0.049399,0.120441,0.066166,0.043183,-0.066282,-0.093074,0.025990,-0.097880,0.015672,-0.105679,-0.008140,-0.039514,-0.057487,0.070236,-0.000060,-0.063945,0.029122,-0.000000,0.084801,-0.041336,-0.086429,0.063902,0.021878,0.079837,0.037472,0.050104,0.021880,0.057903,0.001973,0.019905,0.042452,-0.062620,0.125822,0.070512,0.043423,0.093942,-0.031599,-0.003045,-0.036756,0.025981,-0.055705,0.048672,-0.076582,0.014581,0.059380,0.106614,-0.083837,0.016675,0.063901,-0.059929,-0.063458,0.057065,0.039986,-0.073377,-0.016455,-0.000370,0.015397,0.023297,0.119725,0.066098,-0.015232,0.040662,-0.065404,-0.007550,-0.035092,0.048338,0.054325,-0.081367,0.026507,-0.001165,0.003599,-0.004729,-0.020186,0.074790,-0.033720,0.038216,0.099977,0.025213,-0.013081,0.003335,0.010807,0.009768,0.026438,-0.117089,-0.004526,0.031032,-0.054645,-0.014008,0.005538,0.030082,-0.125150,-0.040705,0.015217,0.040547,0.027090,-0.021795,-0.037123,-0.043998,-0.031320,0.050181,-0.025701,0.076369,0.007592,0.058437,0.026106,0.046270,0.005162,-0.023060,0.008116,0.014050,-0.041616,0.098792,0.020552,-0.000000,-0.020785,-0.016892,-0.015690,-0.019359,0.089506,-0.012008,-0.087496,-0.026595,-0.071672,0.029723,0.085962,0.008303,-0.008899,0.040625,0.032118,0.019147,0.039642,0.027047,0.003176,-0.067114,0.062242,0.002537,0.080030,0.020131,-0.021322,0.031093,-0.050631,0.073277,-0.011623,-0.044997,0.070262,0.014442,-0.045082,-0.026128,0.037971,0.058441,-0.040430,-0.021671,-0.009121,-0.051709,0.013103,0.055022,0.041237,0.006864,-0.094857,-0.051769,0.049872,-0.030785,-0.091953,-0.084210,-0.094142,-0.045712,0.002959,-0.043323,0.074857,0.023473,-0.017256,0.045775,-0.029782,0.034646,0.129131,0.003632,-0.047549,0.021764
0.068946,-0.010819,-0.012549,-0.025461,0.068009,0.089047,0.092114,-0.021460,-0.049285,0.035099,-0.071608,-0.033734,0.013920,0.000837,0.003608,0.037366,0.017979,-0.130491,0.015543,0.097210,-0.068624,-0.000736,-0.020045,-0.035720,0.010934,-0.026668,0.003620,0.054625,0.010112,0.014841,0.101843,-0.001262,0.104306,-0.007781,0.067864,0.085726,0.064185,-0.029404,0.053517,-0.024900,0.090533,-0.115297,-0.067182,-0.080378,0.012930,0.034628,0.090424,-0.012199,-0.063566,-0.113086,-0.037732,-0.061557,-0.019948,-0.068977,0.038276,-0.030752,-0.025259,0.041740,-0.022622,-0.046003,-0.094273,0.074649,-0.067967,0.009175,0.017138,-0.053233,-0.011809,0.034286,0.041916,0.036380,-0.051757,-0.007851,0.043615,0.024285,-0.084639,-0.021497,-0.030358,0.017286,0.087510,-0.005412,0.025151,-0.021502,-0.008057,-0.078253,0.026250,-0.099772,-0.002489,-0.044372,-0.021377,0.012884,0.046301,0.025827,0.074766,0.078683,0.124812,0.002331,0.011566,0.125217,-0.004448,0.116241,-0.029296,0.040230,-0.107837,0.027943,0.025790,-0.063450,-0.006251,0.033477,0.025503,-0.063307,0.043384,0.024909,0.051184,0.067640,-0.030978,0.007404,-0.005268,0.022595,0.018963,-0.025970,-0.037533,0.016665,-0.060230,0.058744,0.001743,0.003245,-0.038420,-0.000000,-0.033788,-0.006055,0.007560,0.004046,-0.019405,-0.015760,-0.076352,-0.078327,0.082615,0.035922,0.077137,-0.046757,0.061313,-0.071746,0.027676,-0.027819,-0.049128,0.062276,-0.058887,-0.038933,-0.062573,-0.020722,-0.004617,-0.013727,0.025998,-0.044439,0.118235,-0.002171,0.095126,0.027721,-0.007990,-0.002277,-0.111094,0.014332,-0.097177,0.053984,-0.039336,-0.104440,-0.059552,-0.070523,-0.005178,0.000756,0.005161,-0.027524,-0.044444,0.063203,-0.030445,-0.025120,-0.043253,0.021862,0.062922,0.043427,0.027420,-0.028057,-0.013946,-0.031305,0.024111,0.028567,-0.021906,0.014860,0.028702,0.024993,-0.006880,-0.039663,-0.038600,0.005548,0.006114,-0.038751,-0.006248,0.047107,0.010763,0.034521,0.062057,-0.004122,-0.068512,0.033243,-0.085709,-0.005168,0.061368,-0.040047,0.072308,0.073365,0.002393,-0.081783,0.018713,-0.093310,0.079669,-0.028995,0.027102,-0.074289,-0.028753,-0.019227,0.028509,-0.060307,-0.048901,0.000000,-0.094879,-0.016473,-0.011397,0.007872,-0.029487,-0.000934,0.028306,-0.111363,0.059524,0.097750,0.050520,-0.014694,-0.024527,0.000960,0.011381,-0.068129,0.042025,-0.085788,0.046550,-0.010696,0.008884,0.041896,0.035032,0.060906,-0.030502,0.037340,-0.008343,-0.062816,-0.018351,-0.039489,-0.003883,-0.043010,-0.146750,-0.079276,0.029571,0.037504,-0.069575,0.015417,-0.013588,0.069338,-0.007895,-0.053041,0.026295,0.033050,-0.037226,-0.074421,0.080978,0.030493,0.028544,-0.003442,-0.046055,-0.021261,0.061338,-0.037146,-0.049435,-0.049062,-0.015774,-0.015073,0.032151,-0.001619,0.091400,0.023942,0.008239,-0.011816,-0.007936,0.034239,-0.128149,-0.081387,0.007795,0.032151,-0.040559,-0.025434,-0.076711,0.060099,-0.031398,0.104256,-0.025864,0.042215,0.033801,-0.045637,0.047089,-0.062375,0.056197,-0.023483,-0.022936,-0.006903,0.053313,0.011678,0.043327,0.002956,0.044085,-0.048354,0.029752,0.050270,0.055654,-0.000000,0.000982,-0.067524,-0.041520,0.004660,0.005966,0.011788,-0.024951,-0.087795,0.015778,0.075445,0.050529,-0.053694,-0.050239,-0.007310,0.015252,0.067385,-0.072623,0.016867,-0.040832,0.025591,-0.055244,0.040024,-0.043841,0.102282,0.002424,0.074653,0.002712,0.059463,0.040424,0.055031,-0.006585,0.037848,-0.013966,0.023305,-0.020302,-0.013182,-0.007264,0.049270,-0.009113,0.002685,-0.033837,-0.055481,0.023136,0.024075,-0.002955,0.035649,-0.104770,0.047279,-0.041645,-0.051641,0.052011,-0.016154,0.085799,0.086874,0.073806,-0.020947,-0.095493,0.048430,-0.036683,0.045293,0.044727,0.094705,0.087896,0.049663
-0.042532,0.026905,0.007310,0.000374,0.005187,-0.044514,-0.001119,0.077596,-0.113819,-0.065379,-0.005771,0.003710,-0.026594,0.081464,0.071499,0.029417,0.055324,-0.046565,0.068697,-0.056907,-0.047645,-0.008159,-0.013117,-0.061218,-0.009047,-0.018064,-0.014141,0.020694,0.027352,-0.057095,-0.008875,0.084060,0.018206,0.010374,0.076086,0.065710,0.024461,0.052406,0.051212,-0.032685,-0.016806,-0.023154,0.031504,-0.057836,-0.028784,-0.099209,-0.006505,-0.018638,-0.030039,-0.041953,0.032980,0.009379,-0.033768,-0.028494,-0.068971,0.062243,-0.051935,-0.002011,0.047406,-0.022321,0.068505,0.000767,-0.041193,0.023387,0.007428,0.004718,-0.065220,0.133477,-0.040197,-0.026661,0.046629,-0.056209,-0.066533,0.020046,0.084502,-0.017375,0.059581,-0.007519,-0.000462,0.009630,-0.039632,0.056390,-0.120234,-0.016260,-0.057777,-0.001392,-0.018879,-0.052426,0.004461,-0.050152,0.021028,-0.067396,-0.029574,0.035084,0.018008,-0.032381,-0.024192,0.011923,0.000206,0.056828,0.010127,-0.075565,-0.011084,-0.010436,-0.056255,0.000672,-0.101359,0.050299,0.036980,-0.027307,-0.066840,0.019352,-0.007212,0.018500,-0.101242,-0.018192,-0.083130,0.002146,0.103122,0.108812,0.040797,0.041026,-0.020123,0.036524,-0.087809,0.013740,-0.022910,-0.000000,-0.104887,0.025438,-0.034772,0.036874,0.107648,-0.025703,-0.034095,-0.009706,-0.032913,0.019283,-0.047591,0.042257,-0.031127,0.063402,0.042471,-0.080236,-0.047587,0.057734,0.003898,-0.028825,-0.095491,-0.006238,0.064020,-0.067248,0.069558,-0.036990,0.041041,-0.096298,0.100192,0.060110,0.091445,0.070412,0.000968,-0.023133,-0.026783,0.115377,-0.105888,-0.105856,0.007583,0.013102,-0.037947,0.019432,-0.062702,0.070719,0.067312,-0.028837,0.036333,0.042928,-0.022924,0.011476,0.004353,0.028825,-0.099891,-0.000615,0.063716,0.000643,0.041934,0.064097,0.035616,0.070904,-0.033827,0.050462,-0.081270,-0.052957,-0.023273,0.042460,0.050789,0.008933,-0.048219,-0.015058,-0.078106,-0.005386,0.066820,0.053276,-0.017442,0.032728,0.001996,0.072600,0.087564,-0.049032,0.013359,0.008379,0.005759,-0.053566,0.016353,-0.021829,0.113315,-0.093110,-0.011669,0.092194,-0.039897,0.049397,-0.060902,0.036287,-0.002501,0.000000,-0.023804,-0.022078,-0.004179,-0.047391,0.011789,0.034727,0.091531,-0.110000,0.006015,0.069627,-0.002900,0.071813,0.021652,0.041553,0.018287,-0.040015,0.032622,-0.014120,0.022721,-0.024192,0.018436,0.020762,-0.062356,0.025114,-0.028850,0.078857,-0.104224,-0.028885,-0.077738,-0.034218,-0.105416,-0.021056,-0.050321,0.023464,-0.016751,-0.021214,0.070358,-0.016954,-0.030482,-0.082424,-0.011218,-0.002210,0.011921,0.003162,-0.096027,0.005013,0.019681,-0.001647,0.030114,0.007410,0.067916,0.030856,-0.039349,-0.022133,-0.059608,0.041641,0.040810,-0.037286,0.011615,0.001914,0.061432,0.022512,0.007394,0.024890,0.153204,-0.075284,-0.030098,-0.069902,-0.064621,-0.027429,0.114923,0.004351,-0.016009,-0.066973,-0.061381,0.019989,0.028758,-0.082865,-0.126797,-0.028609,-0.051649,0.003610,0.035359,0.034097,0.051212,0.024732,-0.004112,-0.001930,0.081224,0.014284,-0.085379,0.023590,-0.028151,0.041531,0.035865,-0.000000,0.023689,0.019382,0.011298,0.012485,-0.068606,-0.083333,0.007334,0.015203,-0.009450,-0.053616,-0.031985,0.019305,-0.067049,0.069807,0.072165,0.018172,-0.060638,-0.021206,-0.049560,0.002102,0.026366,0.086539,0.045768,0.108189,-0.117611,-0.008565,0.017821,0.037005,0.098777,0.032514,-0.051436,0.003552,-0.000256,-0.030997,0.068455,0.031015,-0.029162,-0.012068,-0.012862,0.023746,0.053288,-0.087300,0.007050,0.042300,0.081364,0.022267,-0.055612,0.058465,-0.011558,0.036971,0.054427,0.016901,-0.002905,0.008494,0.033088,-0.022227,-0.029654,-0.081821,-0.016671,0.054827,0.004101,-0.087297,0.053156,0.074150
0.037586,-0.027825,-0.028875,0.005461,0.016901,0.005920,0.069814,0.027576,0.076050,0.101516,-0.012415,-0.020858,-0.024918,0.010158,0.040242,-0.023778,0.023509,-0.111350,0.063168,0.055803,-0.054144,-0.028584,0.038636,-0.073307,0.048951,-0.022813,0.089059,0.066755,-0.017360,-0.051345,-0.034428,0.026185,0.041838,-0.015272,-0.087513,0.000126,0.035208,-0.081347,0.011133,-0.045756,0.027045,-0.065695,-0.030928,0.021724,-0.022341,-0.104776,-0.025063,-0.092149,-0.004743,0.033081,0.022697,0.019991,-0.007471,-0.035359,-0.041297,0.039445,-0.047200,-0.050248,0.005284,-0.028668,0.025785,0.019456,-0.049979,-0.023736,-0.022978,0.002829,-0.023892,-0.030243,-0.002477,0.005728,0.009570,0.036221,-0.000593,0.040773,0.005838,-0.070633,0.079038,0.019501,0.069839,0.025395,-0.033994,0.006083,-0.049060,0.045964,0.018173,0.006389,-0.024570,-0.103031,0.057335,0.011815,-0.036038,-0.035565,0.042071,0.015679,0.022014,0.082081,-0.009290,0.054479,-0.056786,0.046386,-0.008300,-0.029761,-0.042269,0.000663,-0.040508,-0.088208,-0.041051,-0.000872,0.062503,0.007306,-0.019530,0.020902,0.019470,0.069816,-0.004591,0.052682,-0.057862,0.005434,0.051242,0.049067,-0.032218,-0.004585,-0.008741,0.011570,-0.062958,-0.055694,0.012775,-0.000000,-0.059598,-0.081023,0.029224,-0.107668,-0.001497,0.017208,-0.000651,0.023686,0.022563,-0.001064,-0.050732,-0.022234,0.061036,0.083993,0.141676,0.035147,-0.065539,0.091303,0.005247,0.049668,-0.017362,0.085046,0.008245,-0.087448,-0.078605,-0.035870,-0.016395,-0.066661,-0.066113,0.028751,-0.026264,0.012783,-0.015074,-0.027835,0.015471,0.013406,-0.065551,0.020020,-0.060083,-0.039490,-0.016242,-0.020865,-0.037032,0.115507,0.055602,0.030855,0.013546,-0.053439,-0.111588,0.036278,0.060123,-0.023851,0.027984,-0.055837,0.042022,0.001352,0.022088,0.057507,-0.015539,0.015548,0.013500,0.021862,-0.020818,0.030503,-0.033764,0.067612,0.042212,-0.046551,0.038223,-0.068953,-0.021980,0.045213,-0.006965,0.054883,-0.068803,-0.000555,-0.000520,0.033723,0.031406,-0.073018,0.032790,0.043061,-0.044690,-0.008538,0.086473,-0.078862,0.044958,-0.014617,0.115742,-0.017807,-0.026121,0.084000,0.012982,-0.045655,-0.008026,0.000000,-0.033364,-0.022061,0.044561,0.036550,0.041865,-0.008743,0.073590,-0.049280,0.064225,-0.045588,0.036186,0.054092,0.041848,0.005228,0.104301,-0.020962,-0.034959,-0.110247,-0.055175,0.074865,0.006803,0.029282,-0.078340,0.058794,-0.036915,0.046206,-0.075811,0.025385,0.027123,-0.061749,-0.019537,0.059508,-0.060960,-0.104880,0.145072,0.049827,0.004957,0.109089,-0.071095,0.065908,-0.041769,-0.027314,-0.096955,0.128871,-0.010008,0.028178,0.123680,0.010763,0.108341,0.016744,-0.076525,0.019077,-0.072627,0.068371,-0.007266,-0.029804,0.022139,-0.022976,0.063523,0.037970,0.047785,0.068955,0.015498,0.016194,0.046978,-0.033945,-0.006539,0.059018,-0.024762,-0.000373,0.006106,-0.123398,-0.017419,-0.016757,0.028256,-0.075372,0.020231,0.096735,0.000487,-0.002368,-0.028455,0.006536,-0.014899,0.017399,-0.033775,-0.034831,-0.036437,-0.047763,0.041298,-0.064792,0.068536,-0.054346,0.051375,-0.043560,0.000450,-0.000000,0.056957,-0.027998,0.104935,0.000302,0.010386,0.000577,-0.031689,-0.098407,-0.001760,0.118362,-0.003544,0.065454,0.003279,-0.034480,-0.019484,-0.008723,0.049333,-0.063232,-0.016113,0.101266,-0.005164,-0.032573,0.048521,0.025022,-0.030025,-0.024504,-0.133129,-0.006011,-0.004866,0.096600,0.076182,0.098583,-0.036786,0.017713,-0.019553,-0.138170,-0.049990,0.027133,0.001370,-0.004934,0.029274,0.019905,-0.040609,0.106831,-0.039948,-0.040062,0.003317,-0.031576,-0.031767,0.075448,-0.012928,-0.034514,0.054346,-0.039068,0.111563,-0.004547,-0.033928,-0.075799,-0.077465,0.003887,0.073733,-0.045026,0.002947,-0.008697
-0.113025,0.032598,0.018656,-0.043408,0.002148,0.004709,0.001224,0.059912,-0.081215,-0.041490,0.041388,0.043868,-0.022708,0.069257,0.087869,-0.064537,0.021567,-0.031929,0.050779,0.039743,-0.009001,-0.007397,-0.007387,0.004702,-0.036975,0.046641,-0.049236,-0.089268,0.008723,-0.056547,0.045526,0.038248,0.019562,0.057205,0.084442,0.078491,-0.012646,-0.040438,0.044912,-0.034444,-0.001592,-0.067484,-0.105513,0.000566,0.017053,-0.078980,-0.006579,-0.003918,-0.022394,-0.000987,-0.009547,0.007497,-0.045406,-0.074602,-0.013224,0.003476,-0.014505,-0.033619,-0.001896,-0.020605,0.021578,0.006158,-0.064374,0.044278,0.020468,0.039487,-0.058211,0.127723,-0.083019,-0.058893,0.034032,-0.014795,0.071031,0.042728,0.072978,-0.083925,0.069693,-0.024953,-0.001546,0.006343,0.031537,0.062685,-0.028211,0.052364,-0.114609,-0.048824,-0.013411,-0.035057,-0.011111,-0.081778,0.027592,-0.038790,0.044277,0.047198,-0.077744,-0.005550,-0.056800,-0.018286,0.039468,0.022101,0.006998,-0.001314,0.064782,-0.060987,-0.043825,-0.081089,-0.091373,0.001573,0.050033,0.023641,-0.048331,-0.001104,-0.054846,0.022766,-0.047150,-0.040596,-0.059608,-0.027187,0.123429,-0.039226,0.023292,0.065574,0.018964,-0.057162,-0.078612,0.061777,0.024078,-0.000000,-0.128318,0.093312,0.005269,0.018201,0.046652,0.011224,-0.018459,-0.000438,-0.012019,-0.001841,-0.063637,0.035022,0.010635,0.169749,0.039727,-0.028133,-0.105883,0.056648,0.051384,0.040733,-0.091128,-0.050872,0.075175,-0.029564,0.116267,-0.058179,0.005092,0.003791,0.043387,0.023852,0.111731,0.037117,0.004134,-0.003742,-0.079077,0.099779,-0.080798,-0.074436,-0.030822,0.011495,-0.051183,0.034655,-0.015048,0.069063,0.045577,0.023369,0.020956,0.041573,-0.010795,-0.019850,0.013983,0.004576,-0.049766,0.000776,0.072066,-0.050876,0.067391,-0.044671,0.033128,0.002527,0.030276,-0.011271,-0.044354,-0.012263,-0.006882,0.042636,0.037946,0.025397,-0.046319,-0.083029,-0.006152,-0.005621,0.020140,0.020540,-0.062480,0.040216,0.002268,0.095744,0.078907,-0.042730,-0.012638,0.017671,0.069706,-0.078890,-0.055191,0.011409,0.077338,0.001489,-0.025454,0.113967,-0.020721,0.087794,-0.011802,0.092519,0.028918,0.000000,-0.038059,-0.002935,-0.025924,0.020975,-0.020631,0.007370,0.064073,-0.094521,0.055788,0.066872,-0.060164,0.021298,-0.018964,0.070930,-0.031236,-0.019300,-0.006498,0.008980,0.012095,-0.066834,-0.054941,0.033981,-0.041122,0.057674,0.008040,0.034060,-0.071899,-0.051335,0.039971,-0.031461,-0.044185,-0.099998,-0.008203,0.008866,-0.004917,0.031225,0.001407,0.055991,0.046226,-0.025874,-0.030234,-0.024926,-0.020023,-0.009397,-0.074166,-0.014585,0.052776,-0.081334,0.008684,0.004317,-0.009451,-0.010913,-0.008367,-0.100748,-0.125386,0.111958,0.029714,0.004167,-0.014596,-0.017557,0.096767,0.030262,0.070990,-0.011514,0.047106,-0.013515,0.050616,-0.043556,-0.041529,-0.018233,0.017480,0.025472,-0.020182,-0.041005,-0.063946,0.014259,-0.074608,-0.061935,-0.079344,-0.051062,-0.005018,-0.003458,-0.008870,0.066787,-0.028674,-0.063596,0.065107,-0.072839,0.023513,0.000452,-0.087899,0.020214,-0.035457,0.057368,0.029155,-0.000000,-0.018622,-0.041112,-0.011168,-0.001635,-0.053833,-0.008742,0.068040,-0.024151,0.013396,0.003659,-0.029523,0.001103,-0.126725,0.078643,0.029756,0.000956,-0.022523,0.027470,-0.085999,0.007436,0.008990,0.089714,0.062689,0.010063,-0.043139,0.035925,0.090010,0.055935,0.122688,-0.029692,-0.055769,0.026950,-0.020993,0.009043,0.001484,-0.045926,0.025498,0.020679,0.006206,0.057946,-0.032907,-0.048070,-0.035684,0.031149,0.069211,-0.016492,-0.079522,0.053760,-0.009688,0.053420,0.017782,-0.030482,0.037322,0.037913,0.029254,-0.046911,-0.019050,-0.045385,0.063701,0.064642,-0.059474,-0.093913,0.115915,0.083119
-0.103635,0.028462,0.026308,-0.012100,0.016131,-0.031674,0.007001,0.016967,-0.108858,-0.065243,-0.011429,0.001057,-0.081162,0.079092,0.112180,-0.039969,0.060846,-0.045063,-0.003683,-0.014265,-0.023981,0.009876,0.063248,-0.013506,-0.077539,0.031531,-0.055240,-0.063211,0.039951,-0.035386,-0.005805,0.048723,0.043843,0.079871,0.105151,0.130064,0.058292,-0.050668,0.044826,-0.058254,-0.016757,-0.066071,-0.051550,-0.022436,-0.028624,-0.084334,0.052454,-0.018994,-0.048933,-0.027014,-0.016465,-0.009230,0.023771,-0.092129,-0.016637,0.082861,0.004771,-0.069129,-0.010708,-0.039168,0.004179,-0.008087,-0.081817,0.067699,0.033891,-0.015052,-0.069844,0.115131,-0.033604,-0.023486,0.014516,-0.008281,0.000536,0.021010,0.059085,-0.047620,0.049655,-0.044782,0.043141,0.005359,0.016101,0.004259,-0.038095,0.004223,-0.082296,-0.062444,0.019171,-0.009156,-0.040299,-0.063249,0.037381,0.019248,0.014319,0.040412,-0.055690,0.018812,-0.006855,0.056477,-0.003238,0.067362,-0.024932,0.016606,0.009327,-0.066936,-0.081536,-0.033244,-0.098453,0.046118,0.009032,0.039591,-0.073557,-0.003334,-0.041735,0.045600,-0.040417,0.011608,-0.030654,0.006046,0.097128,0.029573,0.035711,0.076914,0.037703,-0.007653,-0.050554,0.029142,0.039760,-0.000000,-0.106449,0.086219,0.024697,0.062625,0.064529,0.020677,-0.057193,0.002675,0.017558,0.034410,-0.005433,0.044133,0.010791,0.132091,-0.019535,-0.041637,-0.065316,0.019507,-0.032354,0.006576,-0.100988,-0.069684,0.039164,0.020350,0.087507,-0.015205,0.035860,-0.015291,0.117392,0.038270,0.067455,0.060502,-0.022650,0.014983,-0.053071,0.078787,-0.100601,-0.064862,0.004120,0.021635,-0.035371,0.038179,0.032829,0.058377,0.021253,0.005324,0.034632,0.023541,-0.012469,-0.002618,0.003575,0.018443,-0.072039,0.020992,0.037597,-0.023779,0.052487,-0.059752,0.017730,-0.008377,0.018386,0.050123,-0.059135,-0.042550,-0.029572,0.029381,0.015864,0.014555,-0.041816,-0.063430,-0.028179,0.052741,-0.008512,0.030746,-0.051102,0.049578,0.023896,0.063209,0.105067,-0.021355,0.039618,0.021643,0.084160,-0.081241,-0.001048,-0.021741,0.044263,-0.030081,0.027721,0.126811,0.022639,0.036453,-0.038250,0.041238,0.015044,0.000000,0.019017,0.019373,-0.041984,0.064947,-0.033341,0.001427,0.001562,-0.079820,0.111355,0.061048,-0.067954,0.054237,0.009231,0.048645,-0.016170,-0.031480,0.070585,-0.036327,0.048904,-0.114398,-0.011937,0.009252,-0.061541,0.035273,-0.060644,0.008923,-0.043159,-0.069820,-0.021964,-0.071351,-0.055371,-0.084924,-0.030172,0.032188,-0.007827,0.008065,0.036236,0.048165,0.028700,-0.031938,-0.001155,-0.008231,-0.084843,-0.032346,-0.064667,-0.024343,0.026738,-0.046860,-0.029117,0.009797,0.012921,-0.007122,-0.084348,-0.115858,-0.087729,0.097545,-0.018752,-0.034785,0.028350,-0.039603,0.044258,0.018676,0.080648,-0.045054,0.080289,-0.076134,0.023931,-0.054041,-0.037856,0.004882,0.122264,-0.037854,-0.033388,-0.017352,-0.058615,-0.016523,-0.004023,-0.090682,-0.085054,0.000719,-0.009933,0.012272,-0.021258,0.003625,0.027514,-0.029836,0.054713,-0.003021,0.041501,0.027970,-0.089447,0.038744,-0.009307,0.009011,0.069793,-0.000000,0.025123,-0.005470,-0.039167,-0.006990,-0.038374,0.002164,0.043417,-0.012354,-0.010605,-0.025153,0.021800,0.011417,-0.152640,0.095354,0.069633,-0.002730,-0.004794,0.056057,-0.094454,-0.016640,-0.005772,0.134036,0.059601,0.085603,-0.061253,0.049148,0.095076,0.075253,0.050782,-0.024120,-0.086249,0.049402,-0.052808,-0.002258,0.018372,-0.032500,-0.033340,-0.021040,0.045648,0.006717,0.003512,-0.040039,-0.030199,0.046799,0.075980,0.011043,-0.099790,0.084590,-0.058923,0.049197,-0.006006,-0.015077,-0.004877,0.048077,0.003149,-0.021779,-0.026714,-0.071029,0.015815,0.030494,-0.019478,-0.081703,0.006607,0.099873
-0.068187,-0.054608,0.019960,0.023692,0.093143,-0.044084,0.035588,0.073475,-0.024533,0.014872,-0.000127,-0.041505,-0.070811,0.076291,0.057645,0.053701,0.041425,-0.029930,0.026558,0.065556,-0.001532,0.016548,0.016191,0.020667,-0.037930,0.064134,-0.051262,-0.024279,0.025958,-0.057302,-0.019099,0.096929,0.033036,-0.013100,0.083809,0.053102,-0.008084,0.033678,0.026034,0.009622,-0.000912,-0.082466,0.060283,-0.061362,-0.019789,-0.046501,0.023954,-0.086370,-0.015164,-0.045684,0.015122,-0.034075,-0.077103,0.017901,-0.059756,-0.001702,-0.038526,0.004302,-0.029691,-0.056569,0.122973,0.021449,0.000251,0.028036,0.015643,0.056574,-0.030518,0.059415,0.046288,0.001422,0.066800,-0.026367,-0.025136,-0.097771,0.066614,-0.020638,0.003425,-0.024521,0.025490,-0.046201,-0.051617,0.126457,-0.032028,0.001247,-0.028694,0.057315,-0.000437,-0.073888,-0.059620,-0.037673,-0.003018,0.059104,-0.015926,-0.022382,-0.036901,0.022542,0.008449,-0.072940,0.028353,0.007783,0.002351,0.040162,-0.017477,-0.073185,-0.057392,0.036995,0.011527,0.040492,0.020034,0.052677,-0.029339,-0.009643,-0.008101,0.012173,-0.058829,0.018901,0.038853,-0.006365,-0.000880,0.092166,0.040934,-0.043518,0.021637,0.039168,-0.001409,0.007077,-0.012523,-0.000000,-0.012871,0.035356,0.027482,-0.047036,0.062262,-0.013884,-0.026065,-0.035435,0.004592,0.011846,-0.040620,0.027106,-0.005527,0.124663,-0.038431,-0.087300,-0.065927,-0.006209,0.084384,0.056755,-0.083023,0.016845,-0.018695,-0.027949,0.121256,-0.046492,0.018134,-0.084696,-0.052859,-0.005563,0.137025,0.025977,-0.078095,0.023309,0.001099,0.069866,-0.115887,-0.020958,-0.030100,-0.000770,-0.030685,-0.012227,0.015130,0.029891,0.010476,-0.036531,-0.004006,0.088373,-0.023702,-0.027640,0.038824,0.026395,-0.056151,-0.041259,0.014575,0.028238,0.042601,0.006469,-0.004384,0.008662,0.019497,0.086935,-0.063341,-0.043533,-0.027810,0.025285,-0.060784,0.074325,0.001794,-0.047094,-0.050726,-0.031987,0.086743,0.097715,-0.008095,0.018366,-0.034836,-0.053363,0.110831,0.015180,0.015149,-0.082897,0.057024,-0.113997,-0.156724,0.036199,0.039901,-0.026870,0.008276,0.100774,0.068515,0.009240,-0.079580,-0.016066,-0.034298,0.000000,-0.005362,-0.029494,-0.037491,-0.058107,0.024519,-0.039745,0.025801,-0.019772,0.087476,0.048137,0.097770,0.052045,-0.067624,0.033550,0.010495,0.037348,-0.041337,0.066244,0.069415,0.005531,-0.087561,0.038399,-0.021771,0.030750,0.019807,0.106045,-0.032090,-0.041507,0.049557,0.012836,-0.021666,-0.000597,-0.023266,-0.069425,0.000958,-0.030349,0.029325,-0.056959,-0.054957,-0.120671,-0.018602,-0.013877,0.118520,-0.026056,-0.032619,0.060972,-0.051589,-0.007872,-0.092965,0.038891,0.102290,0.050233,-0.076185,-0.027287,0.023816,0.084733,0.018960,-0.027741,0.049742,-0.060950,0.078156,0.041627,-0.047331,-0.061649,0.108208,-0.008620,-0.026937,-0.058543,0.012794,-0.028779,0.122730,0.014643,-0.035072,-0.088812,0.000036,-0.006231,0.028964,-0.042607,-0.084168,-0.000075,-0.019753,-0.006367,0.013122,-0.035556,0.000905,-0.017962,-0.086316,0.028306,0.022263,0.025342,-0.039179,0.020526,-0.082826,0.073125,0.062165,-0.000000,0.003969,-0.008529,-0.013803,-0.047863,-0.064906,-0.044472,0.104679,-0.022865,-0.021856,-0.079688,-0.065511,0.037415,-0.044491,0.008691,0.083909,-0.020536,-0.112836,-0.053650,-0.072841,-0.057790,0.031757,0.031081,-0.039441,0.060545,-0.093657,0.014458,0.080658,0.045108,0.047810,0.007710,0.004775,0.034757,-0.021457,0.000156,0.019285,0.043947,0.005485,-0.090877,-0.095186,0.061021,-0.005091,-0.077879,-0.002025,0.019326,0.067119,-0.042918,-0.059149,0.049920,0.046180,-0.037724,0.054235,-0.020011,-0.018337,0.042819,-0.021303,0.035654,0.029862,-0.010961,-0.027267,0.015086,0.019435,-0.067123,0.116830,0.029461
-0.139502,-0.039791,-0.008734,0.014005,0.017042,0.018752,0.080143,0.045594,-0.080697,-0.041591,-0.006029,-0.013248,0.007567,0.033404,0.029593,0.074099,-0.050555,-0.020883,-0.127826,0.063622,-0.073258,-0.043924,-0.054700,0.025368,-0.024990,-0.005737,0.038354,0.067073,-0.030417,-0.116776,-0.068902,0.030892,0.110717,0.036513,0.014360,0.009160,-0.082305,-0.006311,0.043186,0.052558,0.014097,-0.062725,-0.053450,0.025873,-0.036855,0.022926,-0.050665,0.059755,0.028715,-0.016533,0.031210,-0.000533,-0.028139,0.033130,0.137412,0.042661,-0.031262,-0.014230,0.002470,-0.014733,0.063950,-0.014681,-0.129205,-0.016974,0.042619,-0.036528,0.013410,-0.057610,0.068224,0.074262,0.038647,0.013782,0.055397,-0.114698,0.025896,-0.024339,0.050893,-0.026573,0.007702,0.029360,-0.032826,0.018032,-0.080706,-0.013346,-0.033823,-0.043246,0.124379,0.054235,-0.059842,0.017734,0.064986,0.030904,0.087952,-0.077504,-0.060417,-0.105281,-0.006800,-0.059859,-0.052016,0.171882,0.091393,-0.043924,0.019119,0.010820,-0.032138,0.029201,-0.020618,0.061394,-0.035694,0.030903,-0.048250,0.014957,0.091160,-0.027199,0.041721,-0.018440,-0.026992,0.013640,0.066334,-0.100235,-0.005230,-0.010261,0.011046,0.035694,0.037904,-0.120254,0.013849,-0.000000,0.005399,-0.073335,-0.043079,0.060852,0.032104,-0.029485,-0.018250,-0.056576,-0.034014,-0.000831,-0.006546,0.041757,0.054161,0.063061,0.044730,0.046094,0.046151,-0.028615,0.022930,-0.030414,0.002734,-0.074206,-0.082916,-0.064488,-0.021894,-0.008668,0.028632,-0.075781,0.089283,0.049169,-0.003923,-0.026506,-0.136009,0.071838,0.014557,-0.076971,0.041211,-0.003303,-0.039658,-0.026788,-0.035438,0.033359,-0.038439,-0.000033,-0.009619,-0.001446,0.013918,-0.009925,-0.027618,0.043942,-0.000091,0.038426,-0.064551,-0.049872,-0.083634,0.026017,0.005333,0.047018,-0.013577,-0.045952,0.009547,0.068167,0.054857,-0.031947,-0.036868,0.004888,-0.032453,-0.040339,0.030693,-0.015494,-0.026246,-0.004820,0.037925,0.019107,0.138699,-0.042754,0.021744,-0.007727,0.051852,0.013302,0.011652,0.002671,-0.038955,0.057283,0.046387,0.068459,0.068556,-0.005352,0.002589,0.031504,-0.051539,0.015180,0.074077,-0.017498,-0.071755,0.000000,-0.041604,0.009598,-0.015477,0.061661,-0.014007,0.040773,0.051651,0.015001,-0.075638,0.065258,-0.018704,-0.066912,0.062142,-0.097172,0.001763,0.015710,0.065139,0.028084,-0.019291,-0.026634,-0.052338,-0.020309,-0.023670,-0.024722,-0.002052,0.066683,0.011724,0.050855,0.034939,0.029344,-0.046684,-0.023930,-0.009877,0.029731,-0.010890,-0.023251,0.039883,-0.021139,0.007028,0.037333,0.003488,-0.101582,-0.021472,0.053168,0.005273,-0.025181,0.032495,0.033239,0.025418,0.049519,-0.039121,0.030532,0.012350,0.040115,0.030777,-0.033005,0.019368,0.019005,-0.010121,-0.019753,-0.055987,-0.049975,-0.025360,0.080698,0.049209,-0.052206,-0.031126,-0.044711,0.084350,-0.038769,0.010453,-0.034833,-0.132888,0.046239,0.090888,-0.018589,0.038738,-0.031979,0.059480,0.006584,-0.037203,0.036064,0.038747,-0.031481,0.096651,-0.013656,0.034096,0.147536,-0.062938,-0.075427,-0.019909,0.038757,0.045615,-0.084032,0.020100,-0.000000,0.002005,0.009678,0.049951,0.017558,-0.020990,0.017875,-0.085766,-0.028237,0.020954,0.047636,0.089612,0.011299,-0.027795,0.036770,-0.036268,0.019959,-0.111341,-0.062847,-0.001504,-0.025426,0.087175,0.127207,0.049712,0.065310,0.012377,0.040806,0.118848,0.014527,-0.020941,-0.008232,0.000558,0.030590,0.063459,-0.035868,0.040467,-0.076803,-0.102114,-0.052441,-0.031382,-0.012205,0.039947,-0.054309,0.019028,0.029055,-0.003034,-0.038732,0.020453,-0.163376,-0.044884,-0.002267,-0.032130,-0.040933,0.052775,-0.019842,0.013396,0.006154,0.027608,0.024910,0.026237,0.024589,0.058535,0.018908,0.074710,-0.034299
-0.130875,0.086747,-0.066249,0.000600,0.026986,-0.044483,-0.061998,0.017940,-0.135618,-0.024118,0.054930,-0.061557,-0.019735,0.000612,0.027785,0.047339,-0.000353,0.009965,0.004983,-0.004871,0.027285,0.034231,-0.019841,-0.006897,0.005328,-0.013017,-0.023670,0.000173,-0.016557,-0.072602,-0.017250,0.029742,-0.013982,0.028702,0.147919,0.140050,0.036908,-0.055004,-0.020140,-0.058448,0.056379,-0.026339,-0.012402,0.008198,0.015305,-0.049154,-0.083143,0.007956,-0.013763,-0.036720,-0.006238,0.033905,-0.013587,0.043907,-0.010198,0.050333,-0.039201,-0.012340,-0.012859,-0.047509,0.010131,0.015184,-0.066320,0.044205,0.001519,0.077378,-0.056886,0.079881,-0.051243,0.051494,-0.041507,-0.064581,-0.003962,0.057426,0.084963,0.024884,-0.016720,0.066697,-0.008457,-0.096524,-0.015664,0.033078,-0.048789,0.016199,-0.043008,0.070015,-0.004266,0.017060,0.002426,0.000835,-0.016964,-0.028860,0.073394,0.077341,-0.094948,-0.082338,0.033907,0.007394,-0.071319,0.088166,-0.002646,-0.006000,-0.043584,-0.023062,-0.098727,-0.044093,-0.056905,0.027016,-0.004274,-0.015690,-0.032930,0.019469,-0.017419,-0.046281,-0.036017,-0.025811,-0.025905,-0.042947,0.098922,0.023288,-0.009021,-0.017332,-0.062386,0.059371,-0.084419,0.036959,0.034150,0.000000,-0.076432,0.004853,0.011133,-0.015211,0.046953,0.015168,-0.027524,-0.060120,-0.044374,0.021669,0.005439,-0.005466,-0.032153,0.034831,-0.110028,-0.050594,-0.021091,0.091719,-0.010491,0.039575,-0.018751,-0.026210,-0.028833,-0.048734,0.025734,-0.001783,-0.026043,-0.076223,0.070100,0.046075,0.072337,-0.005822,0.069872,0.050802,-0.021423,0.036950,-0.135334,-0.009808,-0.028522,-0.018488,0.049205,-0.025091,-0.025934,0.042261,0.018241,-0.046339,0.024792,0.038008,0.071432,-0.048115,0.027361,0.066302,-0.085627,-0.025585,0.029667,-0.076272,0.072921,0.007768,0.032125,-0.040469,0.012714,0.100309,-0.006983,-0.026420,0.028340,-0.011509,-0.018185,0.012823,-0.077270,-0.096291,-0.064586,0.079103,0.054036,0.119589,-0.094304,0.015278,-0.025082,0.028696,0.093871,-0.006991,0.036752,0.009220,0.007892,-0.113109,-0.046760,-0.022470,0.004795,-0.021302,0.002044,0.078916,0.055262,0.046908,-0.029253,-0.033674,0.049477,-0.000000,0.037969,0.003372,-0.023400,-0.003202,-0.053200,0.044653,0.079274,0.036965,0.127061,0.063077,0.035152,0.003775,-0.003235,-0.042715,0.045883,0.033732,-0.013320,0.082716,-0.020641,-0.069713,0.012632,0.001219,-0.046417,0.063886,-0.063282,0.009071,0.055854,0.101665,-0.019768,-0.044900,0.033448,0.000096,-0.063155,0.038855,-0.042507,-0.094501,0.039450,0.101097,0.031936,-0.060039,0.031078,0.069355,-0.073551,-0.029904,-0.068440,0.006445,0.003401,-0.079982,0.016641,-0.047650,0.025579,-0.016676,0.022427,-0.015748,-0.066909,0.112237,0.047974,0.002677,0.038535,-0.056502,0.069106,-0.057839,0.067934,-0.037585,0.109836,-0.099869,0.002461,-0.050057,-0.000647,-0.030384,0.081060,0.019910,0.034440,-0.089984,0.044866,-0.020794,-0.021996,-0.021714,-0.071738,-0.034406,-0.014559,0.024152,0.025698,0.087156,0.064715,-0.034096,0.074902,0.044255,0.042486,0.018785,-0.052967,0.007398,-0.047548,0.077456,0.082802,-0.000000,0.020700,-0.048674,-0.091743,-0.020880,-0.018273,0.007150,-0.032974,-0.016129,-0.019150,-0.087027,-0.063302,-0.004576,-0.120144,0.025583,0.001872,-0.053250,-0.002051,0.050944,-0.040456,-0.034302,-0.004731,0.044924,0.107701,0.024633,-0.058910,0.027586,0.026305,0.121460,0.155046,-0.082646,-0.058375,0.011943,-0.063645,-0.040890,-0.027508,0.038834,-0.017207,0.020284,-0.002587,0.025305,0.047861,-0.023276,-0.032424,0.029517,0.010925,-0.002362,-0.023518,0.021891,-0.057395,0.027112,0.036018,-0.021274,-0.028298,0.005465,-0.041149,0.001047,-0.053371,-0.056095,0.021664,0.007438,0.031092,-0.040323,0.051075,0.091220
-0.029175,-0.015961,-0.047647,-0.008076,0.038295,0.038127,0.013195,0.042042,-0.155996,0.007341,0.052003,0.125098,-0.066738,0.045105,0.025025,0.064862,-0.032033,-0.042556,-0.067974,-0.018354,-0.071755,-0.036026,0.031342,0.035661,-0.022589,0.002418,-0.021710,-0.014225,0.078468,-0.016439,0.060870,0.066915,0.021866,0.006012,0.094208,0.101655,0.070722,-0.065467,0.074637,-0.063749,0.086802,-0.068969,-0.099081,-0.017883,-0.000660,-0.029503,0.090787,0.000628,-0.055753,0.039710,0.043432,-0.080766,0.039357,-0.146825,-0.098585,-0.039875,-0.077128,-0.007257,-0.006784,-0.000083,-0.000586,0.054341,-0.083174,0.025377,0.022170,0.044331,-0.033627,-0.021875,-0.039693,0.009692,-0.002256,-0.077623,-0.001535,0.032367,-0.049994,-0.033584,0.055664,-0.036104,0.013767,-0.001554,-0.035145,0.010641,-0.039930,0.018023,-0.096821,-0.081451,0.024751,-0.020465,-0.016816,-0.031353,0.005085,0.003602,0.010547,0.075133,-0.076683,0.006986,0.028652,0.055330,0.046048,0.060304,-0.068479,0.089446,-0.010377,-0.058267,-0.044645,-0.079076,-0.036196,-0.044688,0.023059,0.016330,-0.054149,0.037931,0.002442,-0.006962,-0.074947,-0.052052,-0.063589,-0.003327,0.075000,0.062488,0.004364,0.033492,0.084192,-0.035507,0.006757,0.044233,-0.049787,-0.000000,-0.107917,0.056975,0.022388,0.089859,0.070747,-0.014485,-0.038629,-0.060496,-0.026433,0.044220,0.040318,0.020471,0.053253,0.025572,-0.020994,-0.076304,-0.020025,0.040743,-0.054059,-0.056769,-0.091427,-0.038514,0.083979,-0.032188,0.092368,0.013655,0.050053,0.109512,0.128513,0.044935,0.082889,0.016466,-0.016151,0.042207,-0.102585,0.057122,-0.070941,-0.116301,0.020146,0.046082,-0.066398,-0.033770,0.006622,-0.033987,-0.072241,-0.001350,0.034470,-0.035955,0.020781,-0.070219,0.017156,0.037526,-0.059474,-0.006387,0.108577,-0.127270,-0.008673,0.020193,0.036370,-0.043850,0.058222,0.017716,-0.061192,0.004045,0.028450,0.004372,0.013490,-0.012661,-0.002256,-0.028769,0.051324,0.068353,0.000943,-0.030220,-0.037665,0.050441,-0.019230,0.046759,0.088848,0.037920,0.001958,0.010729,0.042610,-0.056431,0.060769,-0.081901,0.009203,-0.019198,-0.052926,0.018585,-0.075241,0.027402,-0.055191,-0.019621,0.028714,-0.000000,-0.050164,0.063125,-0.008119,-0.012156,-0.019900,0.032985,0.043064,-0.065448,0.029076,0.062413,-0.059691,0.017255,-0.045484,0.026901,-0.051983,-0.019557,0.076029,-0.039576,0.059672,-0.063923,-0.012946,0.060903,-0.073853,0.089038,-0.023299,-0.029629,-0.020868,-0.043587,0.005204,-0.033945,-0.003136,-0.133932,-0.004690,0.017124,0.010394,0.013776,-0.021467,0.017300,0.038344,-0.024760,-0.021463,-0.033605,-0.032247,-0.046992,-0.053681,-0.131978,-0.069347,-0.024696,-0.014352,-0.004927,-0.022169,0.055369,-0.019917,-0.093032,-0.026356,0.035066,-0.006005,0.008520,0.018766,-0.011971,0.018578,0.011204,0.007351,-0.016151,0.045543,-0.024088,-0.016154,-0.072077,0.021417,-0.012134,0.096383,-0.000080,-0.038263,-0.020258,-0.071135,0.054731,0.064851,0.006027,0.036942,-0.046393,0.036882,-0.080576,0.001867,0.023271,0.047090,-0.023959,0.024440,-0.007521,0.042520,0.037219,0.019086,-0.026852,0.011705,0.116501,0.072487,-0.000000,-0.019868,-0.026791,-0.021387,0.020402,0.024557,0.000879,0.059500,0.041978,-0.082200,0.082381,0.074874,-0.058641,-0.129544,0.071926,0.046070,-0.036589,-0.014016,0.127311,-0.054517,0.032438,-0.045172,0.074606,0.030065,0.024008,-0.039209,-0.002945,-0.021465,0.027135,0.015388,0.018541,-0.010699,0.032673,0.017164,0.037658,-0.055335,-0.029715,-0.046878,0.012971,0.006374,0.103107,0.045839,-0.016046,0.024307,0.049027,0.010411,0.064356,-0.070208,0.059989,-0.029790,-0.041926,0.034683,-0.028776,0.018481,0.035812,-0.002744,-0.001564,-0.013141,0.056962,0.054472,0.073552,-0.069387,-0.040217,0.039264,0.012770
-0.017712,-0.088269,-0.001444,-0.011079,0.050512,-0.017160,0.027604,-0.000347,-0.027031,-0.102776,0.006581,0.050562,0.038074,0.038558,0.060412,-0.000070,0.000951,-0.000072,-0.058505,0.034974,-0.145081,0.006919,0.000387,-0.012870,-0.066611,0.050528,-0.031024,-0.060125,0.044670,-0.071184,0.024624,-0.002405,-0.034176,0.002726,0.015026,0.053109,-0.030688,-0.052533,0.056159,-0.069809,-0.017069,-0.049373,-0.033909,0.039882,-0.072950,-0.036373,-0.010357,0.010614,0.084333,0.039991,-0.048719,-0.016857,-0.021554,-0.028080,-0.012535,0.136468,-0.077311,-0.046979,0.020188,-0.040641,0.067558,0.011429,-0.055502,0.020993,0.029482,-0.094415,-0.026592,0.091506,-0.161057,0.011328,0.033812,-0.042795,-0.002474,0.059180,0.008499,0.092206,0.055116,-0.059485,0.045403,0.012512,-0.026389,-0.004426,-0.042923,-0.001029,-0.042994,-0.028798,-0.057585,0.005565,0.058754,-0.065995,-0.034420,0.070478,0.023601,-0.024497,-0.008787,0.010726,-0.024290,0.007892,-0.037821,0.040514,-0.050960,0.044656,0.024890,-0.163673,-0.001316,-0.032122,-0.051876,0.039586,0.086794,0.024106,-0.059766,-0.002603,-0.017123,0.138084,0.048284,0.000044,-0.046938,0.009948,0.070472,-0.089038,-0.019188,0.039466,0.020983,-0.034841,0.045305,-0.022244,0.002868,-0.000000,-0.036531,0.058792,0.077767,0.165145,-0.025279,0.078629,-0.050496,-0.004009,-0.094444,-0.030064,-0.054902,0.047400,0.039148,0.035022,0.024429,-0.069488,0.013888,-0.007048,-0.061064,0.007961,-0.061863,-0.016726,0.020717,0.051993,0.023454,-0.062179,0.058710,0.004599,-0.045808,-0.012116,0.049179,0.041806,-0.071019,-0.010090,-0.098753,0.035782,-0.052529,-0.062068,0.007808,0.070942,-0.085739,0.043548,-0.066116,-0.048433,0.010355,0.033598,0.002786,0.038242,0.041357,-0.045695,-0.031268,0.051687,0.047047,-0.003149,-0.002242,0.010992,-0.036002,0.022572,0.014329,-0.003474,-0.019561,0.028968,-0.063015,-0.087542,-0.057991,0.058117,0.085481,0.002296,0.013278,0.021402,-0.033541,-0.023158,0.065732,0.037767,0.047885,-0.024481,-0.021697,0.036157,0.151232,0.010990,-0.034639,-0.007447,0.006333,-0.041030,0.046010,0.037021,-0.006480,-0.068595,-0.041411,0.116622,-0.038837,0.048651,-0.002217,0.081938,-0.015164,0.000000,-0.057117,-0.044681,0.046335,-0.000197,-0.000464,-0.002115,0.067839,-0.060957,-0.007295,0.122512,0.056333,0.008707,-0.045478,0.005516,-0.112053,-0.015301,0.076694,0.018003,0.092206,-0.050918,-0.031819,0.134683,-0.000540,0.064707,0.011265,0.069678,0.007097,-0.003538,-0.016981,-0.021931,0.019801,-0.093377,-0.116506,-0.004597,0.017263,-0.034921,-0.071516,-0.061965,0.053532,-0.021840,-0.010934,-0.062788,-0.061044,0.037080,-0.025010,-0.044667,0.058755,-0.016862,-0.059440,0.023155,0.057572,0.060473,-0.132406,-0.067234,-0.013609,0.010913,0.127606,-0.040098,-0.019212,0.007971,-0.072285,0.026231,0.069107,-0.058636,0.058556,0.031528,0.052114,0.051705,0.064970,0.012028,0.001015,0.047245,-0.046921,0.008131,-0.008893,0.053518,0.031688,-0.133853,-0.003786,-0.005458,-0.041094,-0.045008,0.021005,0.041198,-0.049458,-0.020713,-0.034219,0.016252,0.026992,0.014070,-0.077597,-0.039664,-0.003283,0.043162,0.127373,-0.000000,0.036886,0.001218,0.019871,-0.005490,-0.049542,0.008498,0.032805,-0.018362,0.007188,-0.010261,-0.001322,0.056208,-0.072304,0.086498,0.083233,-0.013558,-0.060159,0.051213,-0.054635,-0.021278,-0.004733,0.056266,0.039995,0.008267,-0.050813,0.024304,-0.026991,0.058044,-0.036170,-0.051613,0.024948,-0.043022,-0.026662,0.015314,0.033744,-0.067499,0.010377,0.036227,0.026019,0.021397,-0.041676,0.012376,0.009292,0.114978,-0.015811,0.021909,-0.024320,0.052027,-0.010860,-0.049357,0.019584,-0.036166,0.068375,-0.002925,0.013910,-0.021377,-0.055463,-0.053057,0.025348,0.031475,0.049257,-0.047830,0.047064,0.032987
-0.041169,0.115396,0.013090,0.022357,-0.007019,-0.110014,-0.014192,-0.002626,-0.101879,-0.032663,-0.033533,-0.042092,-0.029218,-0.008769,0.041962,0.024390,0.055728,-0.058889,-0.021318,-0.032023,0.013172,0.015178,-0.018849,-0.023124,-0.012172,-0.001619,0.023579,0.026719,-0.000703,-0.039203,-0.037271,0.023792,0.022484,0.024861,0.075320,0.100123,0.043736,-0.022742,-0.023640,-0.009727,0.002570,-0.063697,0.008578,-0.001549,-0.014219,-0.025914,-0.068451,-0.009220,0.014063,-0.094088,0.067115,0.000381,-0.031482,0.035809,-0.021445,0.004928,-0.071309,-0.021734,0.065008,-0.021505,0.066889,0.027767,-0.050260,0.070426,-0.007174,0.017854,-0.062895,0.156347,0.052836,-0.006623,-0.028253,-0.037700,0.004518,0.030807,0.034188,-0.060249,0.001224,0.069082,0.020057,-0.049896,0.013653,-0.005782,-0.051070,-0.007696,-0.072616,0.033300,-0.048221,0.004338,0.045824,-0.033998,-0.003047,-0.022612,0.013103,0.039386,-0.035741,0.001110,-0.055997,0.034833,-0.104565,0.110912,0.020591,-0.018471,0.015086,-0.048215,-0.080226,0.017539,-0.065682,0.065418,-0.008620,-0.037264,-0.078890,0.013345,-0.042147,0.051815,-0.009704,-0.045181,0.037393,-0.035108,0.036194,0.117275,-0.025215,-0.003620,-0.084164,0.087430,-0.007340,0.017215,-0.036574,-0.000000,-0.034964,0.060922,0.017837,0.008289,0.038423,0.011086,-0.036310,-0.048567,-0.009140,0.079561,0.093020,-0.006936,-0.034866,0.044777,0.040388,-0.086784,-0.023980,0.019012,-0.057239,0.016231,-0.032860,-0.029153,-0.015525,-0.001458,0.030325,-0.021726,-0.022327,-0.083739,0.037960,0.047858,0.016806,0.004669,0.034903,0.018689,-0.016084,0.062589,-0.064872,-0.049608,-0.041412,0.006070,0.015988,-0.042682,-0.042708,0.032584,0.077249,-0.017119,0.052810,0.038776,-0.053107,-0.085376,0.057707,0.091653,-0.110912,-0.003761,0.095641,-0.011768,0.094713,-0.040336,0.054865,0.004512,-0.006639,0.081140,-0.035196,-0.060280,-0.052295,-0.028108,-0.007774,0.080934,-0.028416,-0.078362,-0.066363,0.045686,-0.000732,0.125850,-0.106019,0.043079,-0.057510,0.071601,0.096402,0.073313,0.026982,0.077080,-0.066747,-0.103221,0.044153,-0.025159,0.049091,-0.089190,-0.026138,0.048351,-0.019166,0.080155,-0.026812,-0.012302,0.052906,-0.000000,0.039033,0.003494,-0.024771,0.030077,-0.027689,0.063977,0.084591,0.015051,0.054679,0.092979,-0.050039,0.037086,0.055232,0.009210,0.127646,-0.007102,0.051564,0.081265,-0.026195,-0.056241,-0.020211,-0.025962,-0.081053,0.025872,-0.100142,0.037294,-0.053872,0.007027,-0.052848,-0.027456,-0.038075,-0.036445,-0.062613,0.002510,-0.003705,-0.045834,0.066517,0.000354,-0.004423,-0.127131,0.072534,0.001161,-0.035804,-0.023474,-0.097813,-0.006098,-0.033340,-0.004435,-0.090116,-0.064793,0.088910,-0.019067,-0.022358,0.011938,-0.033588,0.113385,-0.001749,0.036914,0.056612,-0.025674,0.056940,0.006822,-0.035602,0.051281,0.068504,-0.108555,-0.055295,-0.020582,-0.071837,-0.004861,0.083124,0.031241,-0.090732,-0.061293,-0.034094,0.041461,0.039245,-0.091223,-0.061402,-0.023616,-0.034183,0.003623,-0.031417,0.052815,0.023578,0.019438,0.031859,0.023682,0.057798,-0.034799,-0.033889,-0.019730,-0.130228,0.028356,0.048745,-0.000000,0.004843,0.006450,-0.034552,-0.005853,-0.019946,-0.026664,0.009549,-0.023211,-0.032959,-0.034531,-0.017397,-0.022747,-0.076492,0.047529,0.050924,-0.007807,0.027818,-0.005374,-0.040010,-0.016931,0.041096,0.063048,0.057288,0.095443,-0.099253,0.042658,0.054917,0.103127,0.104161,-0.006874,-0.069901,0.028854,-0.071294,0.036515,0.024366,0.035429,-0.044423,-0.027047,0.009728,-0.012326,0.013607,-0.024899,0.065896,0.049082,0.012497,-0.011642,-0.041632,0.001029,-0.102182,0.026882,-0.034362,-0.020865,-0.011052,0.037809,0.071038,-0.003686,-0.046566,-0.097347,-0.040054,0.048495,0.026634,-0.057151,-0.054119,0.087414
-0.068976,-0.041457,0.015688,0.004851,0.100402,-0.067194,0.102135,0.014621,-0.025332,-0.023931,0.058697,0.028987,-0.048793,0.047277,0.060373,-0.092188,0.057722,-0.042169,-0.056604,0.004481,-0.078668,0.025568,0.036822,0.021236,-0.048226,0.107062,-0.060585,-0.018153,-0.005156,-0.034489,-0.003640,0.086771,0.081157,0.006641,0.123158,0.111853,-0.020571,-0.067887,0.061079,-0.056032,-0.022381,-0.048281,-0.065806,0.085280,-0.031423,-0.069485,0.042449,-0.042463,-0.004042,-0.003763,0.008306,-0.002532,-0.012409,-0.121554,-0.009480,0.030767,0.023975,-0.051372,-0.005252,-0.003994,-0.004498,-0.029466,0.028243,0.085718,0.002227,0.014993,-0.022341,0.060932,-0.077502,-0.112083,0.003023,0.001346,0.015516,0.073476,0.036144,0.025691,0.056897,-0.038987,0.070741,0.022479,0.070348,-0.024864,-0.014824,0.024733,-0.149892,-0.009575,0.044071,0.054861,-0.114176,-0.095106,0.012833,-0.010317,0.015442,0.063877,-0.111508,-0.012513,-0.070699,0.041239,-0.044469,0.034939,-0.037679,0.049616,0.009620,-0.095724,-0.045471,-0.083098,-0.024581,0.039952,0.019874,0.073716,-0.085161,0.009177,-0.088389,-0.005532,-0.021401,-0.038531,-0.032871,0.006863,0.104779,-0.102122,0.000249,0.123504,0.013497,-0.080045,-0.003006,-0.013940,0.006197,-0.000000,-0.079311,0.069367,0.020482,0.065898,0.028486,-0.006025,0.032732,0.069793,-0.032445,-0.003313,-0.010343,-0.001893,-0.000746,0.051818,0.036724,0.017340,-0.077528,-0.007079,0.007137,-0.024181,-0.139097,-0.038825,0.027678,0.055882,0.077600,-0.005348,0.002689,0.052152,0.050986,0.007136,0.046052,0.072060,-0.020423,0.035725,-0.083341,0.066707,-0.075045,-0.043678,0.013137,0.029461,-0.066668,0.054815,0.008755,0.091512,0.033812,0.044571,-0.009623,-0.024816,-0.037896,-0.001266,-0.033353,0.014004,0.017886,0.078613,-0.004324,-0.047477,0.051430,-0.034597,0.031094,-0.012685,0.012659,0.012364,-0.086245,-0.021848,0.044188,0.046107,-0.012523,0.010434,-0.006243,0.015215,0.013442,0.045650,-0.036415,-0.000609,-0.035251,-0.010177,-0.024705,0.075232,0.023748,-0.038546,0.034086,-0.042373,0.075131,-0.026872,-0.011408,-0.010523,0.044237,0.032646,-0.013424,0.075739,-0.041181,0.048131,0.000897,0.009235,-0.022897,0.000000,0.010966,0.015428,-0.050834,0.072602,-0.006474,-0.014719,0.001082,-0.032274,0.022916,0.065740,-0.039773,0.022013,0.023184,0.031030,-0.043274,-0.004511,0.027577,-0.071183,0.018908,-0.073292,-0.020305,-0.006418,-0.087870,0.042181,-0.004690,0.020779,-0.010683,-0.047353,-0.009454,-0.075859,-0.055001,-0.086940,-0.073415,0.079820,0.040287,0.016034,-0.013662,0.003624,0.077369,0.017779,-0.022045,-0.020632,-0.098481,0.029374,-0.050222,-0.064345,0.039074,-0.087215,0.044636,0.026003,-0.103483,0.013488,-0.023108,-0.115916,-0.078057,0.109150,-0.011595,-0.013676,-0.011143,-0.028186,0.082101,0.027071,0.062788,-0.022132,0.021267,-0.017073,0.098280,-0.019992,-0.034352,-0.000852,0.114167,0.001773,-0.059883,-0.011029,-0.045872,-0.074658,-0.045985,-0.053452,-0.072111,-0.034593,0.065029,-0.020384,-0.002421,0.069597,0.008150,-0.013278,0.060123,-0.023454,-0.011424,-0.010726,-0.083624,0.056690,-0.071843,0.040041,0.037436,-0.000000,-0.001345,-0.030089,0.010128,0.030155,0.061959,0.036577,0.046909,0.073440,-0.006884,0.005662,0.014157,0.037264,-0.129789,0.045760,0.048095,0.041050,-0.021310,0.041644,-0.053806,0.003190,-0.014237,0.122508,0.072411,0.000363,-0.040032,0.050382,0.033306,0.033322,0.069538,-0.020794,-0.016448,0.044747,-0.036191,-0.008293,-0.050648,-0.111600,0.007515,0.015932,0.024757,0.006653,-0.090227,-0.017693,-0.043793,0.091337,0.024043,0.031695,-0.087476,0.091065,-0.047830,0.027045,-0.005563,0.001568,-0.019907,0.074686,-0.002641,-0.018690,-0.014673,-0.014823,0.020562,0.022811,-0.014331,-0.062014,0.062667,0.066551
-0.037235,-0.037847,0.000017,0.069556,-0.040111,-0.061375,0.013510,-0.061787,-0.004735,-0.034009,0.034292,0.054645,0.023390,0.015018,0.016131,-0.053601,0.042065,0.010388,-0.064356,-0.122185,-0.058638,-0.026462,0.015562,-0.013298,0.016562,0.007021,-0.082149,0.048506,0.060897,-0.044826,-0.028695,0.002926,0.050123,-0.003561,0.043631,0.139444,0.024267,-0.021141,0.000094,-0.024376,0.000769,-0.032724,0.040853,0.003123,-0.056534,0.035418,0.025377,-0.044763,0.034226,0.059762,-0.037917,0.074918,0.065177,0.013633,0.055257,0.120023,0.006167,-0.054060,0.002521,0.027027,-0.003329,0.009762,-0.106055,0.033702,0.037559,-0.073501,0.001515,0.070418,-0.053626,-0.153359,0.037275,-0.073816,-0.059343,0.091290,0.011714,0.090681,0.073187,-0.068320,0.057582,-0.008459,0.015118,-0.041312,0.016812,-0.025605,-0.065479,0.015156,-0.008823,0.004299,0.080196,-0.064364,0.076043,-0.044156,-0.066328,0.028103,0.065971,-0.000934,-0.027830,0.064624,-0.115680,0.075251,-0.003844,0.038961,0.028473,-0.044183,0.016811,-0.002595,-0.052720,0.097479,-0.007472,-0.002286,0.046775,0.065583,-0.085419,0.062473,0.037057,-0.024985,0.003064,-0.015815,-0.024736,0.000640,-0.012076,0.055997,-0.131104,-0.009591,-0.004272,0.031847,-0.002363,-0.000000,-0.028586,-0.026943,0.108452,0.041595,-0.015513,0.057651,-0.003290,-0.044885,0.026139,0.039023,0.050931,0.093401,0.009276,-0.015831,0.020616,-0.144242,0.010740,-0.017622,-0.004131,-0.027459,-0.036423,-0.054358,-0.031394,-0.038753,0.065008,-0.005198,0.062528,0.016392,0.066350,0.036574,0.076565,-0.005746,-0.043555,0.057136,-0.055036,0.023719,-0.079030,0.000938,-0.025507,-0.018289,-0.060230,0.004199,-0.035790,0.011935,0.023289,0.018591,0.029872,0.007261,0.048879,-0.040762,0.008403,0.040300,-0.014346,0.011072,0.076928,0.015403,0.076724,-0.022984,0.003761,0.041013,-0.048742,0.040581,-0.107849,0.026101,0.036230,-0.002525,0.042849,0.019933,-0.018927,0.065079,-0.052485,-0.010981,0.037874,0.094057,-0.024340,0.054288,0.031353,0.075085,-0.031773,-0.030928,-0.002604,-0.036257,-0.008242,0.057195,0.100805,0.020891,-0.017277,-0.019743,0.006395,0.001461,-0.015683,0.085281,0.014720,0.023557,-0.086320,0.000000,-0.029679,0.012798,-0.022346,0.032008,-0.017636,-0.021430,0.053014,-0.085247,-0.044005,0.080895,-0.039065,-0.004705,-0.052014,0.035320,0.069853,-0.011085,0.033413,-0.001153,-0.026747,-0.020636,-0.034279,0.155459,-0.074386,0.011414,-0.014751,-0.007349,-0.226623,0.038715,-0.068330,-0.037261,-0.056460,-0.086904,0.010998,0.052844,-0.067616,-0.050539,0.007718,-0.003845,0.043543,0.053620,0.015436,-0.044994,0.001189,0.077428,-0.105455,-0.013308,0.035917,-0.132180,-0.030169,0.023170,-0.079069,0.001818,-0.111626,-0.099003,-0.045610,0.024560,0.116977,-0.079144,-0.082955,-0.013246,0.002253,0.032911,0.048023,0.053048,0.047414,0.028877,-0.010584,-0.018104,-0.015577,0.021790,0.026768,0.013959,0.036706,-0.105031,-0.060414,0.047451,0.008941,-0.024192,-0.043510,0.044482,0.059803,-0.027917,0.003926,0.079483,-0.036500,0.033458,0.056780,-0.021574,0.044099,0.023297,-0.045143,-0.069070,0.010622,-0.009982,0.031706,-0.000000,-0.065917,0.011250,0.031501,-0.028399,0.012925,0.054829,0.042867,0.067414,0.004529,0.076542,0.021602,0.009953,-0.026581,0.004401,0.115783,-0.032709,-0.018986,0.089450,-0.059570,-0.025107,0.008880,0.074450,0.038278,0.105635,-0.026150,0.002466,-0.033217,-0.002259,0.038467,0.079718,0.006031,-0.033414,-0.016563,-0.059743,-0.036048,-0.036981,-0.043904,-0.056084,0.021132,-0.000356,-0.068070,0.014787,-0.021985,0.076744,0.003388,0.012430,-0.066515,0.007745,-0.024635,-0.011707,-0.007102,-0.007131,0.060201,0.006625,0.062704,-0.019497,-0.018678,-0.095661,-0.002092,-0.000108,-0.012063,-0.049657,0.051875,-0.030749
-0.046942,0.001266,0.008927,-0.068038,-0.048564,0.033818,-0.003059,-0.038678,-0.023561,0.024624,-0.037346,-0.022685,0.008831,0.074309,0.083149,-0.022003,-0.026329,-0.080638,0.024774,0.012705,-0.090625,-0.037471,-0.026769,-0.067933,-0.053832,0.046041,0.018690,-0.016254,0.006845,-0.049722,-0.002566,0.053010,-0.053304,-0.022653,0.036817,0.095652,-0.045981,0.015108,-0.092816,-0.040187,0.038653,-0.009654,0.005714,0.037981,-0.039606,-0.073201,0.001282,-0.015898,0.027690,0.053204,-0.047627,-0.007796,0.074507,-0.072727,0.030696,0.133133,0.011700,0.007595,-0.090979,-0.017801,-0.039631,0.040889,-0.117972,-0.059557,0.048295,0.031234,-0.056074,0.084450,-0.034003,-0.004281,-0.084199,-0.040364,-0.051212,-0.018022,0.073866,-0.010449,-0.015117,-0.044124,0.008515,-0.004327,-0.030087,-0.096937,-0.090585,0.018393,0.016172,0.010724,0.040658,-0.030520,-0.032758,0.033137,0.003114,0.053481,0.011594,-0.061857,-0.021338,0.027346,-0.060397,0.062377,-0.045852,0.074671,-0.008202,-0.004974,-0.053465,-0.013213,-0.054429,0.043954,0.014207,-0.035006,0.041200,0.004398,-0.040881,0.066760,-0.017591,0.054020,-0.011934,0.012610,0.046768,0.055481,0.091239,-0.116072,0.043238,0.069620,0.033571,-0.030492,-0.042461,0.002644,-0.000982,-0.000000,-0.014720,0.072200,0.001065,0.066166,0.002368,0.038745,-0.068506,-0.067076,-0.036046,-0.060195,-0.031421,0.062777,0.055956,-0.065424,-0.029540,-0.022778,0.043637,0.017483,-0.038456,-0.012719,0.036100,0.091557,-0.017565,0.045666,0.011068,-0.024071,0.067920,0.007675,0.097767,-0.007058,-0.024764,0.073366,-0.054988,-0.035657,0.035316,0.087699,-0.017505,-0.053784,0.010050,-0.049791,0.027406,-0.037937,0.002912,0.018253,-0.136738,-0.006291,0.034395,0.008614,0.007112,-0.080592,0.018632,-0.029308,-0.113016,0.025693,-0.060206,0.029583,-0.029036,-0.084264,0.059385,-0.009726,0.083777,-0.023108,0.020520,-0.007362,-0.051288,0.006899,0.094638,0.023355,0.028395,0.000753,-0.055829,-0.005562,0.045187,-0.012704,-0.001277,-0.017614,0.021770,0.072373,0.029379,0.072436,0.049371,0.042407,0.050333,0.003273,0.007322,-0.103720,0.044204,-0.072241,-0.071360,0.097813,-0.000870,-0.028849,0.098749,0.002195,-0.009721,-0.000000,0.036024,-0.050415,0.044801,-0.047300,0.064101,-0.115274,0.079646,0.053415,0.023079,-0.038749,-0.073893,0.024418,0.025572,-0.027315,-0.027938,-0.014650,0.049524,0.001101,0.088111,-0.063008,0.095180,0.015540,-0.030945,0.006447,-0.037500,-0.043695,0.058971,0.035338,-0.102848,-0.028935,-0.015414,0.022582,-0.080455,-0.099598,-0.029605,0.106635,-0.024377,0.006557,-0.046446,-0.003268,0.045272,-0.098960,-0.021376,0.022614,0.049419,0.001248,0.009221,-0.058282,-0.127777,0.037167,0.049042,0.052335,-0.084588,-0.071653,0.067292,0.007223,0.095096,-0.046136,0.067145,0.022755,-0.036986,0.050630,-0.019456,0.056787,0.099398,0.012906,0.079003,-0.097423,-0.083997,0.017668,-0.072480,0.034521,-0.040363,0.099158,-0.019871,-0.018087,-0.096906,-0.024508,0.003989,-0.002517,-0.043001,0.073298,-0.019329,0.091281,-0.064543,0.093986,0.072276,-0.015620,0.047851,0.011008,0.075324,-0.059005,-0.002997,0.029827,0.021173,-0.000000,0.046879,0.028500,-0.029709,-0.056420,-0.042483,-0.010261,0.056821,0.024496,0.066839,0.066034,-0.013115,0.028169,0.010476,-0.009172,0.086083,0.025786,-0.008801,-0.043083,-0.036708,0.025320,-0.074519,0.064139,-0.017461,0.083881,-0.019543,0.031515,0.039238,-0.001252,0.078204,-0.040746,-0.067890,-0.019749,0.004677,-0.007448,-0.008644,-0.093893,-0.008271,-0.028694,0.048596,0.079292,0.006837,0.040406,-0.020869,0.084262,-0.003479,-0.020943,-0.014687,-0.023454,0.003499,-0.001364,-0.008317,0.071144,0.029095,-0.046575,-0.016821,-0.014488,-0.116420,0.021046,0.050284,0.041209,0.055633,-0.093196,-0.061520,0.040410
-0.096288,0.022245,-0.035191,-0.058143,0.004586,0.049108,0.078338,0.079267,-0.073178,-0.026145,0.010462,0.053975,-0.013318,-0.020816,-0.015662,-0.034400,0.042350,-0.061459,0.075221,-0.058357,-0.114516,0.020387,0.037544,-0.032635,-0.101099,0.027371,0.021215,0.021694,-0.079564,-0.029066,-0.015575,0.043523,0.033688,0.064230,0.046924,-0.004476,0.064877,0.018555,-0.022856,0.019700,-0.071617,0.050410,0.056906,-0.002850,-0.041222,0.000451,0.009883,-0.027263,0.001875,0.024120,0.083046,-0.030147,0.030466,-0.021201,-0.071302,0.086785,-0.014305,-0.060196,0.001653,-0.110368,0.113943,0.026589,-0.009227,0.022468,0.041345,-0.026030,-0.038609,-0.009807,-0.032577,-0.054628,-0.005697,0.009125,-0.074404,-0.034778,-0.022797,0.008095,0.021583,0.035468,-0.026892,0.103627,0.033016,0.067063,-0.020000,-0.021546,0.023262,-0.083723,0.008873,-0.119920,-0.037709,0.007061,0.011573,0.017256,-0.084925,0.025602,0.009486,0.079152,0.036834,0.040465,-0.022026,0.081039,0.035483,0.066965,0.024860,0.041823,0.053187,-0.020049,0.011686,0.089303,0.028482,-0.092821,0.030168,0.043080,-0.017893,0.099719,0.057292,0.023790,0.023801,0.083360,0.054833,-0.001104,0.016833,0.094910,-0.024677,0.031489,-0.031661,0.044852,-0.092814,-0.000000,-0.055232,0.108288,-0.034426,-0.047476,0.088996,0.008428,-0.000779,-0.033249,-0.097855,0.011308,-0.053713,-0.027897,-0.005735,0.025518,0.022383,0.046204,-0.066697,0.037452,-0.121665,0.001423,-0.072528,-0.030030,-0.011817,-0.022813,-0.035501,-0.004469,0.032336,-0.037873,-0.022298,0.038875,-0.068278,-0.012145,-0.039568,0.042485,0.025796,-0.066906,-0.043513,0.020427,0.040084,0.038235,-0.005208,0.010933,-0.024552,0.039781,0.033244,0.027928,0.066488,-0.021429,0.044650,-0.056911,0.037603,-0.125577,0.048342,0.000573,-0.078455,0.006457,0.007598,0.048625,-0.005103,-0.000461,0.044144,-0.079081,-0.030279,-0.020398,0.017759,0.061288,0.058920,-0.037476,0.024720,0.012403,-0.016193,-0.008981,0.002147,0.080617,0.008748,0.009725,-0.033409,-0.016569,-0.042335,-0.025098,0.042660,-0.031957,0.023430,-0.035153,-0.030253,-0.094006,-0.028544,-0.000991,-0.058169,-0.019470,0.041865,0.077179,0.085425,0.012493,-0.028328,0.000000,0.063656,0.029551,0.102131,-0.002650,0.034422,-0.001494,0.038566,0.138154,-0.028982,0.031576,0.025910,0.009936,-0.023564,-0.013683,0.039122,0.004228,0.084324,-0.067232,0.052965,-0.058404,0.058253,0.001323,-0.043188,-0.075360,0.007605,-0.003512,-0.033264,0.050522,-0.048915,0.034088,-0.043711,0.036830,-0.050059,-0.015936,0.038047,0.029272,-0.035195,0.033110,-0.017819,0.031876,-0.031210,0.004815,-0.121610,0.018341,-0.007550,-0.028846,0.168085,0.023580,0.021187,0.047617,-0.026612,0.034435,-0.005741,-0.010225,-0.035119,-0.051442,0.011347,-0.016187,-0.064784,-0.072380,-0.051445,0.018112,-0.004273,0.010115,0.097361,-0.068921,-0.009572,-0.077751,-0.061825,0.034418,-0.016187,-0.091242,-0.003192,0.142697,0.033712,-0.101719,0.146104,-0.021687,-0.002565,0.088394,-0.104788,-0.057225,-0.053765,-0.080796,0.091819,0.031127,-0.037441,0.004678,-0.057718,0.037997,-0.045971,0.029195,-0.031428,-0.034158,0.056311,-0.000000,0.055071,0.029654,0.007251,0.115058,-0.029773,-0.011243,-0.039364,-0.026730,-0.053610,0.035920,0.097303,-0.024391,-0.018222,0.020160,-0.132751,-0.028108,-0.012805,0.052621,-0.027664,0.046252,0.019877,-0.000343,-0.032832,0.090758,-0.008442,-0.083850,-0.026517,-0.051286,-0.012914,-0.028331,-0.033395,0.073107,-0.025868,0.040993,-0.072284,-0.035074,-0.048331,-0.054745,0.109986,-0.019790,0.067188,-0.040897,0.021267,0.022251,0.026502,-0.052661,0.092095,0.017191,-0.024493,0.041158,0.093130,-0.041557,-0.017450,0.024537,-0.003711,0.030326,-0.027281,0.048475,-0.100781,0.032366,-0.007264,0.001965,-0.023506,0.002335
0.012899,-0.093352,-0.018037,-0.022099,-0.019321,0.021781,-0.043882,0.004616,0.074948,-0.041260,-0.045581,0.054462,-0.026835,0.019506,0.112675,0.010727,0.033526,-0.024614,-0.069232,0.000714,-0.055896,-0.094492,-0.027444,-0.015411,-0.007068,0.043486,-0.057101,-0.005197,-0.000247,-0.042947,0.001882,-0.035284,0.021973,0.000272,-0.039961,0.021460,0.004331,-0.002106,0.030799,0.007784,-0.071959,-0.019319,0.000558,-0.035598,-0.110318,-0.014773,-0.037730,0.026060,-0.021633,0.037658,0.031247,-0.057814,0.022758,-0.017541,0.027001,0.131089,-0.117286,-0.034979,-0.044159,-0.012717,-0.045510,0.016876,-0.028608,0.052321,0.080173,-0.061415,-0.008641,0.083006,-0.043596,-0.116638,0.048543,-0.093554,0.000179,-0.015325,0.057271,0.090210,0.014479,0.075924,0.083568,-0.030081,0.104320,0.073111,-0.068307,-0.018219,-0.015279,0.020609,-0.041033,-0.054862,0.004616,0.024950,-0.004755,0.049562,0.105425,-0.064042,0.025562,0.102717,-0.021123,0.017534,-0.029998,0.041384,-0.013965,0.061368,-0.023942,-0.091738,0.022039,-0.066949,-0.001261,-0.021023,0.044091,0.040697,0.044942,0.098722,0.005865,0.078028,-0.077651,0.083357,-0.069316,0.078131,0.091282,-0.013460,0.002557,0.005654,0.038362,-0.005832,0.037726,0.000352,-0.075547,-0.000000,-0.015945,0.047976,0.000095,0.037340,0.031932,0.027932,-0.021812,-0.031855,-0.096771,-0.068727,-0.083916,0.062803,0.088763,0.026823,0.078154,-0.064514,-0.064929,0.065275,-0.063405,-0.018990,0.027586,0.101735,-0.027890,0.041657,0.072365,-0.036485,0.053419,0.073093,-0.073367,-0.010565,0.000223,0.029723,-0.072877,0.037633,-0.034671,-0.009981,-0.005873,-0.030692,-0.003715,-0.079566,-0.076606,0.049233,0.020046,0.028351,0.049726,0.029368,-0.005266,0.000601,0.009721,-0.064667,0.004470,-0.015881,0.004622,0.013278,0.027636,-0.025509,0.022628,-0.017190,0.018497,0.011535,-0.023457,0.049141,-0.029211,-0.006942,0.017199,0.086836,0.058834,-0.013176,0.042769,-0.030642,0.030484,-0.005751,-0.006264,0.033671,-0.054699,0.034233,-0.020534,0.052907,0.049698,0.019633,-0.059039,0.023112,0.051490,-0.034588,-0.010055,0.048686,0.084373,0.075032,-0.000494,0.124051,-0.044281,0.073179,0.044279,0.063398,0.055546,0.000000,-0.075230,-0.005467,0.121383,0.024350,0.085149,-0.002578,0.112247,-0.103982,0.055974,0.051027,0.051603,0.036756,-0.069151,-0.015090,0.006010,-0.065174,0.039201,-0.081627,0.049262,-0.026326,0.058688,0.061419,-0.030736,0.038330,0.015930,-0.020331,-0.024589,0.015646,-0.040290,0.016571,0.038221,-0.018611,-0.084984,0.050181,0.023768,0.005530,-0.044150,-0.038991,-0.015638,-0.072994,0.034694,-0.038438,-0.070297,0.025987,-0.003492,0.037776,0.031285,-0.033735,-0.004583,0.025064,-0.038038,-0.019262,-0.176648,-0.015781,0.010713,-0.005186,0.033443,-0.075348,-0.042768,-0.012771,-0.021917,0.030739,0.020604,0.023509,0.014898,0.032825,0.002665,0.041553,-0.060580,0.034871,-0.016224,-0.051968,-0.002237,0.013154,-0.017055,0.037867,0.039960,-0.009232,-0.069728,-0.006686,-0.032785,-0.013427,-0.075716,0.022920,-0.021841,0.087761,0.031727,-0.035651,0.034484,0.047607,-0.075556,-0.101052,0.059235,-0.075854,0.062292,-0.000000,0.053538,-0.051880,0.015334,-0.003875,-0.074204,-0.049973,-0.091498,-0.012664,0.021488,0.074440,0.059448,0.052098,-0.118533,0.009486,0.014100,0.017834,-0.049510,-0.008378,-0.022949,-0.001838,-0.045065,0.028494,-0.025360,0.021004,-0.016292,0.011881,-0.045949,0.011526,-0.055852,0.025086,0.032063,0.002587,-0.044859,0.021493,-0.016773,-0.088182,-0.108229,0.005528,0.053149,0.017168,-0.009944,-0.019522,-0.030879,0.105619,-0.036183,-0.126610,-0.005188,-0.041989,0.029187,-0.124562,-0.003928,0.012373,0.021460,-0.047429,0.094057,-0.010557,0.000730,-0.009323,0.026596,0.043368,0.031632,-0.165861,0.083486,0.025007
0.001655,-0.017377,0.019554,-0.034371,0.068233,-0.054302,-0.013815,-0.034098,0.066989,-0.041045,-0.009341,0.026057,0.006161,-0.016198,0.019670,0.017787,0.065091,-0.094942,0.028536,0.070986,-0.016364,0.040935,0.014186,-0.034987,-0.013304,0.007980,0.040165,-0.022985,0.081537,-0.008473,0.002686,0.035790,0.066211,0.023212,0.033375,0.029036,0.007174,-0.009504,0.033260,0.005247,-0.022001,-0.068317,-0.019546,0.098675,0.003785,-0.019441,-0.004003,-0.081025,0.017918,-0.029490,0.034063,0.040487,0.054896,-0.068828,0.033686,0.055053,-0.035713,-0.068203,0.082020,-0.048813,0.045662,0.079628,0.019101,0.031944,0.013454,-0.032695,0.008999,0.056373,-0.056387,-0.026006,-0.011068,0.024976,-0.012456,0.050629,0.022793,0.030607,0.009545,-0.022975,0.138787,0.072477,0.092877,-0.066329,0.038924,-0.113109,-0.051341,0.047075,-0.052764,0.031134,0.087629,0.023200,-0.175635,-0.049866,0.016467,-0.027367,0.043740,0.058032,0.023375,0.007302,-0.009075,0.064770,0.015122,-0.009448,-0.036774,-0.088265,-0.010084,-0.009629,-0.033852,-0.025687,0.055511,-0.062285,-0.003631,-0.066492,-0.044287,0.066520,-0.023196,-0.051764,-0.089845,0.018289,0.028875,-0.023666,-0.043357,0.061187,-0.111216,0.056925,-0.021542,-0.102157,0.005544,-0.000000,-0.016643,0.018848,0.059359,-0.051826,-0.001490,0.020438,-0.032323,0.046450,-0.045406,-0.001608,0.019872,0.067165,0.055622,0.068514,0.000515,-0.018906,0.019444,0.085054,0.041452,-0.034246,0.049261,-0.101366,-0.016757,0.004289,-0.001276,0.004791,-0.032193,-0.068696,0.080665,-0.022077,0.010668,0.106047,-0.087053,-0.054019,-0.026126,0.001965,-0.022618,0.014782,-0.020195,-0.013663,-0.112112,-0.008949,-0.037566,0.017106,0.024936,-0.006758,0.032441,0.008188,-0.032115,0.012798,-0.016572,0.026543,0.015376,-0.022679,-0.012235,0.058929,-0.015694,-0.000480,-0.006727,0.023830,-0.014715,-0.073381,-0.146580,-0.049351,-0.034503,0.042158,0.075200,-0.015337,0.035303,-0.010410,-0.049016,-0.012967,0.008552,0.025709,-0.030874,0.018414,0.112177,0.016445,0.044113,0.020009,0.038701,-0.032023,0.009119,-0.042604,0.098417,-0.025223,0.070858,-0.127262,-0.032620,0.069880,-0.041105,0.041284,-0.007663,-0.030163,0.031006,0.000000,0.008191,-0.065169,-0.013353,-0.014028,0.072385,-0.018755,0.040560,-0.031753,0.046926,0.163838,0.026397,0.067286,0.107822,0.042353,-0.034519,-0.036240,0.070758,-0.031759,-0.006218,0.061574,0.070967,0.118288,0.044516,0.027371,0.040935,0.079388,-0.000146,0.010046,-0.129960,0.049969,-0.002225,-0.074034,-0.110017,-0.061813,0.020652,0.015485,0.022641,0.012119,0.021880,-0.011167,-0.075435,-0.074307,-0.092326,0.047407,-0.036577,-0.020860,0.041699,0.038556,-0.016680,0.022901,-0.083030,-0.002277,-0.029640,-0.025606,-0.015010,-0.018895,0.014247,-0.045656,0.051140,0.028259,-0.031319,0.032596,-0.050867,0.022993,0.073237,-0.024354,0.038438,0.046163,-0.075748,-0.004629,0.082199,-0.071551,-0.094313,-0.008691,0.053579,0.016603,0.080507,-0.030166,-0.036823,0.009104,0.005753,-0.022915,0.036207,0.042884,-0.047616,-0.013649,-0.098145,-0.026486,0.051698,0.008471,-0.088265,-0.089994,0.081549,-0.023437,0.062822,-0.000000,-0.016344,-0.011873,0.058675,0.010934,-0.007346,0.085308,-0.002693,-0.003016,0.032360,-0.019282,0.010852,0.026932,-0.027587,-0.023688,0.076082,0.075656,-0.037006,-0.005618,-0.010084,0.126099,-0.029024,0.028630,-0.021720,0.003226,-0.013092,-0.018708,-0.126199,0.008730,-0.016838,-0.010479,0.078438,-0.011321,-0.107987,-0.064115,0.010746,-0.066434,-0.081454,0.009683,0.080048,-0.049659,-0.067357,-0.016999,-0.006590,0.081280,-0.082646,0.029723,-0.031692,0.011405,-0.034554,-0.000207,-0.059943,-0.052855,0.007866,0.006966,0.058812,-0.006612,-0.083300,0.010983,-0.037181,0.034352,0.111188,-0.059948,-0.043020,-0.089621
0.013208,-0.080261,0.006544,-0.022080,0.027833,-0.023660,-0.030193,-0.077086,-0.032390,-0.016156,0.072987,0.052539,0.009953,-0.026677,-0.046970,0.018446,-0.001057,-0.036846,-0.018723,0.025014,-0.024022,0.033065,-0.061838,-0.035505,0.026728,0.001849,-0.065733,0.085643,0.024894,-0.023497,0.055684,0.006655,0.004223,-0.001082,0.076118,0.052599,0.026532,-0.046830,-0.000191,0.047058,-0.045984,0.057362,0.032263,0.010839,-0.073184,0.006960,-0.002732,-0.004835,0.017813,0.045483,0.079726,-0.028111,0.022460,-0.112539,-0.028962,0.117904,-0.063926,-0.005835,-0.026847,0.017360,0.052276,0.071717,-0.000678,-0.018473,0.067048,0.047983,-0.052534,-0.005545,0.004180,-0.123743,0.071251,-0.081091,0.000096,0.026223,0.026829,-0.002413,0.013016,0.087573,0.043005,-0.072592,-0.091537,-0.053434,-0.012173,0.032849,-0.049308,-0.003515,0.018054,0.102909,0.045805,0.030518,0.052824,-0.006162,-0.000462,0.004327,-0.007002,0.039233,-0.093514,0.076521,-0.052499,0.014027,-0.062762,0.028106,-0.007208,-0.113176,-0.020475,-0.015002,-0.021881,0.061253,-0.026560,-0.023101,-0.006475,0.021016,-0.040545,0.104817,0.013708,-0.027807,-0.024881,-0.031488,-0.011298,-0.162600,0.062719,0.000816,-0.030082,0.006425,-0.084140,0.088817,-0.025707,-0.000000,0.001481,0.073797,-0.028520,-0.071632,0.105364,-0.046933,-0.024277,-0.009429,-0.019528,0.071962,-0.049817,-0.006749,-0.034498,-0.122211,0.080634,-0.007578,-0.071015,-0.063538,-0.031523,-0.059413,-0.013605,0.150684,-0.004350,-0.009760,-0.015595,-0.037942,-0.024886,0.018711,0.097755,0.036030,0.074158,-0.018998,-0.027199,-0.014360,0.058811,0.050554,-0.014263,-0.077355,-0.047274,-0.001873,0.014053,0.017683,0.010878,0.056696,-0.101941,-0.022622,-0.051605,0.028160,0.082671,-0.091090,0.004150,0.016710,0.001175,0.020316,-0.003882,-0.069171,-0.042681,0.063074,0.042286,0.018043,0.003631,-0.003571,0.014820,0.089580,-0.021715,0.067147,0.139348,0.018918,-0.028421,-0.051087,0.003615,-0.037250,0.009945,-0.002052,-0.046832,-0.029182,-0.032039,0.046972,0.020071,0.022533,-0.007195,0.030703,0.090490,0.048854,0.013478,-0.086942,0.037427,0.054992,0.030564,0.053316,-0.105033,0.032511,0.027554,0.061753,-0.051690,0.000000,-0.078617,-0.067809,0.020003,-0.057691,-0.011446,0.027824,0.009350,-0.065775,-0.022006,-0.042866,0.025101,0.042393,-0.044859,0.027358,-0.029645,-0.010672,0.040783,-0.008190,-0.050315,-0.107639,0.043315,0.011478,-0.009110,0.073263,0.031740,0.035137,-0.002964,-0.024083,-0.047170,-0.037958,0.046430,0.067193,0.010591,-0.033911,-0.062011,0.033813,0.007570,-0.007345,-0.052668,-0.013630,0.095106,-0.076199,0.043982,0.036484,-0.019029,-0.020377,-0.039128,-0.033568,0.005820,0.082677,-0.042025,0.008501,0.079428,-0.017697,0.003354,0.091868,0.032787,-0.013071,0.020183,-0.028936,0.006658,-0.007435,-0.084921,0.064747,0.054882,0.046516,0.002317,-0.043902,-0.028881,-0.077898,-0.013966,-0.042245,-0.003634,0.059568,-0.046492,-0.004606,-0.083388,-0.053354,-0.067684,-0.028575,0.021307,-0.056184,0.032953,0.054596,0.013993,-0.009546,0.078442,0.010495,0.057442,-0.009596,0.018097,-0.104026,-0.068963,0.029659,-0.029680,-0.000000,0.019305,0.098007,0.069069,-0.030750,-0.022092,-0.047710,0.155706,0.079739,-0.034953,0.060602,-0.042603,0.029591,-0.078845,0.007495,-0.068103,-0.063307,-0.048482,0.011776,-0.038410,-0.051874,0.003128,0.001477,0.037526,0.037267,-0.064526,0.000840,-0.005643,0.026854,0.060226,-0.012361,-0.000222,0.064098,-0.008149,-0.022068,-0.075488,0.011520,-0.007278,-0.004690,0.038957,-0.004444,-0.076027,0.063198,-0.041646,0.049476,0.114939,0.036476,-0.019121,0.098421,0.077098,-0.058763,0.065555,0.027975,-0.029112,-0.013859,-0.080945,-0.043959,-0.048697,-0.004244,0.025504,-0.101338,-0.046122,-0.129543,0.082833,0.063357
0.039965,-0.011282,0.015018,0.064227,-0.046280,-0.025438,0.052280,0.032855,0.036601,-0.055369,0.045035,0.084474,0.055173,0.025285,0.029411,-0.059397,0.098847,-0.076564,-0.047192,0.002461,-0.068201,0.021055,-0.056248,0.003332,0.017379,-0.115206,-0.003801,0.062977,0.123636,0.012403,-0.006529,0.032687,0.093316,-0.028831,0.047025,-0.011480,0.032151,0.039036,0.025345,0.043113,0.036784,-0.073102,-0.010286,-0.006072,0.022617,-0.050209,0.055286,-0.020014,0.102379,0.038037,0.030408,-0.064251,0.020396,0.000927,0.047427,-0.014787,0.032092,0.059059,-0.032223,0.030176,0.010193,-0.043864,-0.002365,0.008635,-0.025919,0.105810,-0.025315,0.039060,-0.008023,0.014197,-0.055341,0.022676,-0.081588,0.074152,-0.015917,-0.033908,0.004368,-0.007521,0.044242,0.006382,-0.025769,0.014319,-0.010610,0.086059,-0.075388,0.020526,0.079698,-0.027485,0.039436,-0.118707,-0.005853,-0.094124,-0.073201,0.014440,0.004662,-0.065797,-0.079398,-0.066112,0.069649,0.071539,-0.030122,-0.017705,0.073130,-0.004949,0.025017,-0.052928,0.010374,0.080444,-0.025371,0.019572,-0.044966,-0.033950,0.050275,-0.001659,-0.039172,-0.102339,-0.053147,0.034060,0.073396,-0.011394,0.100543,0.127400,-0.067630,-0.031059,-0.099788,-0.094801,0.007380,-0.000000,-0.030628,0.055296,0.049363,0.002627,0.050581,0.020852,0.022823,0.016239,-0.034320,0.050657,0.006242,0.063527,-0.063021,-0.092874,0.007226,0.008372,-0.027981,0.002923,0.045249,-0.040813,-0.078290,-0.069788,-0.004006,0.046641,0.048911,0.070995,0.036521,-0.047745,0.085933,0.031503,0.058044,-0.027204,0.032714,-0.068465,-0.035283,0.031420,0.032656,-0.122053,-0.044581,-0.002875,-0.050491,0.031555,-0.003897,-0.055645,-0.076926,0.003475,-0.044041,-0.043156,0.014467,0.014066,-0.001509,-0.013372,0.135018,0.005079,-0.004183,-0.103063,0.053198,-0.081010,-0.073833,0.002705,-0.001069,0.044760,-0.007137,0.019534,-0.051637,-0.049458,0.018616,0.031967,0.025669,-0.082705,-0.047963,-0.014862,-0.004016,0.036586,-0.053920,0.000767,-0.083779,0.016649,0.000142,-0.018064,0.054742,-0.040336,-0.008548,0.030239,0.064267,0.013777,0.088953,-0.066379,-0.070247,0.055356,0.007216,0.083074,0.036744,0.021205,-0.029389,0.000000,0.030940,-0.042159,0.076238,-0.011313,0.023410,-0.044545,0.070444,-0.004133,-0.037234,0.062767,0.007349,-0.081595,-0.007937,0.029720,0.104091,0.020217,0.067572,0.002812,0.027847,0.003055,-0.019436,0.034102,-0.002887,0.047434,0.008443,0.057144,0.049015,0.031529,-0.070854,-0.003527,-0.042593,0.002253,-0.055578,-0.037131,-0.072472,-0.065929,0.047871,-0.017265,0.020754,-0.059769,0.022419,-0.055487,0.041359,0.110568,-0.032655,-0.119276,0.027358,-0.055157,0.066338,0.014120,-0.114912,0.013949,-0.025710,-0.064450,-0.084344,0.095698,0.118041,-0.041679,0.051279,0.038865,0.032267,-0.000913,-0.011932,0.013379,0.013470,-0.042672,0.022677,0.056058,0.017120,-0.013805,-0.032396,0.056079,-0.079997,-0.009512,-0.109526,-0.079590,-0.038965,0.034034,-0.056019,-0.071392,-0.068018,-0.065635,0.017209,0.090152,0.024835,-0.031877,0.033593,-0.053884,-0.018494,-0.045765,-0.056672,-0.003152,-0.046170,0.071738,-0.019795,-0.000000,-0.027753,-0.014010,0.059086,0.040062,0.004867,-0.004648,0.017116,-0.014998,-0.051034,-0.008289,-0.015393,0.027532,0.006137,0.071274,0.025414,-0.010815,0.032388,-0.125009,-0.027443,0.104164,-0.018963,0.081234,0.046392,-0.019117,-0.015852,-0.047026,-0.015452,0.041712,0.033909,0.055863,0.075724,0.099944,-0.024769,-0.022939,-0.043508,-0.013467,-0.011906,0.007568,0.004738,-0.064426,-0.076453,0.015917,-0.047472,0.058515,-0.051184,0.109880,-0.056745,0.010811,0.014988,-0.050380,0.050896,0.050712,0.002450,-0.007067,0.085974,-0.034035,0.030778,0.022440,-0.032327,0.067552,-0.023313,-0.069617,0.060025,-0.003817
-0.015706,-0.012998,-0.013969,0.052883,-0.036857,0.002507,0.013671,0.006208,-0.028059,-0.096770,-0.006989,0.065265,0.017320,0.037270,0.032452,-0.056004,0.041945,-0.077149,-0.038360,-0.079160,-0.155220,0.027804,-0.068733,0.013198,-0.014662,-0.044172,0.021853,0.060462,0.037110,-0.058340,0.002577,0.060973,0.063420,0.022734,0.038615,-0.008328,-0.003853,-0.036019,0.001068,0.043473,0.010815,-0.088973,-0.059393,-0.048802,-0.007817,-0.008903,0.053384,0.012125,0.111516,0.075256,-0.006558,-0.081619,0.107790,-0.011135,0.007669,-0.012925,0.008229,0.070038,-0.039711,-0.038024,0.027685,0.007019,-0.006803,0.015679,-0.058844,0.069239,-0.072564,0.002332,0.016151,-0.071318,-0.024216,-0.046003,-0.116133,0.064451,0.006646,-0.030368,0.075062,-0.042248,0.030216,-0.043552,0.028973,0.065503,-0.031735,0.092431,-0.093244,-0.013934,0.047522,0.071770,0.046334,-0.076355,0.057640,0.054332,-0.063144,-0.025231,0.046300,-0.086600,-0.081220,0.006021,0.074211,0.096829,-0.056060,0.001144,0.035659,-0.054305,0.002847,-0.024451,-0.053828,0.119070,-0.008854,0.038686,-0.057163,0.002472,-0.008482,0.046062,-0.033389,-0.079546,-0.072659,0.008973,0.057261,0.011591,0.075698,0.149036,-0.089963,-0.021556,-0.097165,-0.007496,0.044467,-0.000000,-0.045043,0.048376,0.007910,0.105510,0.033359,0.036593,0.025644,0.036801,-0.065405,0.052046,0.087302,0.065057,-0.066862,-0.042721,-0.012909,0.033112,-0.003765,-0.036210,0.054544,-0.028458,-0.064470,-0.022015,0.004640,0.053391,0.061175,0.043729,0.017217,0.041194,0.104998,0.009734,0.118524,-0.049124,-0.045344,-0.042939,-0.023698,0.041762,0.032822,-0.127232,0.017100,-0.032983,-0.057927,0.036679,0.020043,-0.017047,-0.024264,0.017684,0.000141,-0.028586,-0.032405,0.014101,-0.045040,-0.040609,-0.001733,0.064400,-0.060596,-0.099744,0.014734,-0.033108,-0.050267,0.007523,0.041642,0.096110,-0.024947,0.078208,-0.033494,0.028456,0.014988,-0.010331,0.036082,-0.073105,-0.003778,-0.008865,-0.010276,-0.059777,0.036493,-0.020747,-0.071587,-0.001054,0.050981,-0.015969,0.090958,-0.037245,-0.039098,0.053041,0.062645,0.027727,0.047723,-0.108502,-0.020626,0.075294,-0.068719,0.085125,0.046052,0.024928,0.010875,0.000000,0.002554,0.009503,0.039898,-0.019055,0.010401,-0.067454,-0.030083,0.008834,-0.054775,0.026496,-0.008193,-0.045980,0.056360,0.022366,0.091770,0.034405,0.083142,-0.001860,-0.023610,-0.055695,-0.034117,0.029493,-0.021777,-0.010900,-0.013037,-0.000005,0.034492,0.014977,-0.066619,-0.034860,-0.091777,-0.011490,-0.032560,-0.000171,-0.063360,-0.020941,0.040676,-0.049967,0.028314,-0.098747,0.013106,-0.062185,0.056182,0.026448,-0.036140,-0.080014,0.005110,-0.057416,0.124537,0.000305,-0.098604,0.035087,0.016231,-0.116745,-0.081628,0.066069,0.071057,-0.042579,-0.030663,0.014369,0.010514,0.052544,0.008847,0.069965,0.055936,-0.033497,0.040762,-0.040751,-0.043149,-0.022966,0.019396,0.051801,-0.050645,0.042577,-0.134408,-0.062833,-0.044673,-0.012930,-0.073052,-0.004155,-0.035384,-0.037607,0.045637,0.038163,0.027592,0.004003,0.012673,-0.031272,0.011527,-0.044021,-0.046961,-0.008156,-0.029067,0.055909,-0.010271,-0.000000,-0.020644,0.073634,0.037232,0.066721,0.038276,-0.020782,0.008274,0.054983,-0.015665,-0.046321,-0.046958,0.039632,-0.008215,0.049738,0.080664,-0.024564,0.076985,-0.058517,0.020914,0.090483,0.003949,0.047040,0.052324,-0.006086,-0.074936,-0.002827,-0.022926,0.037594,0.016215,-0.001597,0.010183,0.118840,0.001855,-0.035573,-0.037495,-0.070182,-0.031758,-0.017306,0.019294,-0.041818,-0.062203,0.082836,-0.016792,0.051181,0.002287,0.134739,0.010886,0.017756,0.014127,-0.000905,0.010595,0.047644,0.061171,-0.024697,0.020796,-0.037229,0.026622,-0.018963,-0.031405,0.046994,-0.058198,-0.070891,0.004259,0.010552
0.019935,0.048904,0.029242,-0.038066,0.022019,-0.036467,-0.064705,-0.019016,0.049089,-0.092892,0.052400,0.157483,0.004839,0.023801,0.037216,-0.090316,0.027507,-0.089712,-0.063465,0.022399,-0.004144,0.006950,-0.076026,0.014677,0.069610,0.032493,0.009878,0.079064,0.039705,-0.051656,-0.002043,0.105452,-0.024970,0.024393,-0.001812,-0.006121,0.041581,0.032100,0.028188,-0.006248,0.075846,-0.019408,-0.007770,-0.005953,-0.029519,0.042350,0.010189,0.003265,0.018330,0.081396,0.013491,-0.015689,-0.025931,-0.098432,0.024485,0.068199,-0.033406,0.092156,0.060404,0.003400,-0.035137,0.000131,-0.031130,0.068648,0.042412,0.029481,-0.057175,-0.101528,-0.003021,-0.033496,0.078500,-0.048248,0.007324,-0.005613,-0.055740,-0.039175,0.066265,0.083554,-0.019195,-0.029498,-0.020949,-0.036985,-0.025331,0.021396,-0.005156,-0.051102,0.014874,0.024316,0.064781,-0.047425,0.072737,0.007981,0.030951,0.014905,0.001726,-0.062199,-0.045914,0.109624,0.151466,0.068620,-0.032382,0.084711,-0.044129,0.037705,0.010002,-0.032245,-0.009956,0.008146,-0.039893,0.001084,-0.051840,0.001814,0.012545,-0.033041,0.030874,0.009876,-0.089554,0.014309,0.013009,0.032064,0.043077,0.020587,-0.023506,-0.038712,-0.119786,0.033765,0.109211,-0.000000,-0.035144,-0.043457,-0.031447,0.027689,0.099936,0.030337,-0.023235,0.008984,-0.003812,0.008783,0.059972,-0.017524,-0.032479,-0.144481,0.012349,0.102164,-0.051433,0.046928,0.138374,0.010482,0.029822,-0.021777,0.000561,-0.014790,0.003575,0.024244,-0.008217,0.052012,0.064773,-0.027972,0.068578,-0.025530,0.019129,0.034401,0.101219,0.070764,0.053661,-0.118999,-0.034191,-0.001010,0.000708,0.017991,-0.019827,0.000103,-0.029521,0.078347,-0.084438,-0.024438,-0.047967,0.067379,-0.038554,0.046482,0.059518,-0.015913,-0.024348,-0.014059,-0.003836,-0.004795,0.019880,0.013909,0.101493,0.073199,-0.008635,0.050768,-0.009149,0.058401,0.057857,0.010897,-0.009791,-0.004341,0.029222,-0.002885,-0.020893,-0.019146,-0.033143,-0.039213,-0.040271,0.035387,0.029939,-0.023974,0.046515,-0.023226,0.010844,-0.018184,-0.036490,0.030811,0.082853,0.011692,-0.027096,0.032722,-0.126172,0.069125,-0.004823,0.001339,0.083314,0.000000,-0.105853,0.000191,-0.016416,-0.029593,0.060876,-0.016729,-0.004341,-0.032996,-0.027565,0.133561,0.043375,-0.078031,0.026883,-0.026084,-0.037023,0.044689,0.114172,0.002276,-0.040614,0.069783,-0.005110,0.066344,-0.045302,0.025640,-0.016347,0.077858,-0.062151,0.008063,-0.051157,-0.025252,-0.003914,-0.006795,-0.054922,0.041423,-0.048381,0.002478,-0.050219,-0.036915,-0.007330,-0.065460,-0.035580,-0.074430,-0.026161,0.080866,-0.019849,0.051118,-0.062272,-0.025979,0.102060,-0.000253,-0.026364,-0.024295,0.026988,-0.053599,-0.072393,-0.006287,0.065376,-0.073479,-0.074642,0.012425,0.005040,-0.046306,0.019429,-0.021862,-0.009844,0.052520,0.027366,-0.074645,-0.011019,-0.014417,0.022289,-0.028345,-0.075831,0.030974,-0.072072,-0.058611,-0.050158,0.009789,-0.101579,0.020068,-0.043771,-0.047764,0.007678,0.030287,-0.093238,0.082658,-0.020636,-0.082359,-0.003705,-0.005163,-0.013808,-0.038590,0.019591,0.103268,-0.020770,-0.000000,-0.000292,0.053643,-0.024190,0.036616,-0.029893,-0.038544,0.058126,-0.012590,0.081959,0.096558,-0.090983,0.013752,0.016282,0.062730,0.032335,-0.040388,-0.047730,-0.130919,0.022154,0.044145,0.016740,0.049068,0.052952,-0.037486,-0.021381,0.008186,-0.065022,0.077433,0.027097,-0.024236,0.013499,0.015225,-0.062224,-0.021908,-0.065388,-0.124708,-0.011598,0.017157,0.001504,-0.020805,-0.049661,-0.034101,-0.039838,0.121956,0.062481,0.012662,-0.085074,-0.067643,-0.009943,-0.012525,0.014636,0.024815,0.023211,-0.054489,0.117195,-0.080383,-0.008844,-0.066055,-0.056943,0.019180,-0.046751,-0.074647,0.037905,0.024226
0.027234,-0.007840,-0.071328,0.037848,0.047870,-0.046629,0.011543,0.050033,0.027325,-0.026208,-0.030226,0.051686,0.019080,-0.006154,0.044082,0.037438,0.080315,-0.037929,-0.156877,-0.036854,0.069560,-0.114690,0.046815,0.024455,0.020985,0.017005,-0.029586,0.027963,0.042332,0.025624,-0.076166,0.063996,-0.047431,0.026498,-0.128844,0.018303,-0.012640,0.063085,0.018148,-0.061659,-0.036088,0.023856,0.039191,0.012608,0.006382,-0.014048,-0.040309,-0.043644,-0.051334,0.024331,-0.011383,0.013009,-0.002722,-0.026650,-0.009613,0.043090,-0.042016,0.051804,0.019096,0.031498,0.067844,-0.016901,-0.049120,-0.025441,0.002972,-0.088415,-0.031362,-0.055535,-0.097693,0.087169,-0.034599,0.099906,-0.007651,0.068768,0.015088,-0.019057,-0.010490,0.053007,0.089888,0.126203,-0.001001,-0.089067,-0.015569,-0.010401,-0.010772,-0.057008,0.090165,-0.043031,0.004600,0.058528,-0.038513,0.052666,0.059241,0.020064,0.037770,0.000695,0.052802,-0.005860,-0.018031,0.089817,0.012656,0.069941,-0.016934,-0.071551,0.003169,-0.049534,-0.056349,0.038923,-0.045216,-0.051599,-0.071955,-0.003513,-0.044509,0.011265,0.049311,-0.027638,-0.038206,0.066692,0.047240,-0.037967,0.082836,-0.008674,-0.075455,0.007388,0.015755,0.009110,-0.020865,-0.000000,0.021604,0.025323,0.037234,-0.004168,-0.039662,0.011752,-0.098193,-0.018853,0.056469,-0.023354,0.049747,-0.060628,0.080692,0.018203,0.133468,0.041605,0.002528,0.018261,-0.002438,0.016610,0.095220,-0.052055,-0.006980,-0.063796,0.026303,0.001025,0.045944,-0.009756,-0.060374,0.022513,-0.006747,-0.027679,-0.125309,0.008603,-0.048071,0.041712,0.021874,-0.057159,-0.027631,0.031708,0.003953,0.048394,-0.044044,0.067003,-0.040028,0.068851,0.038247,-0.049115,-0.079944,0.039687,0.106757,0.044924,0.022969,-0.029456,-0.015880,-0.019819,0.035629,-0.041769,0.003530,0.023357,0.006143,0.015064,-0.046143,-0.004687,-0.051808,0.038614,0.038982,0.083054,-0.009651,-0.049877,-0.003823,0.018566,0.075394,-0.048391,-0.085094,-0.020868,0.038863,-0.007482,0.006886,-0.004258,-0.006901,0.026953,-0.023165,-0.000167,-0.015934,-0.060799,0.041846,0.016066,-0.018933,-0.084736,-0.100524,0.023489,-0.064100,-0.124449,-0.057558,0.000000,-0.068697,-0.065367,0.061762,0.092687,-0.084032,0.037907,0.008835,0.050367,0.040064,0.023788,0.105744,0.027600,0.009243,-0.027794,0.036434,-0.054640,-0.049694,0.038505,-0.085226,0.048067,-0.033869,0.027136,-0.001319,0.039991,-0.049630,0.068609,-0.061996,0.048811,0.003863,-0.011941,0.079313,-0.073989,-0.075963,-0.102507,0.020104,0.059152,-0.046728,-0.035699,-0.029616,0.011598,0.013613,-0.010944,-0.112191,0.007802,-0.024731,-0.021235,0.167896,0.008962,-0.024346,0.064475,-0.015767,-0.057094,-0.008856,-0.002791,0.013028,-0.046884,0.093640,0.019243,0.035418,0.022403,-0.006781,0.026707,-0.106379,0.049192,0.064881,-0.060663,-0.061384,-0.009967,0.020664,-0.021176,0.096587,0.009957,-0.067051,0.021022,0.030085,0.023450,0.041378,0.038908,-0.069461,-0.011546,0.020863,-0.006672,0.024329,-0.112503,-0.026890,-0.009500,-0.060278,-0.080662,-0.010963,-0.015492,-0.051627,-0.043972,0.067886,-0.056256,0.017709,-0.000000,-0.005489,-0.059959,0.117962,0.054720,0.005530,0.051720,0.030966,0.037695,0.017020,0.045980,0.055420,-0.043447,-0.057819,-0.014660,0.036648,-0.029171,0.000826,0.018423,-0.022378,0.031384,0.012352,0.022048,-0.050965,0.038289,0.074494,0.037066,0.027745,0.072951,-0.031334,0.051293,0.030290,-0.016478,-0.036731,-0.012090,-0.007581,0.024260,0.052031,0.035770,0.059724,-0.111452,-0.087094,-0.027869,-0.036007,0.188740,0.065950,-0.050868,-0.039992,-0.032374,-0.049314,-0.006310,-0.000484,0.041352,0.048253,-0.009120,-0.029932,0.037179,-0.012329,0.039489,-0.032200,0.038894,0.122390,0.037770,0.064757,-0.050518
-0.055627,-0.043920,-0.043073,-0.004911,0.028202,0.046876,0.027642,-0.023546,-0.070835,-0.042533,-0.036841,0.103586,-0.045404,0.017116,0.041123,0.008410,0.020065,-0.060932,-0.060991,0.034100,-0.031876,-0.032411,0.039813,0.018494,-0.081388,0.028811,-0.005240,-0.013596,-0.017278,-0.013070,-0.033206,-0.007208,0.048385,0.041714,-0.025961,0.022705,-0.063949,-0.054869,0.091154,-0.004677,-0.000207,-0.112411,-0.071561,-0.010293,-0.012916,0.020457,0.028817,-0.009904,0.017935,-0.058668,-0.072348,-0.002329,-0.014614,-0.116981,0.005077,0.032337,-0.091580,-0.052527,0.035130,-0.028024,0.016564,-0.052465,-0.011276,0.060648,0.038359,-0.090608,-0.086485,0.102051,-0.109580,0.001529,0.038057,-0.027705,0.020562,0.012636,-0.060907,0.026762,0.038033,-0.018067,0.047989,0.018326,0.044340,-0.050794,-0.040983,-0.035631,-0.049926,-0.048300,-0.028168,-0.048248,0.054518,-0.041306,0.012336,0.010263,0.003780,0.060903,0.029791,0.105079,-0.036462,0.062248,0.022683,0.038996,0.072997,0.129789,-0.040657,-0.050083,-0.079337,-0.009007,-0.014916,0.086571,-0.019005,0.042112,-0.059446,-0.007582,-0.024707,0.029550,-0.011188,-0.004622,-0.045233,-0.039097,0.005293,0.001055,0.005799,0.022191,-0.065919,0.024856,-0.005554,0.084727,-0.036565,-0.000000,-0.080778,0.058406,-0.016396,0.046102,-0.106664,0.077840,0.008071,-0.028539,-0.054430,0.017827,0.059200,0.034474,-0.008321,0.054720,0.093350,-0.070664,0.003366,0.054809,0.081218,-0.036845,0.091790,0.052218,-0.004336,-0.046141,0.033071,-0.071627,-0.011593,0.000816,-0.004969,0.017576,-0.015531,0.057488,-0.088941,0.017286,-0.096020,0.050108,-0.052792,0.002800,-0.023475,0.040025,-0.040326,0.059004,-0.098623,0.013432,0.011990,0.084174,-0.011988,0.004068,-0.089060,0.025924,-0.004852,0.026386,-0.012922,-0.037212,-0.002467,-0.001416,-0.048394,-0.075722,-0.107670,-0.026305,0.014846,0.026422,-0.058962,-0.081125,-0.106761,0.082107,0.004470,0.064384,-0.050205,-0.022082,0.024838,0.013353,0.043661,0.050609,0.019080,0.027367,0.012200,0.100284,0.088970,-0.093361,0.022203,-0.002455,0.083811,-0.001030,-0.015298,-0.020952,0.063408,0.082845,0.060123,0.050039,-0.106500,0.042305,-0.023182,0.041683,-0.027905,-0.000000,-0.066086,0.077932,-0.023078,0.053366,-0.049195,0.035432,-0.004166,-0.017294,0.013396,0.028477,0.004750,0.057922,0.043230,0.030851,-0.085892,-0.049961,0.042305,-0.021903,0.025464,-0.050115,-0.011576,0.063877,-0.059232,0.021520,0.059745,0.016518,-0.039155,-0.044298,0.007710,-0.025960,0.021120,-0.083018,0.014841,-0.016529,0.025153,0.101405,0.026392,-0.071538,0.049691,0.046859,-0.000321,-0.064180,-0.097166,-0.030237,-0.060819,-0.025164,0.082096,0.012298,0.014829,-0.017519,0.036666,0.053750,-0.044950,-0.099436,-0.094573,0.050704,0.032344,0.018513,0.036721,0.014298,0.052956,0.117231,-0.044821,-0.060722,0.033933,0.044326,0.033838,-0.075057,0.024275,-0.022522,0.002488,-0.071654,-0.062776,0.061128,0.049480,0.035333,0.019366,-0.026293,-0.083645,0.054127,0.079823,-0.011997,-0.014217,-0.028462,0.026932,0.012522,-0.024527,-0.039401,-0.009173,0.018821,-0.113876,-0.107061,0.049454,-0.009718,-0.019204,-0.000000,-0.012752,-0.090551,0.126231,0.114559,-0.022157,-0.013326,0.004129,-0.003635,0.025634,-0.014980,0.030960,0.075112,-0.105512,0.028843,0.033064,0.006909,-0.027091,0.011866,-0.014479,0.021183,0.050932,0.115274,-0.051455,0.030428,0.049289,0.027871,-0.033220,0.004321,0.011598,0.004472,-0.019640,0.031924,-0.002320,-0.001809,-0.029983,-0.031984,0.021811,0.035875,0.063416,0.002579,-0.136390,0.005975,0.014601,0.086957,-0.052744,0.017471,-0.148470,0.044702,-0.003202,-0.098814,-0.010677,-0.009597,-0.000067,-0.008322,0.048928,0.002080,-0.038719,0.008184,-0.105616,0.009031,0.003693,-0.035101,-0.035386,0.062441
0.032463,-0.081678,-0.012344,0.014045,0.029484,0.050431,-0.001868,-0.056859,-0.019124,0.010449,-0.048514,0.080679,-0.041012,-0.014214,0.067179,0.000080,0.050923,-0.055189,-0.038862,0.013617,-0.108639,-0.094191,-0.024827,-0.003442,0.036814,-0.030089,-0.015786,0.076482,0.081073,-0.002226,0.024877,-0.008475,0.075759,-0.038933,0.030498,0.068430,0.041866,-0.016397,-0.000752,-0.000133,0.084758,-0.078066,-0.055071,-0.018483,-0.045146,0.017016,0.060202,-0.002467,-0.014651,0.005019,-0.049480,0.037273,-0.024569,-0.085620,0.002089,-0.036906,-0.050344,0.024309,-0.009063,-0.053448,-0.087521,0.017021,-0.020010,0.036809,0.086539,-0.074847,-0.033697,0.081195,0.015863,0.000418,-0.015020,-0.047885,-0.040459,-0.016207,-0.078763,-0.024905,0.084092,-0.033408,0.077444,0.036582,0.041311,-0.066658,-0.038417,-0.095278,-0.026036,-0.108923,0.034956,-0.076935,-0.042983,-0.036258,0.083031,-0.024155,-0.030440,0.089332,0.048830,0.044605,-0.015848,0.071651,-0.031341,0.084390,0.051964,0.069886,-0.157747,0.012739,-0.060695,-0.064523,-0.034386,0.077227,0.046170,-0.006273,0.031621,0.102395,-0.050354,-0.033866,-0.087931,-0.040331,0.007186,-0.055502,0.022419,-0.012187,-0.066867,0.005268,-0.022219,0.010988,0.018927,0.025862,-0.089724,-0.000000,-0.109383,0.003213,0.028989,-0.122405,0.000190,0.067850,-0.058555,-0.046317,0.005968,-0.055353,0.000310,0.019589,0.033379,0.026319,-0.003574,-0.097511,-0.036468,0.073784,0.064506,-0.033915,0.002585,-0.013764,0.061188,-0.015668,0.038424,-0.024525,0.056313,0.041341,0.124542,0.036140,0.061249,0.025526,-0.086713,0.062860,-0.090668,0.066293,-0.041164,-0.034129,-0.005173,0.004447,-0.044623,0.028374,0.009263,-0.004989,-0.017308,0.055500,-0.029257,-0.058835,0.002862,-0.037025,0.052661,0.035547,-0.020208,-0.059173,0.024985,-0.025239,0.020176,-0.056840,-0.014741,-0.023243,-0.019087,-0.017396,-0.017360,-0.014067,-0.004759,0.042900,0.091210,0.011541,-0.061291,0.098556,0.035177,-0.000703,0.106790,0.088168,-0.056877,0.018639,-0.009059,0.056949,0.107949,-0.051281,-0.025853,0.039191,0.037247,-0.019997,0.034458,-0.082411,-0.028023,-0.009432,0.084623,-0.073197,-0.027412,-0.038927,-0.019647,0.042777,-0.054932,-0.000000,-0.106921,0.045675,-0.052626,0.043895,-0.066702,-0.024295,0.072032,-0.058186,0.102711,0.086318,0.009602,0.003514,0.012176,0.029482,0.003707,-0.055727,0.059136,-0.037852,0.049755,-0.081908,0.020262,0.009849,0.047992,0.131799,0.048562,-0.008818,-0.078038,-0.045364,0.025422,-0.058661,0.002665,0.015092,-0.070420,0.028609,-0.021098,0.117031,-0.047482,0.001006,0.029527,0.111280,-0.005445,-0.041623,0.052961,0.030655,-0.032693,-0.006980,0.005278,0.002249,0.061431,-0.033223,-0.004335,0.001030,-0.027175,-0.018769,-0.088729,-0.017898,-0.017404,0.000956,0.011583,-0.001595,0.036099,0.073661,-0.045265,-0.004218,-0.018691,0.054036,-0.057992,-0.151899,0.034908,-0.030214,0.050132,-0.080107,-0.096467,-0.054343,-0.024556,0.089036,0.022135,0.033069,0.021408,0.014892,0.027269,0.008189,0.036069,0.009064,0.008544,-0.013069,0.031012,0.015290,-0.006345,0.050578,-0.056521,0.001101,0.045684,-0.007563,-0.002639,-0.000000,-0.045446,-0.108320,0.006877,0.027883,-0.008914,-0.019555,-0.082222,0.040917,0.028230,0.075630,0.088829,-0.052763,-0.072184,-0.003077,0.013600,0.010937,-0.046166,0.066006,-0.024959,0.002659,0.007578,0.148216,-0.007582,0.035451,0.031796,0.064343,0.030340,-0.001692,0.024277,0.036416,-0.028131,0.006629,0.035379,0.023422,-0.020339,-0.003366,0.005829,0.042655,-0.038971,-0.025241,-0.045338,-0.067356,0.011758,-0.017444,0.011912,0.022907,-0.094557,0.095843,-0.004003,-0.071210,0.041975,-0.057588,0.044940,-0.001336,0.061988,-0.008612,-0.104297,0.031100,0.026054,-0.014455,-0.029159,-0.042057,0.038510,0.027760
-0.036269,-0.074645,0.041743,-0.067013,0.045748,0.031838,0.046144,0.015616,0.020277,-0.042063,0.008918,0.132544,-0.022176,-0.004999,0.101630,-0.034457,0.087742,-0.066900,-0.065736,-0.083784,-0.003419,-0.002026,-0.052253,0.030303,-0.058232,-0.008133,-0.060113,-0.006948,0.002285,-0.107241,-0.015736,0.049784,0.066007,0.003624,0.034348,0.026343,0.007183,-0.019135,-0.018369,0.036146,-0.018549,-0.084290,-0.061418,0.076608,0.043434,-0.031165,-0.027196,0.026417,0.050025,0.059238,0.006558,-0.037491,0.012820,-0.025512,-0.028099,0.008726,-0.046056,-0.007593,-0.024988,0.002672,0.001750,-0.031235,-0.040862,0.103437,0.022845,-0.099890,-0.041165,0.003918,-0.110981,-0.130564,-0.001631,-0.033501,0.045930,0.103087,-0.003484,0.025809,0.043032,0.023996,0.096671,-0.023946,0.023777,0.004950,0.003928,0.014392,-0.050722,0.022396,-0.007161,-0.065002,-0.015961,0.003999,0.035829,-0.087516,-0.036773,0.004428,-0.115212,-0.028761,-0.087407,-0.109558,-0.019573,0.074417,0.024760,0.067795,0.013192,-0.056745,-0.065132,-0.060545,-0.074414,0.068323,0.063192,0.037043,-0.041030,0.024279,-0.062387,-0.006555,-0.022286,0.002962,-0.008650,-0.011140,0.045418,-0.067419,0.000455,0.075992,-0.052993,-0.051197,-0.064431,0.020391,-0.032010,-0.000000,-0.135584,0.044121,0.021674,0.062547,-0.000628,0.022369,-0.027892,0.000475,-0.090258,-0.015455,-0.053451,0.122821,0.072640,0.063789,0.074215,-0.051236,-0.030084,0.119031,0.094259,-0.004631,-0.015631,-0.029767,0.024920,0.072232,0.050953,-0.032860,0.018702,0.040138,0.024082,0.029573,0.055386,-0.010940,-0.020219,-0.046815,-0.036244,0.061120,-0.045340,-0.136482,0.028687,0.011421,-0.014684,-0.001481,-0.122015,0.041947,0.001814,0.048331,0.061620,-0.034353,0.034958,-0.008320,0.004856,0.031905,-0.009665,0.026968,0.017335,0.001587,0.018807,-0.087783,0.059822,-0.065982,0.005852,-0.137503,-0.061232,0.051193,-0.005647,0.027918,0.077965,-0.012933,0.023865,0.060144,-0.029417,-0.003038,0.117885,0.041485,-0.036757,0.019650,-0.028324,-0.000759,0.085486,0.008014,-0.025683,-0.021014,0.097357,0.037500,0.065806,0.004336,0.048474,-0.031356,-0.032609,-0.011694,-0.060859,0.050151,-0.048274,0.128199,0.013894,0.000000,-0.051139,-0.017131,-0.030475,-0.005642,-0.021318,-0.008768,0.002923,0.069926,-0.013942,0.050016,-0.027794,0.036745,0.029204,0.049077,-0.045659,-0.007210,0.026580,-0.016673,-0.011969,-0.016285,-0.016157,0.075219,0.022722,0.000481,0.049890,0.002865,-0.109461,0.039307,0.038462,-0.051545,0.006066,-0.082352,-0.064863,0.045914,0.026829,0.034028,0.065149,0.001329,0.035514,0.011255,0.025648,-0.117539,0.032067,0.020289,-0.035257,-0.021103,0.015253,-0.028589,-0.039052,0.010742,0.005174,-0.012779,0.037364,-0.021687,-0.074404,0.091744,0.026368,0.001370,-0.076029,-0.001850,0.071289,0.065265,-0.031213,0.007480,0.033793,-0.028437,0.084802,-0.020725,-0.040208,-0.041656,0.005419,-0.024795,-0.111323,-0.015051,-0.115339,-0.013824,0.073554,-0.082283,-0.051399,-0.016115,-0.059098,-0.064457,0.043742,0.012258,0.035259,-0.045243,0.072322,-0.019083,-0.021897,0.052663,-0.100649,-0.003042,-0.105355,-0.009029,-0.028927,-0.000000,-0.048353,-0.006164,0.026687,0.052241,0.043192,-0.087009,0.015637,0.094428,0.037649,0.016060,-0.042611,0.010562,-0.030306,0.078339,0.107079,0.029900,-0.008484,0.052740,-0.042992,-0.002191,-0.014557,0.091275,0.073319,-0.074796,-0.005202,0.019053,-0.002921,0.084264,0.072134,-0.037883,0.009288,0.046022,0.034622,0.018492,-0.024129,0.008221,-0.031132,0.000986,-0.019466,0.032431,-0.054311,0.004126,0.046383,0.055106,-0.008372,-0.018076,-0.123795,0.019249,0.014200,-0.021805,0.015025,0.021044,0.022488,0.005405,0.037041,0.004051,0.000759,-0.042257,0.036326,0.092534,-0.045192,-0.084189,0.052857,0.005958
-0.059929,-0.091622,-0.001219,-0.014981,0.016690,0.007023,0.033980,0.013534,-0.003837,-0.054449,-0.096813,0.067212,-0.002803,0.022020,0.130058,0.049721,0.109700,0.012019,-0.042185,-0.070680,-0.067793,-0.064275,-0.000459,-0.036549,-0.039433,0.000425,-0.046968,0.002293,0.016040,-0.082874,0.016743,0.036781,0.004990,-0.068262,-0.052775,0.043035,-0.057691,-0.010958,0.082893,-0.016403,0.022657,-0.056119,-0.004019,0.016346,-0.074277,-0.050383,0.039216,-0.057288,-0.009288,-0.005280,-0.007413,-0.030642,0.005987,-0.113490,0.041632,0.124442,-0.039415,-0.010073,-0.007682,-0.049582,0.030313,-0.026093,-0.002155,0.015786,0.044254,-0.111934,0.013057,0.146043,-0.027337,0.047547,0.001837,0.031684,0.012300,-0.008897,0.051747,0.008733,-0.017810,-0.011057,0.086340,-0.076052,0.076275,-0.040299,-0.073186,-0.006694,-0.030151,-0.007362,-0.019569,-0.008397,-0.014054,-0.046433,0.003822,0.024558,-0.049591,-0.067545,0.008074,0.065934,0.005542,-0.020205,-0.060962,0.094779,0.015247,0.083868,0.011539,-0.080430,-0.006724,-0.030048,0.033786,0.065496,-0.048550,0.037685,0.050095,0.093181,-0.019920,0.037199,-0.027837,0.003956,-0.070335,-0.021102,0.070154,-0.042086,0.020745,0.032747,-0.019885,-0.020990,-0.020537,0.002072,-0.129423,-0.000000,-0.032482,0.034520,0.028083,0.024114,0.049959,0.016426,-0.035447,-0.071594,-0.049125,-0.045009,-0.037208,0.019931,0.024239,0.031112,0.120630,-0.116313,-0.035957,0.084855,-0.001882,-0.054386,0.024980,-0.058214,-0.012555,0.064067,0.055122,-0.021447,0.064422,-0.005936,-0.002598,-0.010218,-0.003674,0.069909,-0.107086,0.042202,-0.025355,0.008075,-0.081393,-0.062694,0.067592,-0.019571,-0.058797,0.048078,-0.149888,-0.020701,-0.004205,0.044372,0.024518,0.023482,0.010971,-0.048740,0.015265,0.039032,-0.021430,0.022630,0.051968,0.039498,0.033520,0.035058,0.068673,0.078788,-0.032994,-0.013517,-0.075917,-0.077259,0.040169,0.081990,0.085070,0.006512,0.024854,0.001947,-0.056727,-0.029752,-0.014785,0.089220,0.070767,-0.011395,-0.032493,0.003054,0.009017,-0.033211,-0.053478,0.021867,-0.005313,-0.029989,0.041735,-0.048039,0.046898,-0.003216,-0.030330,0.047128,-0.029809,0.024452,-0.011404,0.055974,-0.036389,0.000000,-0.070046,-0.062545,0.026639,0.092522,0.002860,-0.008233,0.068237,-0.033409,0.007238,0.022546,-0.013547,0.056454,-0.013637,-0.000870,-0.048928,0.013983,-0.019497,-0.027583,0.037015,-0.047608,0.073130,0.114138,0.021181,0.004342,-0.021391,0.018480,-0.077115,0.003750,-0.129677,-0.047110,-0.016639,-0.023652,-0.074499,0.048621,0.064437,-0.015068,0.081365,-0.058728,-0.006103,0.047100,0.050506,-0.055823,0.013708,0.060929,0.001722,-0.010193,-0.072461,-0.041089,-0.030582,0.035403,0.084471,-0.006272,-0.107818,-0.070051,-0.024566,-0.006964,0.050302,-0.099577,0.140298,0.061243,-0.019316,0.032264,0.027930,-0.058527,0.081604,0.023688,0.004331,-0.068172,0.030579,0.059644,0.054051,-0.017150,-0.079044,0.046246,0.009940,0.052073,0.070125,-0.057085,-0.047471,0.006938,-0.096038,0.027399,0.018024,0.008710,0.002554,0.080696,-0.032455,0.010862,0.057101,-0.039831,-0.046637,-0.041371,0.017662,0.058677,0.009384,-0.000000,-0.020956,-0.009240,0.023827,0.047160,-0.044636,-0.055230,-0.090643,0.133810,0.051856,0.004092,0.083610,0.025080,-0.055629,0.038819,0.105782,0.058473,-0.056987,0.083576,-0.061454,-0.047948,0.028200,0.140306,0.040242,0.049630,0.034379,-0.041459,-0.054199,0.015737,-0.035399,-0.044632,0.030741,0.025986,0.024044,-0.010446,0.053035,-0.041074,-0.058302,0.011879,0.029056,-0.004865,-0.022102,-0.000402,-0.023083,0.070956,-0.035279,-0.053873,-0.105544,0.019369,-0.028807,-0.075296,-0.001289,0.035194,0.040825,-0.009334,0.023868,0.023591,-0.038540,0.003240,-0.006019,0.046165,0.082337,-0.042896,0.003421,0.009966
-0.027034,-0.013070,0.028693,-0.092716,-0.067668,-0.021298,0.058128,0.061384,0.020610,-0.023339,-0.039733,0.084867,0.013671,0.030691,-0.000420,0.019586,0.007426,-0.029040,-0.016985,0.007537,-0.122826,-0.034601,0.010695,-0.016150,0.016056,0.056958,-0.014206,0.051587,0.021947,-0.027579,-0.063143,-0.033855,0.104690,0.005844,0.027712,0.019185,-0.004406,-0.080494,0.016710,-0.021664,0.014559,-0.010195,-0.008000,-0.025604,-0.089648,0.088288,0.046106,0.002828,0.056213,0.041564,-0.002690,0.036780,0.018280,-0.057425,0.023188,0.149499,-0.011124,-0.064469,0.070739,-0.115884,0.072760,0.037618,-0.037771,0.043750,0.088142,-0.091586,-0.001926,0.042131,-0.110851,-0.047359,0.099654,-0.018903,-0.025944,0.066945,-0.022757,0.026871,0.054679,-0.052912,0.013529,0.049677,0.033913,0.013579,-0.040592,-0.065482,-0.056836,-0.047882,0.070284,0.025887,0.003202,0.004866,0.040343,0.014201,-0.003085,0.002261,-0.047947,0.080170,-0.023229,0.047853,-0.044723,0.020674,0.015365,0.023352,-0.021551,-0.091132,-0.034606,-0.062164,0.013540,0.068746,-0.010486,-0.024960,-0.112707,0.040822,-0.086000,0.109842,0.018844,0.015995,-0.086030,0.004960,0.108573,-0.199625,0.031279,0.047878,0.020191,0.019794,-0.028285,-0.012994,0.002971,-0.000000,-0.043945,0.142209,0.007554,-0.043875,-0.015919,0.064848,0.038202,0.020251,-0.093306,0.055509,-0.025377,-0.056307,-0.004349,-0.041656,0.018878,0.002147,-0.033244,-0.011501,-0.052809,-0.055677,-0.024909,0.051010,0.009584,0.030538,-0.034683,-0.073286,0.007761,0.030274,0.022555,0.019257,0.014267,0.014834,-0.039366,0.027671,-0.108241,0.020300,-0.066250,0.022452,-0.028005,0.040919,-0.069163,0.022572,-0.071641,0.074682,0.035222,0.081608,-0.035745,-0.020607,-0.007414,0.001745,-0.057756,-0.043064,0.006236,0.038467,0.003288,-0.018614,0.054633,-0.003938,-0.107942,-0.025932,-0.075799,-0.015784,0.012901,-0.025674,-0.045526,0.015277,0.052214,0.003744,-0.008335,-0.016453,-0.036313,-0.020587,0.021341,-0.018703,0.001411,-0.014486,-0.061564,0.119734,0.080382,-0.017322,0.040809,-0.008117,0.038030,0.052573,0.043899,0.021994,0.027679,-0.036513,0.001600,0.090505,-0.003693,0.072566,0.055211,0.045345,0.008282,0.000000,-0.001037,-0.038856,0.064726,0.063261,-0.067051,-0.020421,-0.017152,0.042627,0.000706,0.079391,-0.007457,0.010083,0.004162,-0.005699,-0.000761,-0.067318,0.097274,-0.198683,0.098002,-0.125091,-0.018443,0.111475,-0.068072,0.059933,-0.030452,0.010207,-0.070640,0.021401,-0.023923,0.004772,-0.001679,-0.088290,-0.055358,0.032255,0.013886,-0.003304,0.020075,-0.013671,0.020262,0.073551,-0.020494,0.027994,0.053370,0.017552,0.011528,-0.015846,0.092438,-0.062560,0.054482,0.070216,0.025483,0.043839,-0.053487,-0.056482,-0.038048,0.034899,0.113028,0.036070,0.056611,-0.007783,-0.016983,0.063384,0.025786,0.097854,0.060257,0.021245,0.048817,-0.072777,-0.022102,-0.071680,-0.003594,-0.124844,-0.077255,0.014937,0.053729,0.003923,0.006088,-0.019137,-0.013408,-0.068910,-0.035610,0.031845,0.036274,0.055838,0.019941,-0.032456,-0.048144,-0.106690,-0.001045,-0.020418,-0.071333,0.013469,0.032602,-0.058467,0.014643,-0.000000,-0.032000,-0.012657,0.024164,0.020544,-0.022077,-0.026469,0.091399,0.102936,0.002065,0.057137,0.018162,0.027408,-0.113136,0.035117,-0.037588,-0.078444,0.001616,0.027704,-0.050845,-0.002095,0.028069,0.099613,0.027016,-0.006889,-0.025727,0.000308,-0.017837,-0.015768,-0.060987,0.056127,-0.026676,0.037419,0.029814,0.056556,0.044338,-0.042052,-0.041220,0.005480,0.014455,-0.026826,-0.040761,0.017998,-0.078274,0.055909,-0.062480,-0.008771,-0.008753,0.021152,0.013585,-0.063131,0.013210,-0.044141,0.020986,0.028272,-0.009575,-0.049752,-0.046663,0.015674,0.000870,-0.049529,0.033250,-0.029490,-0.004513,0.028294
0.029270,-0.025856,-0.039184,-0.080476,-0.028081,0.054470,0.046584,-0.036812,-0.043070,0.023660,-0.028618,0.081672,-0.022342,0.026438,0.073391,0.044448,0.031088,-0.057137,-0.035534,0.090487,-0.063844,-0.019852,-0.001889,-0.010200,-0.028899,-0.014604,0.007890,0.022472,0.035097,-0.035553,0.062915,-0.025948,0.011605,0.018779,0.034314,0.080805,0.026774,-0.069410,0.043406,-0.043600,0.044241,-0.029454,-0.050392,-0.053034,-0.019977,0.052488,0.068646,-0.009751,-0.063784,0.010711,0.007681,0.023163,-0.015261,-0.106241,0.019461,0.008734,-0.057095,-0.062527,-0.020580,-0.039297,-0.127262,0.074020,-0.043032,-0.038495,0.057809,-0.130568,-0.015892,0.058265,0.010416,0.022182,-0.064547,-0.036901,0.026609,-0.019133,-0.024651,0.017452,0.063070,0.009554,0.046963,-0.001333,0.017369,-0.002043,-0.025026,-0.143939,0.034962,-0.091480,0.012774,-0.035477,-0.043861,-0.031472,0.003852,-0.024825,0.050106,0.065119,0.061953,0.018413,0.033456,0.075944,0.010431,0.072534,-0.025859,0.107597,-0.108863,-0.014032,-0.072673,-0.039044,-0.045255,-0.001384,0.064152,-0.042412,-0.005288,0.066015,-0.004295,0.060453,-0.050413,-0.010134,-0.033198,-0.024988,0.042362,-0.110429,-0.002634,0.016374,-0.025300,-0.009200,-0.019912,0.063073,-0.075176,-0.000000,-0.066196,0.039482,0.004269,-0.039514,0.040459,0.044603,-0.026365,-0.031172,-0.007983,0.017810,0.011443,-0.023087,0.108883,-0.001746,-0.029840,-0.024503,-0.035722,0.013214,-0.010719,-0.047816,-0.028360,-0.006384,0.058390,-0.004644,0.030982,-0.056180,0.080490,0.006863,0.131763,0.005741,0.005261,0.060135,-0.092158,0.102958,-0.106830,0.046639,-0.063802,-0.068355,-0.024715,0.002778,-0.029733,0.038891,-0.024377,0.025499,0.040196,0.016012,0.025544,-0.026909,-0.024565,-0.051822,0.033846,0.021981,-0.068201,-0.029053,-0.000369,-0.032871,0.010553,0.038358,0.014356,-0.011940,-0.006102,-0.043728,0.015059,0.015325,0.027405,0.023229,0.045226,0.027247,-0.059674,0.024369,0.007228,0.029169,0.039899,-0.004044,-0.143955,0.053921,0.038283,0.042450,0.108101,-0.014388,-0.036837,-0.016593,0.066845,-0.020128,0.102494,-0.061663,0.019308,-0.013701,0.023251,-0.033881,-0.040645,-0.032350,0.051913,-0.020151,0.046357,0.000000,-0.027368,0.052187,-0.023713,0.040897,0.016232,0.019457,0.109028,-0.042749,0.009569,0.108755,-0.007832,0.018525,0.025490,0.038279,0.024293,-0.102577,0.077239,-0.028026,0.062507,-0.025869,0.023409,0.020931,0.044988,0.097801,0.051886,0.006552,-0.003090,-0.076888,-0.042176,-0.037529,0.009414,-0.047183,-0.152118,0.008973,0.030219,0.035216,-0.042294,-0.016244,0.048596,0.116478,-0.037082,-0.010142,0.023803,0.047125,-0.043762,-0.052911,-0.015496,-0.032756,-0.000670,-0.012626,-0.012269,0.074831,-0.074330,-0.090329,-0.057489,0.003748,0.038258,-0.056460,0.087465,-0.043284,0.001430,0.021226,-0.001347,-0.000620,0.061596,0.064733,-0.085789,-0.071441,0.046909,0.090142,0.028115,-0.095423,-0.050408,0.051600,0.057291,0.021520,0.082507,0.006389,0.030665,-0.004962,0.062552,-0.028623,0.046492,-0.050994,0.064803,-0.063322,0.005357,0.025733,0.021132,0.000526,-0.058830,-0.016697,0.088778,-0.094538,0.072982,-0.000000,-0.040911,-0.079591,0.008927,0.024569,-0.015125,-0.022719,-0.143001,0.017799,-0.029598,0.103941,0.113110,-0.032023,-0.073320,-0.058019,-0.026153,0.048610,-0.045171,0.000186,-0.066950,-0.002132,-0.071785,0.106719,-0.005438,0.128371,-0.022331,0.020086,-0.022702,0.035300,-0.012216,0.067435,-0.037274,0.017246,-0.003447,0.035835,-0.031518,-0.088411,-0.054008,-0.011786,-0.002274,-0.000453,-0.017774,-0.077130,-0.015881,0.077367,-0.031097,-0.032025,-0.077099,-0.004984,-0.023822,-0.052134,0.066846,0.033851,0.082166,0.045250,0.061287,0.016554,-0.078489,0.035405,0.025368,0.048639,-0.013961,-0.066942,0.052886,-0.010262
0.025687,-0.027455,0.023129,-0.071606,0.111515,0.015854,0.091577,-0.020174,0.088705,0.020762,0.005506,-0.006803,0.018798,-0.013672,0.061114,-0.030546,0.010378,-0.039858,-0.060543,0.016617,-0.010996,0.042128,-0.003963,-0.056102,-0.085167,0.002949,-0.020260,0.025121,0.041914,-0.006863,0.054794,0.057159,0.085508,0.020268,0.037718,0.015562,0.096158,0.089460,0.003017,0.034082,-0.034997,-0.058631,0.052343,0.036541,-0.001782,0.044500,-0.002017,0.021702,0.036662,-0.001837,-0.003059,0.047483,-0.001227,-0.016286,0.030326,0.092306,-0.022811,0.001586,0.003531,-0.025993,-0.015492,0.015402,-0.031939,-0.003778,0.085831,-0.086289,0.015488,0.044859,-0.040598,-0.091918,0.071797,0.054956,0.023242,0.072261,-0.066039,0.047136,-0.028442,0.015436,0.025184,0.026633,0.121376,-0.007137,0.079179,-0.043443,0.017796,0.047299,0.006165,-0.106216,-0.008265,0.014913,-0.072312,-0.058053,-0.033127,0.077475,0.022183,0.100789,-0.045398,0.132143,-0.024204,0.042377,-0.024775,0.040642,-0.029347,0.014800,0.006183,-0.017619,0.004614,0.008134,0.058180,-0.038399,-0.007354,0.003061,-0.059591,0.065629,-0.068104,-0.009219,0.003685,0.030176,0.056664,-0.074058,-0.035364,0.065872,-0.055188,0.029936,-0.053716,-0.037271,-0.004520,-0.000000,-0.032766,0.018790,0.050284,-0.086852,0.014409,-0.029115,-0.070293,-0.000028,-0.041486,-0.019675,0.049466,-0.066137,0.046880,0.028161,-0.020461,0.030905,-0.001410,-0.010400,-0.040416,-0.025332,-0.036977,-0.021636,0.033525,-0.071285,-0.084906,0.044564,-0.039474,-0.000741,0.041744,0.000831,-0.033334,0.103810,-0.080758,0.018185,-0.040311,-0.015485,0.071980,-0.004769,-0.045015,0.004472,-0.050201,-0.003166,-0.028349,-0.015370,0.048067,0.054703,0.024022,-0.007492,-0.103428,0.031591,0.021269,-0.020391,0.099160,0.000415,-0.033331,0.097609,0.032471,-0.015234,-0.008438,0.010815,-0.016685,-0.082641,0.060828,0.000137,-0.059802,-0.028596,0.067879,-0.033468,-0.072176,-0.039606,-0.025037,0.022987,-0.085462,0.063018,-0.002643,0.007603,0.043277,0.028797,0.072538,-0.049718,-0.035836,-0.085290,0.043832,-0.025276,0.026027,-0.024328,0.009416,0.036569,-0.024991,-0.032770,-0.052780,-0.017920,0.006397,-0.080028,-0.089079,0.000000,-0.131365,-0.037971,-0.079062,-0.011175,0.033807,-0.083063,0.019556,0.018924,0.036425,0.080917,0.034028,-0.020260,-0.022051,0.049199,0.072530,-0.079075,0.071081,-0.090485,0.012287,-0.020215,0.055562,0.069177,-0.101907,-0.035348,0.008555,0.093886,-0.035019,-0.025681,-0.066719,0.057928,-0.027338,-0.030162,-0.093414,0.025162,0.009221,0.010425,-0.081416,-0.043356,0.036022,0.041006,-0.055079,0.001639,-0.079256,0.013800,0.006830,-0.032537,0.175675,0.085493,-0.031034,0.018016,0.055292,-0.010336,-0.105940,-0.114545,-0.068863,0.002495,0.000518,-0.057273,-0.008102,-0.033087,0.068399,0.043013,0.003050,0.011833,0.010284,-0.014639,0.061996,-0.009724,-0.059790,0.066401,0.003389,-0.062655,-0.157948,0.035419,-0.023597,-0.006108,-0.021748,-0.033237,-0.034296,0.022931,-0.041392,-0.092855,-0.042892,0.070671,-0.034321,-0.038074,-0.050011,-0.008886,0.065324,0.022798,-0.022514,0.002197,0.049045,0.016299,-0.048381,-0.000000,0.025423,0.000002,-0.042217,0.076556,0.033463,0.077157,0.029876,-0.022750,-0.007048,0.031330,0.059968,-0.043131,-0.043178,-0.013453,0.072769,0.007472,0.044278,0.031696,-0.043015,0.087716,0.009481,0.141250,-0.018348,0.052351,0.005058,0.002216,-0.061072,0.025233,0.060680,-0.069509,0.023287,0.007079,-0.057824,0.054171,0.102810,-0.073186,-0.028628,-0.033176,0.050780,0.007020,-0.015321,-0.061894,0.030082,0.132333,-0.070866,-0.025541,0.020346,0.046778,-0.084896,0.036818,-0.020552,0.034606,0.069510,-0.030405,0.063172,-0.064197,-0.050765,0.066437,-0.057188,-0.035210,0.089379,-0.004329,0.013660,-0.024823
-0.027466,-0.039865,0.007268,0.009966,-0.047203,0.008904,-0.093862,0.025343,-0.039615,-0.077632,-0.025183,0.113817,0.005974,-0.001614,0.088677,-0.076149,0.035770,-0.061219,0.021056,0.006172,-0.085255,0.011629,-0.024714,0.015207,0.039283,0.017259,-0.045446,0.006027,0.038548,-0.075314,-0.037912,0.020715,0.051318,0.010047,0.024189,-0.056868,0.027005,0.005905,0.037096,-0.044194,-0.006254,-0.023122,0.015142,-0.006209,-0.019627,-0.001730,0.038883,-0.081884,-0.070111,-0.033301,-0.013931,0.043285,0.020141,-0.057565,-0.088104,0.034259,-0.047359,-0.023645,0.083186,-0.046098,-0.006437,0.010448,0.022106,0.050423,0.062158,-0.022101,-0.005467,-0.034743,-0.036121,0.083155,0.055602,-0.010086,-0.074521,-0.045605,-0.026368,-0.030858,0.009638,-0.019310,0.064686,0.038087,0.047009,-0.009035,-0.044939,-0.034096,0.007985,-0.033755,0.000378,-0.027277,-0.018541,-0.039957,0.062565,0.120385,-0.021378,0.051114,0.047670,0.053307,-0.002338,0.050229,0.081310,0.050387,0.022555,0.155491,-0.046408,-0.014160,0.062053,-0.006905,0.048852,-0.019333,-0.067696,0.017221,0.008723,0.023420,-0.001449,-0.015619,-0.071801,-0.063429,-0.027266,-0.010844,-0.027569,0.071142,0.007069,0.012175,-0.041214,0.063573,-0.025895,-0.007297,0.006474,-0.000000,0.001715,-0.039785,-0.002187,0.021743,-0.064528,0.071043,-0.061574,-0.041092,-0.051240,-0.051279,0.042968,0.026939,-0.029987,-0.034149,0.053452,-0.024242,0.022674,0.008579,0.052360,-0.000014,0.063882,0.001474,0.006593,-0.003298,-0.034368,0.041463,-0.015473,0.022331,-0.054973,-0.000902,0.010319,0.036358,-0.085069,0.060118,-0.027787,0.035968,0.001401,0.039828,0.031097,0.005235,-0.083101,0.048945,-0.058507,-0.072245,0.080717,0.052162,-0.007490,0.002682,-0.069921,0.017956,-0.038922,0.025001,-0.063270,-0.001034,0.008691,0.042714,0.014647,-0.015452,-0.079952,0.047579,-0.030556,0.058521,-0.046347,-0.106582,-0.032452,0.088345,0.025712,-0.057991,-0.137269,0.045719,0.007132,-0.012213,-0.082821,-0.031924,0.048746,-0.038600,-0.036359,0.006261,0.066962,-0.030648,-0.045356,-0.035680,0.085742,-0.071334,-0.019773,0.002412,0.041793,0.054606,0.032934,0.011957,-0.023324,-0.005598,0.025758,0.054581,0.004059,0.000000,-0.105120,0.044595,-0.068008,0.106293,0.006206,-0.004914,0.061977,0.004115,-0.038349,0.026934,0.092095,0.015436,-0.045133,0.054112,-0.053405,0.027013,0.051798,-0.080106,0.107154,-0.033756,0.023061,0.030354,0.012609,0.019109,0.034290,0.004314,-0.075831,-0.069587,-0.094231,-0.076736,0.004379,0.009256,0.017871,-0.001595,0.048962,0.084066,0.028121,-0.010686,0.036913,-0.026693,-0.047988,0.018746,-0.056568,0.036079,0.037407,0.056118,0.019044,-0.003033,0.056743,0.001571,0.007663,0.070951,-0.175072,0.035147,-0.085237,0.040942,-0.029540,-0.047713,-0.045297,0.060983,-0.094400,0.010436,-0.041336,-0.071171,0.033151,0.062290,0.014255,-0.137637,0.004739,-0.011896,0.032066,-0.080646,-0.071996,0.029766,0.044534,0.073524,0.049463,-0.046833,-0.025272,0.047515,0.012179,0.052681,0.033098,-0.080814,-0.126315,0.037790,-0.018085,-0.071640,-0.038405,0.059111,-0.059016,-0.060494,0.016013,-0.047897,0.036304,-0.000000,-0.010417,-0.010790,0.069682,0.067189,0.016761,-0.004170,0.100063,0.048718,0.012498,0.008040,0.028601,-0.020215,-0.082550,-0.026324,0.067210,0.028354,-0.021110,0.096592,-0.020068,0.037171,0.092937,0.133664,-0.025507,-0.037860,-0.008586,0.057410,-0.097606,-0.043258,-0.057066,-0.026392,0.042186,-0.025125,0.027804,-0.047436,-0.031888,0.009835,-0.022567,0.015349,0.045905,-0.065077,-0.012521,0.048616,0.046449,0.078809,0.037769,0.004704,-0.098842,0.065999,0.056430,-0.111741,0.008544,-0.009281,-0.030290,0.017662,0.064875,-0.009901,-0.019044,-0.032885,-0.123564,-0.060544,0.088802,-0.127173,-0.098194,0.064498
-0.071283,-0.073720,0.053769,-0.044151,0.018339,0.035609,-0.063254,-0.067346,0.050529,-0.091439,-0.048997,0.166087,-0.027389,-0.014392,0.052101,-0.010122,0.013863,-0.028041,-0.003361,-0.022302,-0.053128,-0.020422,0.025574,-0.001252,-0.039944,0.018858,-0.040491,-0.019046,-0.039751,-0.012104,-0.000659,0.054182,0.110305,0.018673,0.004569,0.057814,-0.029421,0.019528,-0.049505,-0.025349,-0.036233,-0.053615,-0.040531,-0.002015,-0.083860,-0.005224,0.080780,-0.063437,-0.037754,-0.015154,-0.061228,-0.014237,0.104987,-0.050931,0.026358,0.052431,-0.081362,-0.038001,-0.013059,0.037506,0.006477,-0.033297,0.036979,-0.012559,0.106146,-0.080718,0.008028,0.018266,-0.115348,0.047709,0.003810,-0.043494,-0.076816,-0.004489,-0.024651,0.056270,0.026306,-0.013382,0.100475,-0.012311,0.099674,0.018931,0.043139,0.001817,-0.058604,-0.067535,0.025838,-0.116377,-0.027810,0.009037,-0.005995,-0.047192,0.039899,-0.021369,-0.074888,0.059870,-0.069408,0.032942,-0.002186,0.004692,-0.018370,0.039592,-0.028415,-0.087423,-0.024241,-0.026091,0.017923,0.020177,0.026019,0.076429,-0.024527,0.061581,-0.022064,0.040392,-0.061191,0.001387,-0.058472,-0.025067,0.097259,0.016360,0.087030,0.020679,-0.095825,0.027142,-0.055374,-0.028131,-0.082707,-0.000000,-0.018885,0.080733,0.022095,0.019911,-0.022889,0.000700,0.015428,0.006708,-0.004217,-0.005500,-0.083624,0.022770,0.050806,0.021888,0.032594,-0.028796,-0.026526,0.035582,0.027408,-0.056073,0.056534,-0.075679,-0.004199,0.044291,0.034755,-0.042238,0.035280,-0.005285,0.041319,0.001533,0.042667,0.076335,-0.045788,0.009541,-0.039726,-0.030643,-0.015844,0.035052,0.006647,-0.022384,-0.074034,0.031797,0.010089,0.034360,0.061355,0.036765,0.044621,-0.023747,-0.111970,-0.011042,-0.019234,0.013136,0.012873,0.021613,0.003732,0.050413,-0.042775,-0.059594,-0.032386,-0.015187,-0.093694,-0.005967,-0.040163,0.037222,-0.047596,0.138645,0.095577,0.041872,-0.007571,0.029991,0.087026,-0.016406,-0.096383,-0.052604,0.016613,0.018747,0.013550,-0.004247,0.058257,0.034557,0.014794,-0.010880,0.071586,-0.037691,0.104558,-0.017920,0.138091,0.005638,0.029471,0.089895,0.010478,-0.007426,0.027003,0.132617,0.041873,0.000000,-0.021058,-0.014636,0.054342,-0.033984,-0.026062,-0.058589,0.044055,0.098209,-0.025878,0.066866,0.043088,0.010771,-0.010566,0.055551,0.016854,-0.044214,0.073344,-0.133821,0.004098,-0.076138,0.048117,0.064682,-0.043198,0.058691,-0.058713,0.035302,-0.058241,-0.058869,0.009686,0.043312,-0.077377,-0.038605,-0.082265,0.046608,0.037958,-0.004324,-0.010245,-0.045540,0.002366,0.006267,-0.003792,-0.045592,-0.046087,-0.074469,0.007173,-0.050610,0.071524,0.007833,0.009542,0.028506,0.013251,0.013202,-0.096594,-0.072872,-0.078549,-0.000137,0.019623,-0.042559,-0.025825,0.035730,0.000629,0.057639,0.027723,0.048344,0.034653,0.015330,0.036862,-0.024946,0.030799,-0.045150,0.118631,-0.133854,-0.113987,0.077553,-0.053580,0.016472,0.026912,-0.054681,-0.131563,0.012848,0.009512,-0.040107,0.061553,-0.038051,0.018345,-0.012288,-0.003266,0.030884,-0.002114,0.007951,-0.077698,-0.061240,-0.037021,0.015242,0.026703,-0.000000,-0.000522,-0.041281,0.030399,0.003167,0.006958,-0.073411,0.039415,0.022717,0.059036,0.010282,0.078407,0.042305,-0.036439,0.023023,-0.005926,0.104779,-0.033000,0.024741,-0.006920,0.028274,-0.025105,0.098316,0.003886,0.036989,-0.046492,0.012679,-0.058233,0.008728,-0.044938,-0.031356,0.036015,0.041855,0.030042,0.048361,-0.006340,-0.070963,-0.022853,-0.031486,-0.011950,-0.031234,-0.086693,0.075120,0.026144,0.083828,-0.023742,-0.063402,-0.085689,0.092813,-0.021563,-0.031508,0.045643,0.046957,0.033498,-0.041962,0.068408,-0.057735,0.002140,0.014254,-0.084940,0.008281,0.024747,-0.121453,0.085298,0.034417
0.037396,-0.112235,-0.021500,0.034829,0.091352,0.007003,0.017431,-0.012779,0.079798,-0.001887,0.046129,0.084058,-0.034823,-0.001601,0.050293,-0.078029,-0.040848,-0.066442,0.015560,0.075304,-0.029253,-0.029605,-0.035756,-0.007890,0.048127,-0.026194,0.005843,-0.001281,0.031112,-0.048789,-0.071064,0.095433,-0.047824,0.058958,0.017541,0.010976,0.013240,0.011864,0.046903,0.024432,0.070090,-0.089503,-0.060517,-0.001949,0.003283,-0.012421,0.018673,0.032930,0.010477,0.029726,-0.113731,0.029863,-0.050306,0.020285,-0.017615,0.045659,-0.071500,0.009126,0.088040,0.063113,0.016864,0.015667,-0.030431,0.083204,0.078710,-0.119058,-0.038205,0.016633,-0.100974,0.001025,0.079019,-0.050559,-0.076277,-0.009593,-0.015491,-0.101892,0.059287,0.010709,0.083132,-0.005188,0.052702,-0.058206,-0.030741,-0.054102,-0.062800,0.008155,0.011804,-0.055594,0.017710,-0.031743,0.031447,-0.006710,-0.037837,0.038570,0.047360,0.031072,-0.044851,0.055846,0.048431,0.031415,0.007259,0.040932,-0.054638,0.000602,-0.055414,-0.094132,-0.038719,0.031379,-0.022908,0.054661,-0.095890,0.046244,0.004755,-0.007234,-0.034287,0.008427,-0.060245,0.016885,0.016722,0.099062,-0.035162,0.037832,-0.022958,0.044622,-0.078185,0.000248,-0.028560,-0.000000,-0.070267,-0.017277,-0.025491,-0.028994,-0.052328,0.024027,-0.051038,0.018268,0.001086,0.015088,-0.032427,0.037457,-0.082825,0.040730,0.076644,-0.075620,-0.031062,0.049763,0.018275,0.017950,-0.009983,0.048063,-0.007375,0.031081,-0.014119,-0.040119,0.027279,0.021277,0.019702,0.034701,0.001971,0.018430,-0.039713,-0.032168,-0.024681,0.027333,-0.057671,-0.043093,0.026426,-0.024288,-0.109814,0.033937,-0.102005,0.019839,0.079149,0.076062,0.027006,-0.030714,-0.088183,0.019694,-0.020450,0.025181,0.013482,-0.026757,0.008854,-0.026791,-0.010912,-0.081474,-0.076121,-0.032797,0.021003,0.046083,-0.025070,0.006560,0.023033,0.118800,0.029548,0.047753,-0.074071,0.075378,0.015427,0.052889,-0.027368,0.100677,-0.068529,-0.031891,-0.070938,0.033670,0.058420,-0.001976,0.000910,-0.002891,0.013479,0.050817,-0.011561,0.000684,0.020415,-0.014298,0.097477,0.009848,-0.065769,0.010076,-0.020457,0.043344,0.014562,0.000000,-0.078292,0.023906,-0.050307,0.048316,-0.055558,0.007309,0.059232,-0.001476,0.082576,0.079999,-0.087007,-0.013214,-0.030251,0.028422,-0.014118,-0.084811,0.147099,0.027195,-0.008053,-0.006042,-0.058589,0.055656,-0.028980,0.116486,0.000618,0.002094,-0.052496,0.064767,-0.060972,-0.009312,-0.014593,0.008102,-0.007312,0.021441,-0.048791,0.062336,-0.049162,-0.022086,-0.031487,0.079059,-0.035003,-0.037675,0.041988,-0.023043,0.029368,0.031591,0.077398,0.055149,0.069455,0.020900,0.023011,0.102434,-0.030940,0.006529,-0.098002,0.067022,-0.000955,0.022327,-0.139798,-0.002521,0.015155,0.082426,0.037551,-0.054234,-0.010419,0.040395,0.003265,-0.116200,0.013898,-0.044854,0.085546,-0.086373,-0.111987,-0.002726,-0.088893,-0.016575,0.021107,0.010127,-0.026548,-0.056169,-0.017198,-0.010112,0.033149,-0.003312,-0.105451,0.026063,-0.040450,-0.117438,-0.042677,-0.008605,-0.068926,-0.038449,0.031394,-0.063752,-0.013916,-0.000000,-0.001200,-0.066307,0.082182,0.007582,0.025359,0.046523,0.079992,0.050320,0.108125,0.071892,0.027143,0.112458,-0.059111,0.036382,-0.044476,0.048589,-0.027193,-0.077961,-0.007890,0.042939,0.011326,0.088350,0.021753,0.049683,-0.012918,-0.000660,-0.030688,0.051533,0.001145,0.041817,-0.011286,0.013070,0.033301,-0.001576,-0.026096,-0.032480,0.000080,0.068018,0.010716,-0.033218,-0.020173,-0.008854,-0.054944,0.041486,-0.006185,-0.040180,-0.009916,0.012140,0.061380,-0.076363,0.016480,-0.070131,0.017566,-0.060557,0.059690,-0.057739,-0.083214,-0.013997,-0.097685,0.029752,-0.030947,-0.110852,0.087733,0.098523
0.039702,-0.053248,-0.032538,0.021935,0.056306,0.008631,0.030780,-0.008486,0.025411,-0.019205,-0.019433,0.024473,-0.053362,-0.001990,0.073538,-0.040370,-0.010166,-0.029650,-0.024129,0.019490,-0.097118,-0.018753,-0.007083,-0.037861,-0.012614,0.017900,0.012799,0.003512,0.008315,-0.048715,-0.011497,0.007909,0.047081,0.023739,0.062430,0.019265,-0.024621,-0.034828,0.075114,-0.003522,0.032734,-0.069892,-0.062259,-0.002882,-0.058048,0.009727,-0.007718,0.031809,0.126191,0.079125,-0.094622,0.041996,-0.012902,-0.017017,0.006972,0.082351,-0.031277,-0.042176,0.058293,-0.008751,0.034131,0.009331,-0.012027,0.089185,0.062313,-0.114919,-0.037677,0.114780,-0.044878,-0.072964,0.044694,-0.068739,-0.085480,-0.016262,-0.021924,-0.022704,0.079133,-0.011258,0.113172,-0.003586,0.051263,-0.085143,-0.052958,-0.038031,-0.089290,-0.006213,0.000882,0.029376,-0.008707,-0.061853,0.070487,-0.010935,-0.084158,0.077652,-0.012774,0.018687,-0.086142,0.019505,0.018933,0.109408,0.061773,0.031459,-0.024371,-0.022352,-0.146383,-0.083944,-0.019878,0.042202,0.022639,0.042980,-0.059727,0.040623,-0.067824,0.039623,-0.013563,-0.045079,-0.033626,-0.055626,0.068098,-0.022046,-0.038653,0.025232,-0.122713,0.019783,-0.059999,0.007322,-0.053684,-0.000000,-0.080509,0.066522,0.006852,-0.019689,-0.058148,0.043838,0.010712,-0.005191,-0.034223,-0.017868,0.011476,-0.013492,-0.053479,0.015873,0.041881,-0.074624,0.048474,0.013509,0.050306,-0.013538,0.002253,0.039047,-0.035293,0.046042,-0.048776,0.028954,-0.025636,-0.008827,0.077813,0.058086,-0.018566,0.056621,-0.098030,-0.004646,-0.029705,0.030468,-0.100354,-0.012174,-0.017379,0.013288,-0.024303,0.059127,-0.102451,0.053191,0.099321,0.086112,0.080387,-0.003958,0.021246,-0.029334,-0.023118,0.010321,-0.112217,-0.020783,0.007839,0.031829,-0.008178,-0.107036,-0.024061,-0.021626,-0.038123,-0.004531,-0.003352,0.024935,-0.010588,0.035851,0.021063,0.063503,-0.078721,0.030209,-0.032134,-0.005642,0.003363,0.089016,-0.047136,0.006274,-0.037004,0.089340,0.053387,-0.052029,-0.014512,0.002242,-0.006192,0.059111,0.144539,0.000990,0.020924,-0.034597,0.020749,0.006098,-0.024666,0.043742,-0.044498,0.057225,0.016338,0.000000,-0.051692,0.036805,-0.029706,0.043832,-0.023725,-0.015322,0.047862,0.015809,0.116013,0.116588,-0.122197,-0.022940,0.093391,0.016886,-0.063094,-0.032452,0.114354,-0.030913,-0.007294,-0.035484,-0.048984,0.071907,-0.042765,0.110895,0.003062,0.008633,-0.051921,0.009769,-0.036738,0.008927,-0.079039,-0.049669,-0.053467,0.075427,-0.063935,0.018153,0.010424,-0.004530,-0.021454,0.122544,0.035590,-0.100116,0.034829,0.035279,0.013818,0.032562,0.073757,0.005100,0.053115,-0.031731,0.066616,0.121848,-0.036708,-0.052598,-0.039338,0.040906,0.034290,0.041797,-0.031638,-0.014279,0.041039,0.117133,-0.011362,0.000129,0.068497,0.057873,0.001730,-0.089733,-0.015474,-0.036613,0.062917,-0.055485,-0.044993,0.036956,-0.057862,-0.026721,0.031340,-0.024273,0.009576,0.003658,0.008117,0.031692,-0.014258,0.001856,-0.003985,0.011201,-0.020998,-0.098441,-0.041659,-0.044315,-0.102482,0.003401,0.057040,-0.102152,-0.014103,-0.000000,-0.041458,-0.048399,0.084648,0.035539,0.002813,0.045174,0.025042,0.059220,0.099473,0.041392,-0.028030,0.058561,-0.051432,0.047065,-0.044022,0.069701,-0.041162,0.020166,-0.010654,0.020470,-0.050943,0.090817,0.047337,0.069429,-0.000478,0.003197,-0.007250,0.035365,0.046350,0.005751,-0.053246,-0.004745,0.007115,-0.026121,0.011855,-0.025863,-0.051984,0.016386,0.013411,-0.057295,-0.092765,0.021900,-0.042310,0.013379,-0.067295,-0.008089,-0.056541,0.000675,0.054687,-0.001401,-0.009629,-0.075225,0.020436,-0.013693,0.005862,0.003318,-0.089328,-0.033027,-0.083732,-0.010258,-0.020276,-0.093229,-0.001012,0.058680
-0.085772,0.008501,-0.075916,0.017316,0.024063,-0.037261,0.001818,0.023803,-0.014019,-0.042510,0.112819,0.148126,-0.039526,-0.040319,-0.018737,-0.020897,0.055674,-0.100422,-0.072168,-0.085630,0.035958,-0.167695,-0.004038,0.064741,0.029295,0.097014,-0.040873,0.094214,-0.036274,-0.054101,-0.072397,-0.003507,0.021646,-0.034129,-0.047115,-0.053960,0.054433,-0.006988,-0.091998,-0.027124,0.019013,-0.016823,0.043112,0.032804,0.045715,0.022434,-0.018145,-0.032114,-0.026436,0.045825,0.048640,-0.099380,0.039803,-0.029037,-0.012307,0.039288,-0.126548,0.040825,0.047414,0.029157,0.045981,-0.095230,-0.057619,0.061706,0.036901,-0.038223,-0.056418,-0.057862,0.030673,-0.125369,-0.011781,-0.034729,0.073478,0.018260,0.010310,0.073802,0.069002,0.012202,-0.042231,-0.006324,-0.078394,0.031475,0.011874,0.015466,0.019935,-0.025249,0.022012,0.029152,0.009058,-0.029921,0.064510,0.026486,-0.013896,0.018215,-0.090263,-0.003300,-0.009829,0.071030,0.031994,-0.014665,-0.013169,0.029589,-0.067843,-0.065601,-0.011121,-0.063740,-0.012088,0.034182,0.033993,0.051819,-0.064031,0.036732,0.060400,0.012431,-0.058790,0.034794,-0.066058,0.044409,0.028103,-0.038080,0.017665,0.022543,0.033275,-0.020281,-0.120634,0.005380,-0.071594,-0.000000,-0.024700,0.033008,-0.024300,-0.026288,0.004330,0.007494,-0.022929,0.019381,0.023054,0.050110,0.005749,0.021513,-0.011409,-0.060292,0.047576,-0.068032,-0.096041,0.012523,0.009492,-0.012027,-0.002035,0.063239,-0.000523,0.043801,0.076813,-0.004529,-0.030530,0.042309,0.031686,0.025400,-0.026542,0.013615,-0.015375,0.049249,-0.008727,0.159343,-0.068630,-0.069187,-0.043714,-0.000425,0.055050,0.059612,0.008559,0.002610,-0.074073,-0.064733,-0.066408,0.028738,0.054898,0.041436,-0.030211,0.021399,-0.099085,0.038583,0.049448,0.019391,0.047296,-0.050466,0.015943,0.017853,0.001168,0.046374,-0.008936,-0.087281,-0.077418,0.110301,0.065227,0.032820,-0.026785,-0.026703,0.059442,0.008247,0.088569,-0.040949,-0.032548,-0.028451,-0.141661,0.030755,0.025820,-0.037131,0.031398,-0.014210,0.032444,0.033568,-0.055660,-0.015093,0.052799,0.032827,0.010164,-0.026731,-0.018593,-0.024469,0.001147,-0.044979,-0.025033,-0.000000,0.003077,0.019100,-0.060007,0.028033,0.003186,0.054923,0.004797,0.060750,0.052705,-0.026796,0.077485,-0.004413,-0.107821,0.007547,-0.003252,-0.009245,0.040676,-0.068040,0.021333,-0.075273,0.008923,0.078803,0.035862,0.024392,-0.006359,0.007121,-0.012826,-0.019829,-0.020067,0.043337,0.071050,0.008860,-0.102621,0.107101,0.016805,-0.008405,-0.032592,0.065677,0.001637,-0.103656,0.053024,0.022400,0.020795,0.041016,-0.043746,-0.046503,0.011677,-0.029950,-0.001894,-0.012016,-0.043616,-0.017328,0.056525,0.038939,-0.074805,-0.059408,0.125638,0.010246,-0.050178,-0.016326,0.139315,0.007108,-0.003530,-0.068735,0.030536,0.108448,0.015225,-0.053196,0.062127,-0.009058,0.108908,-0.011248,0.131308,-0.016199,-0.033770,-0.046259,-0.014628,-0.011860,-0.088171,-0.070240,0.001831,-0.043621,0.008502,0.085695,0.063319,0.030848,-0.030247,-0.073307,-0.051590,0.051835,0.033548,0.018249,0.024386,0.025968,0.048212,-0.000000,-0.046502,0.034865,0.047203,0.025745,0.004755,-0.088277,0.012510,0.080666,-0.019958,0.011396,-0.035726,0.036552,-0.087247,-0.004065,0.061918,0.004271,0.090682,0.032859,-0.000031,0.002327,-0.050941,0.012952,0.030897,-0.034180,-0.039528,0.004172,0.003277,0.046209,0.069403,-0.018382,-0.018221,-0.001530,0.066230,-0.034513,-0.025933,-0.026996,-0.001677,-0.017355,0.031624,-0.001214,-0.036388,-0.075424,-0.012126,0.092569,0.018513,0.006422,-0.039328,-0.016571,-0.037966,0.006688,0.050729,0.110723,-0.031891,-0.012684,-0.049123,-0.050597,0.007564,0.010138,0.004168,-0.013150,-0.040747,-0.114207,0.111828,0.092181
0.073139,-0.039212,-0.033583,-0.018934,0.001014,0.034089,0.025760,-0.022065,-0.118214,-0.017545,-0.051225,-0.012382,-0.052682,-0.030214,0.021650,0.057720,0.096326,-0.079103,-0.018765,-0.054847,-0.033977,-0.088173,-0.003232,0.087091,-0.021542,-0.014283,-0.044455,0.095468,-0.010718,-0.056450,-0.022792,-0.011342,0.070228,0.024045,-0.045834,0.114117,0.060138,0.005896,-0.019606,-0.067702,0.063521,-0.047912,-0.015023,-0.007948,0.046318,0.011684,0.060804,-0.032124,-0.032333,0.018633,0.042174,-0.058805,-0.004612,-0.065862,-0.020323,-0.040844,-0.031076,0.082544,0.018632,-0.064399,-0.038696,0.035806,-0.080861,0.004172,0.016559,-0.023431,-0.105441,0.093448,0.047988,-0.077745,-0.060875,-0.039524,-0.034728,0.023368,-0.051945,0.020355,0.034640,-0.005856,0.026585,-0.052805,0.032294,-0.044927,-0.009637,-0.068516,0.077217,-0.093604,-0.030341,0.001077,-0.017336,-0.049728,0.028223,-0.000047,0.006941,0.077055,0.109407,0.076679,-0.015297,0.034697,-0.047368,0.071467,-0.019189,0.060966,-0.020272,0.005936,-0.014251,-0.019739,-0.028217,0.089947,-0.007096,-0.107167,-0.043817,0.068041,0.013911,0.005799,0.030029,-0.056530,-0.024871,0.055357,0.005556,-0.050831,-0.000245,0.040052,0.017073,-0.016112,0.059292,-0.007526,-0.052218,-0.000000,-0.018435,0.002384,-0.047012,0.021152,0.047534,0.041537,-0.060797,-0.061524,0.061129,0.018545,0.128568,-0.002086,0.101642,-0.015447,0.017387,-0.081302,-0.008592,0.092915,-0.044624,-0.038548,-0.002638,0.086274,-0.015117,0.019212,0.032635,-0.098534,0.066079,0.039306,0.146423,0.044287,0.001654,0.014035,-0.120265,0.030286,-0.037492,0.064997,-0.130291,-0.126901,-0.043795,-0.061688,0.028776,-0.011940,-0.034775,0.010857,-0.094549,-0.065236,-0.036995,-0.028267,0.023322,-0.014440,0.049752,0.017374,-0.032259,-0.024941,0.083215,-0.064574,0.075427,0.033673,-0.011281,0.010339,0.021514,0.046564,-0.071434,-0.035217,-0.035926,-0.028065,0.031670,0.042859,-0.024495,0.032531,0.033666,-0.025867,0.109935,0.028906,-0.118920,0.033029,-0.063423,-0.019501,-0.056745,0.020689,0.001655,0.072424,-0.035495,-0.033518,0.047607,-0.031572,0.045761,-0.075550,0.065637,-0.052093,-0.127866,-0.033964,0.063394,0.024663,-0.052845,0.000000,-0.080351,0.028963,0.045214,0.041424,-0.027565,0.039163,0.108774,-0.069879,0.066176,0.091328,0.007512,0.004669,-0.031634,0.013261,0.079117,-0.043786,0.082332,-0.035530,-0.005329,-0.033937,0.013926,0.004033,-0.016324,0.110097,0.005290,0.030851,-0.027202,-0.008189,-0.013846,-0.071239,-0.036012,-0.022462,-0.082533,-0.029685,-0.008075,0.066371,-0.080396,0.003916,-0.014137,-0.007908,0.056331,-0.042327,0.011426,0.032267,-0.062042,-0.016439,-0.035882,-0.021610,-0.020917,0.035596,0.016655,-0.004849,0.008660,0.000695,-0.035900,-0.025180,0.023915,0.011086,-0.020343,0.037494,0.035718,-0.003386,-0.020531,0.060157,0.000831,-0.014086,-0.075958,-0.090716,-0.005444,0.048571,0.088194,0.024867,-0.009018,0.002855,-0.033258,0.079392,0.010101,0.002479,-0.068771,-0.050239,0.076941,-0.044316,0.015766,0.014679,0.026151,-0.046482,-0.001647,0.063673,0.034015,0.011224,0.053909,-0.100699,0.065610,-0.061201,0.099707,-0.000000,-0.040896,-0.052355,0.037232,-0.012757,-0.011113,0.015435,0.012356,-0.025484,-0.022272,0.093541,0.094946,-0.073226,-0.083707,-0.058382,0.070460,-0.020758,-0.049398,0.015410,-0.026707,-0.030117,-0.014261,0.031443,-0.005771,0.112241,0.028022,0.002787,0.007007,0.061643,0.021326,0.053375,0.065339,0.030399,0.064475,-0.025490,-0.015105,-0.021920,0.049835,0.004261,-0.039031,-0.000591,0.001157,-0.054809,-0.005551,0.058492,-0.043729,-0.017447,-0.080237,0.021878,-0.066057,-0.080112,0.107086,0.009098,0.060841,0.042557,0.042968,0.055244,-0.066266,0.016372,0.029100,0.033617,0.041946,-0.005906,0.072253,-0.028617
-0.037594,-0.016352,0.001045,-0.096791,-0.057869,0.025810,0.020220,-0.030314,0.012568,-0.064770,-0.035507,0.040016,-0.041589,-0.015153,0.081047,-0.029573,-0.016037,-0.066198,-0.051665,0.075592,-0.129514,0.073313,0.041230,0.036517,-0.047597,0.045521,0.079866,-0.017634,0.022906,-0.040812,0.023844,-0.020603,0.020608,0.012357,0.026175,0.029272,-0.002859,-0.051869,0.041314,-0.062767,-0.055428,-0.061281,0.028956,-0.014271,-0.036390,0.056146,-0.034285,-0.005699,-0.028745,-0.036629,-0.054042,0.077530,0.026422,-0.047236,0.030601,0.140563,0.012607,-0.054599,0.083423,-0.052928,0.029839,0.068232,-0.012870,0.071904,0.034655,-0.083571,-0.006690,0.018252,-0.057595,-0.009408,-0.046191,0.025993,-0.043485,-0.015229,-0.006355,0.008999,0.033586,-0.005235,0.063485,-0.009137,0.071565,0.039620,-0.016385,-0.034159,0.046298,-0.048259,-0.033296,-0.022311,-0.037464,-0.040902,-0.026175,0.043575,0.015229,0.047908,0.065267,0.073193,0.042173,0.053758,-0.054618,0.126642,-0.023520,0.117859,-0.079300,-0.047754,-0.001827,-0.067187,-0.033808,-0.009257,-0.008770,-0.033621,0.047987,-0.025450,-0.015691,0.167072,-0.014010,-0.067879,-0.043141,0.006195,0.033084,-0.103158,-0.010754,0.047973,-0.047494,0.030971,-0.040607,-0.023323,0.025550,-0.000000,0.008514,0.070602,0.045829,0.100978,-0.030243,0.061834,-0.009945,-0.030379,-0.063010,0.038913,-0.024215,0.054736,0.050826,-0.003448,0.025531,0.026282,-0.064792,0.025246,-0.087013,0.043931,-0.022209,0.025775,-0.004353,-0.028447,0.017466,-0.021993,-0.017853,-0.016685,-0.123540,0.000459,-0.041255,0.025619,-0.050116,0.033174,0.002482,-0.041511,-0.009244,-0.022732,-0.016763,0.009329,-0.038040,0.058260,-0.022568,0.002558,0.097996,0.049382,0.058376,-0.001924,-0.003577,-0.048041,0.007141,-0.037481,-0.014483,-0.032198,-0.082975,0.059106,0.005662,0.029694,-0.070525,0.050740,-0.024369,-0.065015,-0.029197,-0.085771,-0.033616,0.050463,0.009544,-0.022600,0.034748,-0.000539,-0.011567,-0.023004,-0.038722,0.050364,-0.056200,0.068127,0.039106,0.039298,0.023202,-0.028052,-0.010010,-0.028403,0.055594,-0.090174,-0.012912,-0.096419,0.015590,0.063509,0.015507,0.101665,-0.014676,0.053629,0.108611,-0.038709,-0.021276,0.000000,0.004682,-0.012685,0.041721,0.050861,-0.007707,-0.015972,0.086282,0.059770,-0.069796,0.047225,0.077285,0.006796,0.022145,0.007697,0.003508,-0.010545,0.082518,-0.011184,0.064416,-0.046600,0.052995,0.033232,-0.021832,0.042742,0.044654,0.000682,0.006312,-0.065048,-0.040726,-0.005946,-0.010982,-0.122365,-0.103673,-0.033413,0.033206,0.019764,-0.073617,-0.011059,0.069379,0.029882,-0.012843,0.029498,-0.115200,0.063358,0.003353,-0.018803,0.085484,0.028235,-0.055973,0.085607,-0.019940,0.060067,-0.111315,-0.033285,-0.033221,0.002854,-0.026576,-0.030140,-0.000633,-0.039340,-0.023656,0.023147,0.058403,-0.040984,0.054745,0.048793,0.042692,-0.061469,-0.024598,0.042902,-0.045626,-0.103030,-0.086213,0.098980,0.114642,-0.032903,0.068290,-0.039260,-0.018843,0.022224,-0.006570,-0.006418,-0.040420,-0.021030,-0.066921,0.010494,0.008091,-0.038398,0.094945,0.013673,-0.073155,-0.028663,0.029676,-0.099992,0.038162,-0.000000,0.000192,-0.020081,0.017547,0.060707,-0.114419,0.015000,-0.003841,-0.054963,0.016457,0.008501,0.113884,0.052641,-0.095733,-0.049057,0.019117,0.037458,-0.080010,0.057512,-0.061437,0.075698,0.013159,0.104175,-0.033448,0.061794,0.019324,-0.008082,-0.065003,-0.012434,-0.099545,-0.001055,0.002312,0.028231,-0.006485,-0.007127,-0.020261,-0.059457,-0.096035,0.002586,0.096175,-0.019716,-0.028124,0.067475,0.054655,0.091851,-0.030616,-0.070683,0.015213,0.131079,-0.010292,-0.101092,-0.041072,0.057387,0.021617,0.003161,0.056755,0.010286,-0.000787,0.001287,-0.028635,0.022910,0.065683,0.038375,-0.009845,-0.045620
0.027966,-0.054910,0.022393,-0.067886,-0.011776,-0.017447,-0.002956,-0.056569,0.066266,-0.138428,-0.032952,0.051988,-0.000734,0.022951,0.138535,-0.033751,-0.028975,-0.051915,-0.056845,0.023897,-0.084058,-0.037071,-0.087377,-0.019500,0.015124,-0.027434,0.050126,0.051536,-0.015800,-0.050085,-0.041123,0.024359,-0.034564,0.055910,0.017122,0.051068,0.029212,0.023076,0.028119,-0.028570,-0.018335,-0.035400,-0.026697,-0.032370,-0.091939,0.051320,-0.008573,-0.020299,0.009751,0.011972,-0.015278,0.008510,0.042730,0.025985,0.013651,0.134384,-0.009304,0.025469,-0.003833,-0.010742,-0.033880,0.013785,-0.040830,0.058867,0.049465,-0.044407,-0.077422,0.031087,-0.101734,-0.094870,-0.012327,-0.086791,-0.081389,0.084429,-0.045868,0.016841,0.042516,0.026587,0.007921,-0.056193,-0.046942,0.041873,-0.050280,0.027626,-0.084928,-0.076346,-0.028394,0.060677,0.020024,-0.021792,0.027941,-0.003239,0.007166,-0.055230,-0.043650,-0.047388,-0.035911,0.125851,0.043037,0.042764,-0.014159,0.079292,0.013373,0.047700,-0.052999,0.015710,-0.056973,0.028925,0.073575,-0.042779,-0.044800,0.020576,0.006714,0.044741,0.005967,-0.062276,-0.044286,-0.015959,0.104935,-0.008976,-0.040364,0.062898,-0.075992,-0.063041,-0.044693,-0.042271,-0.015561,-0.000000,-0.048442,0.007369,0.004221,0.072259,-0.009038,0.031986,-0.068597,0.011607,-0.046139,0.012525,-0.016064,0.114677,0.057835,-0.046632,-0.014096,0.025990,-0.000195,0.030254,0.030969,0.007164,0.035588,-0.018166,-0.035641,0.047565,0.066154,-0.073276,0.037718,0.045943,0.053504,-0.012102,0.098223,0.031040,-0.002851,0.038001,-0.044141,0.063152,0.029699,-0.015974,-0.016163,-0.077874,-0.065532,0.005547,-0.034204,0.029436,0.059103,-0.016178,0.060125,-0.011721,-0.001275,-0.011611,0.028861,0.027438,-0.053611,-0.001944,-0.003686,-0.047530,0.036764,-0.071662,0.020502,-0.013824,-0.018807,0.021342,-0.093913,-0.026115,0.004985,0.130854,0.072822,0.046467,0.021968,0.026295,0.003470,-0.008788,-0.088125,-0.013371,-0.001943,0.008299,-0.067355,0.053288,0.079259,-0.004284,-0.041364,-0.003063,0.049009,0.018888,0.030021,0.032591,0.131979,-0.070047,0.007446,0.095889,-0.073593,0.041494,0.012759,0.095780,0.034421,-0.000000,-0.013070,-0.050359,0.012293,0.029575,0.028930,-0.010890,0.043053,-0.073541,-0.025365,0.114872,0.029284,-0.041558,-0.020752,0.026436,-0.067885,-0.067618,0.167943,0.060328,-0.009844,-0.065017,-0.006598,0.077861,-0.004148,0.053656,-0.002337,0.023527,-0.153545,-0.031834,-0.035956,-0.024332,-0.022318,0.012803,-0.040228,-0.008263,-0.054189,0.000897,-0.094585,-0.069906,0.030398,-0.005672,-0.031914,-0.041343,0.002927,0.081646,-0.011373,0.017765,0.012712,-0.115467,-0.010304,-0.058098,0.008062,0.065375,-0.108650,-0.098096,-0.033918,0.044108,0.126506,-0.008469,-0.094471,0.012624,0.114692,0.005955,0.020422,0.073019,0.034840,-0.005811,0.086656,-0.007526,0.043749,0.000386,-0.006600,-0.005433,-0.036450,0.009494,-0.067931,0.021640,0.101835,-0.033549,-0.072814,0.034872,-0.016346,-0.038049,0.032893,0.024400,-0.023692,0.040592,-0.011398,-0.078631,0.012130,-0.036617,-0.117957,-0.039675,0.014561,-0.105139,0.025369,-0.000000,-0.014959,0.024263,0.046867,0.004331,-0.088942,-0.067176,0.024877,-0.007414,0.038032,0.038852,-0.064193,-0.003514,-0.047936,0.070011,0.088268,0.004230,0.068624,-0.019707,-0.021739,0.056869,0.001083,0.068553,-0.001987,0.042124,-0.015495,0.003162,-0.013866,0.042371,0.040484,-0.013204,-0.005678,0.028806,-0.040345,-0.047128,0.001694,-0.094625,0.016471,0.043923,-0.019435,0.020536,-0.031200,-0.036711,-0.013935,0.084920,0.068746,0.018068,-0.037450,-0.010756,-0.021962,-0.012770,0.026124,-0.005791,0.109685,-0.066511,0.069728,-0.125167,-0.006210,-0.053785,0.007974,-0.019447,0.018592,-0.051963,0.051969,-0.024324
-0.051535,-0.020039,-0.056351,-0.100723,0.047164,0.072626,0.038090,-0.031269,0.005547,0.069931,0.023943,0.008577,0.053598,0.013977,0.062008,-0.005357,0.027231,0.004440,-0.007705,0.042406,-0.009450,-0.044658,-0.055887,0.007036,0.004916,-0.012104,0.024884,0.053549,0.008890,-0.059791,-0.030508,-0.006141,0.115985,0.019752,-0.017396,0.012466,-0.079979,-0.045103,-0.051451,-0.015106,0.006013,0.010970,-0.042760,-0.012527,-0.039362,0.043412,0.052057,0.023171,-0.017967,-0.115111,0.024869,-0.050862,0.047236,0.023665,-0.047909,0.066698,0.003644,-0.000236,-0.030204,-0.009738,0.075023,-0.010945,-0.005118,0.045747,0.095330,-0.019828,-0.047914,0.110683,-0.097867,-0.051077,-0.007976,-0.037242,0.030729,-0.036110,0.077127,0.015060,-0.032240,0.023711,0.019175,0.029935,-0.016680,-0.022672,0.035137,0.008964,0.008249,-0.114055,-0.056278,-0.088047,0.105083,-0.004371,-0.066263,-0.007713,0.064202,-0.014384,0.009390,0.036596,-0.072796,0.033310,0.017795,0.076969,-0.008633,0.025562,-0.048283,-0.002572,0.037413,-0.060246,-0.102325,0.060857,0.047174,-0.065781,-0.030499,-0.015222,0.058436,0.028235,-0.086734,0.008014,-0.065544,0.073609,0.048345,-0.096472,0.049760,-0.022687,-0.036395,0.035992,-0.050919,-0.004562,-0.018045,-0.000000,-0.046015,0.042565,0.064078,-0.013398,-0.014209,-0.037388,0.004850,0.007665,0.011371,-0.034211,-0.039852,0.086678,0.041883,0.063389,0.074423,-0.078112,-0.053164,0.075104,0.014949,0.003304,0.056269,0.015331,-0.038347,-0.048977,0.016078,-0.029449,-0.036082,-0.031559,-0.044849,-0.011985,0.019981,0.039690,0.048342,-0.019691,-0.039879,0.030348,0.041924,-0.033936,0.022010,-0.112584,-0.015828,0.032552,-0.000843,0.000666,0.019922,0.069160,0.074189,-0.066442,-0.044751,0.014939,0.075548,0.028912,0.087779,-0.062704,-0.002986,-0.021754,-0.082105,0.015375,-0.022092,0.026007,-0.057017,-0.072039,-0.015419,-0.059386,-0.055183,0.052964,0.056331,-0.000877,0.012854,0.050664,-0.033787,0.033644,-0.073275,-0.003787,-0.069176,0.031289,-0.015729,0.058831,0.026497,-0.008243,0.017746,0.023557,0.021068,-0.056816,0.015912,-0.053111,0.077432,0.021405,0.067200,0.042847,-0.061305,0.047315,0.072292,0.157599,0.055046,0.000000,-0.079576,-0.030724,-0.000224,-0.029604,0.014309,0.058246,-0.038892,-0.101412,0.006066,0.152935,0.000278,0.003080,-0.073331,0.005324,-0.048932,-0.036395,0.019801,0.044895,0.031900,-0.039407,0.078963,0.174598,-0.074471,0.015751,0.127004,0.005868,-0.060167,-0.057856,0.025246,0.079999,-0.051451,-0.091945,-0.127414,-0.039722,0.004221,0.003253,-0.041744,0.055831,-0.023079,-0.014571,-0.026694,-0.123488,-0.141400,-0.035220,0.003213,-0.059347,0.116282,-0.030560,0.025068,-0.005603,-0.024283,0.030399,-0.020231,-0.030372,-0.064070,0.035055,0.003184,0.025439,0.019239,-0.034165,-0.017911,-0.011065,-0.028782,0.046958,0.034051,-0.023976,0.069740,0.008407,0.022601,-0.067270,0.070009,-0.006594,-0.003845,0.018778,-0.012464,0.074177,0.029566,0.030889,-0.058508,-0.088993,0.012294,0.004788,0.091728,-0.055712,-0.009110,-0.023366,0.064372,-0.008558,0.059633,-0.015334,-0.101922,-0.096270,0.154538,0.026599,-0.035329,-0.000000,0.056173,-0.000832,0.032818,0.079024,-0.109200,-0.017930,-0.063626,0.010630,-0.005370,0.008986,0.035348,0.057604,-0.010120,0.000307,0.020705,0.025732,-0.050041,0.075859,-0.052037,0.062633,0.049905,0.083727,-0.052851,0.003044,-0.031708,-0.015064,0.026229,0.027694,0.063395,-0.028463,0.001153,-0.012235,0.013523,0.021586,0.044671,-0.019304,-0.071979,0.053064,-0.000528,-0.044964,-0.071614,-0.006284,0.049323,0.046069,0.004592,-0.008194,-0.038279,0.047253,0.017349,-0.071856,0.051388,0.006281,0.036268,-0.022048,0.064798,-0.105145,0.041478,-0.029471,-0.028374,-0.008882,-0.012657,-0.045909,-0.022130,0.010458
0.096483,-0.025078,0.009498,-0.051904,-0.024007,-0.011646,-0.025349,-0.026346,-0.085075,-0.077873,-0.032302,0.091456,-0.024401,0.010169,0.069447,-0.029253,0.032500,-0.040566,0.012961,-0.034122,-0.026756,-0.028932,0.019406,0.021441,0.047896,-0.030868,-0.010287,0.020179,0.051653,-0.051669,-0.069178,-0.002650,0.074212,0.050234,0.020948,0.035312,0.007973,0.007212,0.034563,-0.071588,0.072429,-0.044386,-0.014620,0.028062,-0.015420,-0.015406,0.017879,-0.000279,0.005031,0.067556,0.036127,0.001882,0.041275,-0.037570,-0.072124,0.012485,0.030777,0.005132,0.066972,0.004480,0.045353,-0.007283,-0.000716,-0.021087,-0.006897,0.026273,-0.091096,0.099372,-0.012384,-0.069505,0.034127,-0.058159,-0.107546,0.037801,-0.037791,0.037741,0.026986,0.024048,0.006729,-0.035142,0.111226,-0.005697,0.031244,-0.031701,0.012951,-0.045989,-0.069655,-0.031792,0.075468,-0.049313,-0.042525,-0.051087,-0.018884,0.026211,0.070933,0.024650,-0.100423,0.039036,-0.003604,0.028510,-0.004774,0.079550,0.017183,-0.070553,0.004099,-0.025257,0.010977,0.057870,-0.056033,-0.081358,-0.071294,0.038745,0.032152,0.071092,0.042840,-0.074197,-0.028225,0.031473,0.056155,-0.071154,0.080873,0.098412,-0.027967,-0.061177,-0.018290,-0.090833,-0.011847,-0.000000,0.000056,0.109123,0.000069,0.058159,0.029397,0.000146,-0.023417,-0.035896,-0.016629,0.043352,0.097900,0.033878,0.127498,0.005218,0.037666,-0.060914,0.032424,0.063510,0.009353,-0.026517,0.043055,-0.060504,0.002711,0.025533,-0.029396,-0.035416,-0.002114,0.071722,0.141272,0.014744,0.049734,0.006283,-0.035386,0.050759,-0.044656,0.068574,-0.056180,-0.058126,-0.016922,-0.012382,-0.042120,0.006491,-0.057211,0.025938,0.019585,-0.028744,-0.033889,-0.015060,-0.018610,-0.015937,0.014615,0.020738,-0.056616,-0.023621,0.020797,-0.031889,0.069535,-0.057081,0.025911,0.023636,-0.036766,0.017402,-0.103120,0.036315,-0.057890,0.017852,0.037017,0.069406,-0.078834,0.007986,0.056068,-0.016388,-0.013617,-0.006128,-0.071740,0.017035,-0.004858,0.008746,0.015297,0.026886,-0.042071,0.015646,-0.003057,-0.011718,0.096571,0.069434,0.069370,-0.053977,0.009052,0.015574,-0.106912,0.042406,0.029873,0.063281,-0.036354,0.000000,-0.036042,0.003884,0.072802,0.090987,-0.054407,-0.017833,0.109147,-0.086027,0.005887,0.066063,-0.005833,-0.004220,-0.023870,0.007732,0.084555,-0.050099,0.130665,0.025636,-0.019204,-0.051001,-0.020498,-0.004272,-0.019938,0.080686,0.001527,0.075514,-0.077117,-0.023637,-0.100403,-0.017876,-0.120521,-0.009433,-0.028051,-0.001463,-0.033955,0.076835,-0.005875,-0.000467,0.025753,-0.048879,0.005768,-0.025587,-0.116551,0.035877,-0.028298,0.047261,0.015041,-0.047324,-0.047889,0.058341,-0.003832,0.016243,-0.148660,-0.070578,-0.062660,0.053464,0.076495,0.025258,-0.071905,0.032968,-0.015516,-0.001667,-0.000358,0.024265,0.029595,-0.080303,0.058246,-0.032614,-0.036965,0.030195,0.050209,0.096558,-0.036768,0.054822,-0.089111,0.057014,0.033248,-0.079121,-0.119603,-0.024282,0.022137,-0.088636,0.030611,-0.049488,0.005953,-0.055515,-0.063381,-0.016698,0.040229,0.012318,-0.097346,-0.127263,0.057356,-0.079410,0.060356,-0.000000,-0.031319,0.020172,0.058669,0.035407,-0.040193,0.028058,0.062285,0.055536,0.016217,-0.058744,-0.056350,-0.004477,-0.030314,0.076653,-0.013464,-0.047527,0.027804,0.015164,-0.037605,0.012981,0.030879,0.092788,0.026725,0.046280,0.001906,-0.004818,-0.073690,0.025055,0.005094,-0.041018,0.078711,-0.035610,0.014105,0.033509,0.022418,-0.040256,0.030005,0.031995,-0.042367,0.011915,-0.028215,-0.020640,-0.036032,0.119866,-0.027439,-0.034419,-0.134265,0.096391,-0.004529,-0.043662,0.063136,0.014184,0.026959,-0.024336,0.132456,-0.030017,-0.005820,-0.076300,0.017031,-0.004333,-0.001662,-0.075012,0.025569,-0.050133
0.022834,-0.063515,-0.004248,0.047475,0.001258,0.028522,-0.014798,-0.083767,-0.067458,-0.053417,0.004857,0.062241,0.030111,0.007151,0.053253,-0.048841,-0.006852,-0.049336,0.038296,-0.068467,-0.085814,0.014588,0.021558,0.053903,0.014900,0.048480,-0.041121,0.022773,-0.029126,-0.057196,-0.004990,0.021681,0.111097,0.005727,0.055210,0.099636,-0.067719,-0.055903,-0.002839,-0.011554,-0.007430,-0.011188,-0.043857,-0.053517,-0.055909,-0.010364,0.036043,-0.032102,-0.017296,0.037047,-0.061262,-0.033921,0.037479,-0.055896,0.009890,0.069074,-0.103769,-0.031550,-0.075503,-0.036931,0.067342,0.014350,0.005286,0.021975,-0.020072,-0.014060,-0.117827,0.033458,-0.078565,-0.086739,0.059245,-0.166250,-0.069311,0.014030,0.045502,0.085923,0.016617,-0.019898,0.081575,-0.027766,0.087098,0.011771,0.023433,0.135796,-0.113631,-0.005971,-0.056239,-0.044585,0.025097,0.020184,0.026305,-0.024376,-0.012555,-0.057082,-0.017560,-0.000961,-0.086582,-0.025595,0.070035,0.030880,-0.023974,0.086508,0.002653,-0.066212,-0.044698,-0.006577,0.013081,0.071655,0.032741,0.079978,0.013220,0.036403,-0.045890,0.019555,0.020843,-0.050119,-0.084781,-0.015395,0.075547,-0.018200,0.033090,0.064661,0.001348,-0.051990,-0.042950,0.053168,0.013872,-0.000000,0.004621,0.025929,0.090495,0.051861,-0.006160,0.032895,-0.027063,-0.002238,-0.026490,-0.025856,-0.034032,0.056120,0.082675,-0.054202,0.040925,-0.055881,-0.069946,0.029420,-0.032915,-0.032960,-0.004287,-0.003308,0.000875,0.008929,0.006797,-0.022548,0.000232,0.021338,0.081579,0.008795,0.124702,0.048538,-0.008699,-0.039571,-0.039469,0.011174,-0.091241,-0.062209,0.024511,0.013543,-0.092353,-0.016434,0.013526,0.020202,-0.051488,0.065175,-0.069079,-0.018935,0.028901,-0.013889,-0.051191,-0.008215,0.002499,0.014807,0.041703,0.013357,-0.023928,0.025751,0.023082,0.026913,0.025711,0.062215,-0.092262,-0.036703,0.051402,0.005748,0.083916,-0.001350,0.017568,0.005542,0.045761,0.002729,-0.013697,-0.020347,0.074636,-0.000246,-0.028886,0.042154,-0.036306,0.033462,0.013743,0.006334,0.010092,0.009905,0.090929,0.010336,0.070616,-0.031557,-0.024365,0.102222,-0.031730,0.051385,0.005948,0.115473,-0.042981,-0.000000,0.006712,0.011794,0.084543,-0.003101,0.047488,-0.012586,-0.067451,-0.035290,-0.003203,0.050563,0.065549,0.036450,-0.051403,0.015810,-0.060464,0.022678,0.089485,-0.124532,-0.081217,-0.010503,0.031845,0.106811,-0.030214,0.048454,-0.064455,0.097829,-0.062179,-0.039783,0.025582,0.017543,-0.031409,0.036327,0.030578,0.034128,-0.006847,-0.027252,-0.034728,-0.047216,-0.015246,-0.016828,0.071289,-0.063325,-0.033659,-0.005466,0.055135,-0.034719,-0.058695,-0.034643,-0.003150,0.016954,-0.074070,-0.012997,-0.157517,-0.010564,-0.027400,0.046421,0.064615,-0.087052,-0.052629,-0.016407,-0.017041,0.064878,0.013935,0.015245,0.029375,0.047605,0.077884,-0.036724,-0.058034,-0.066357,-0.053174,0.026859,0.013110,0.000872,-0.094541,0.028596,-0.088248,-0.073158,-0.066612,0.004404,0.052793,-0.045413,0.008772,0.035675,0.017522,0.045697,-0.058532,-0.057669,-0.023974,0.071932,-0.050874,-0.069984,-0.011981,-0.014554,0.079559,-0.000000,-0.007288,0.030106,0.017785,0.020878,-0.029695,-0.139522,0.008064,0.074111,0.076212,0.028143,-0.060106,0.016996,-0.083484,0.020842,0.039377,-0.060673,0.005848,0.109458,-0.035464,-0.036419,0.016608,0.049945,0.003811,0.001101,-0.041201,-0.011592,-0.082443,-0.052294,-0.038453,-0.042063,0.075055,0.057375,0.043993,0.011800,0.029274,-0.089907,-0.020666,-0.068046,-0.002489,-0.022757,-0.070202,0.042007,-0.005347,0.061973,0.008601,-0.009615,-0.067171,0.068288,-0.022335,-0.117885,0.006041,0.039526,0.050903,0.017805,-0.034539,-0.044996,0.030383,-0.037644,-0.093601,0.039468,0.000764,-0.109665,0.052625,0.097706
-0.096076,0.009079,-0.019535,-0.043127,0.034887,-0.033960,0.120067,0.047341,-0.015393,-0.083051,-0.090534,0.016168,-0.031727,0.091128,-0.012957,-0.037145,0.068346,-0.017319,-0.015054,0.028509,-0.016404,0.057684,-0.051624,0.016840,0.064607,-0.027403,0.030078,0.041917,0.048594,-0.034877,-0.049629,0.031652,0.064018,-0.005148,-0.028871,0.029770,0.002106,-0.014107,-0.018748,-0.001171,0.022909,-0.068167,-0.042344,0.025149,-0.007958,0.002515,0.035271,0.050857,0.013190,-0.026935,0.019234,0.058307,-0.023707,0.023398,-0.046063,0.106034,0.069648,0.035739,-0.005785,0.061336,0.008432,0.013907,-0.032683,0.037916,-0.120239,0.083543,-0.082869,-0.089464,0.067536,-0.061382,0.066987,0.031090,0.028595,-0.066785,0.068937,0.065724,-0.015718,-0.007137,0.095992,0.008545,-0.007178,-0.054775,-0.037169,-0.002123,0.111263,0.016456,-0.078724,0.071588,-0.032725,0.027771,-0.012358,0.008262,-0.026488,-0.045635,-0.004340,-0.079818,-0.015509,0.015512,0.046267,0.111777,-0.115543,0.053237,-0.062802,0.001324,0.084798,0.016971,-0.071715,-0.072420,0.044553,-0.024926,0.023119,0.009595,0.018643,0.082594,-0.062775,0.053910,0.007216,0.037888,0.039937,-0.096800,-0.001518,0.070797,0.026736,0.045456,-0.071838,0.043203,0.121002,-0.000000,-0.009768,0.024484,0.050491,0.013061,0.013403,-0.032593,-0.039359,-0.060133,-0.068228,-0.010707,0.017163,0.041067,0.063306,-0.074007,-0.033349,0.114283,-0.027218,0.006767,-0.045450,0.026477,0.007541,-0.006735,0.052179,-0.027541,-0.019083,0.011023,0.018179,-0.027289,0.044777,0.003929,0.009548,-0.017188,0.058184,0.037415,0.107035,0.062308,0.013501,-0.045064,-0.021108,-0.066091,0.039905,-0.002659,-0.057673,-0.056193,-0.084435,-0.004806,-0.006395,0.038925,0.065746,0.021275,-0.031157,-0.007747,-0.022831,-0.025579,-0.085917,-0.087303,0.027469,0.039759,0.021964,-0.007313,0.030847,0.005911,-0.015762,0.043568,-0.066812,-0.105649,-0.032437,-0.019601,0.027048,-0.036500,0.079288,0.037531,-0.042882,0.010433,0.043255,-0.023103,0.034150,0.018888,-0.009259,0.017290,0.107892,-0.010694,-0.017770,-0.055137,0.053818,0.015167,0.024495,-0.064939,-0.034891,0.103196,-0.080416,0.039859,0.001579,0.012588,-0.053531,0.000000,-0.028126,-0.009729,0.028545,-0.043073,0.023174,-0.064721,0.013260,0.105598,-0.087847,0.045707,0.150361,0.047098,-0.008373,-0.041926,0.060125,-0.023403,-0.052234,0.011211,0.016809,0.016330,0.015999,-0.000173,-0.005896,0.034925,-0.066566,0.000789,0.090278,0.023531,-0.009591,-0.113113,0.002001,0.000425,-0.170172,0.017188,-0.007957,0.046970,0.039941,0.048459,0.046759,-0.030895,-0.025513,0.021998,-0.110597,0.059439,-0.029779,-0.107829,0.006312,0.027569,-0.006964,0.008406,-0.117214,0.047046,-0.009397,0.064112,-0.046319,0.000991,0.053587,-0.074303,0.051708,-0.016349,-0.052451,0.007686,-0.031577,-0.046399,0.132812,-0.043036,0.002840,-0.013440,0.007197,0.058400,-0.033204,0.033372,-0.083947,-0.019690,-0.057381,-0.052279,-0.111065,0.031407,-0.034520,0.010389,-0.066762,0.026934,0.020652,0.019641,0.069640,0.061596,0.034284,-0.031803,-0.003714,0.062205,0.020558,0.007996,-0.045856,0.041418,0.008737,-0.000000,-0.023484,0.123714,-0.020636,-0.063956,-0.013983,-0.019276,-0.002355,-0.002305,-0.013029,-0.014328,0.045161,-0.082196,0.019782,-0.051225,0.100269,0.016856,-0.006142,-0.037974,-0.010196,0.068583,-0.011575,-0.041351,-0.045822,0.054056,-0.029550,-0.062627,-0.053856,0.094025,-0.014042,-0.006861,-0.028802,0.088984,-0.032622,-0.046075,-0.000947,-0.083512,-0.030255,-0.074651,0.067973,0.003915,0.028317,-0.033505,-0.063365,0.056894,0.056910,0.083541,0.035545,-0.043126,-0.056301,0.039230,0.014400,0.001031,0.043223,0.020629,0.046995,0.006975,0.005502,-0.038521,0.016444,-0.053748,-0.000026,-0.064870,-0.117427,0.037572
0.120354,-0.053383,0.007847,-0.009790,-0.025198,-0.009686,0.058236,-0.003511,-0.102894,-0.025896,-0.053749,-0.008970,0.044584,-0.056906,0.051574,0.002348,0.066910,-0.076658,-0.076147,-0.058224,-0.114642,-0.025257,-0.027540,0.019610,-0.018329,-0.026600,0.018911,0.072170,0.014667,-0.042085,0.003161,-0.015650,0.075913,0.013316,0.047153,0.105534,0.050773,-0.037540,0.033081,-0.049609,0.087195,-0.057035,0.017328,0.007279,-0.009467,-0.000705,0.048058,-0.013498,-0.013279,-0.001907,-0.077167,-0.038360,0.029176,-0.056170,-0.074374,0.023130,-0.028138,0.045751,-0.043190,-0.044752,-0.024683,0.000508,-0.079040,0.009582,0.046634,-0.008961,-0.071432,0.071843,0.026551,-0.103182,-0.047090,-0.061820,-0.122115,0.038178,-0.009341,-0.030597,0.042338,-0.037810,0.068006,0.017850,0.101536,0.027555,-0.056278,0.008674,-0.010853,-0.109402,0.008372,0.007133,-0.017917,-0.071604,0.060759,-0.071759,-0.035715,0.035047,0.110576,0.057847,-0.041686,-0.049328,-0.004124,0.077981,-0.045376,0.002441,-0.090968,0.014097,-0.070286,0.005075,-0.064635,0.078193,0.019614,-0.070618,-0.050760,0.028785,0.048966,0.050920,0.072296,-0.023127,-0.069449,0.036790,0.027717,-0.016735,-0.001187,0.095551,0.043977,0.004743,0.035504,-0.036528,-0.021306,-0.000000,-0.052768,0.066565,0.033521,0.098544,0.007445,-0.007625,-0.045144,-0.042291,0.022972,0.014326,0.095971,0.088569,0.091907,-0.006643,-0.021215,0.032910,-0.011490,0.084850,-0.022375,0.031999,0.005648,-0.062724,-0.004737,-0.006329,0.026210,-0.038866,0.049665,0.077991,0.122789,0.040733,0.053694,-0.008047,-0.107402,-0.016562,-0.015166,0.041375,-0.085505,-0.102343,-0.026055,-0.062278,-0.009260,-0.028084,0.032504,0.010733,-0.034335,0.003759,0.021082,-0.083066,-0.050158,-0.007174,-0.029148,-0.018151,-0.028665,-0.051175,0.050772,-0.033795,0.044023,0.070267,0.005509,-0.047106,-0.059581,0.023002,-0.109509,0.041177,-0.004148,-0.022569,-0.019676,0.009354,0.042803,0.018306,0.024953,-0.044444,-0.007477,0.026438,-0.094274,0.010045,-0.082952,0.043848,0.049713,0.013339,-0.032585,0.039416,-0.077830,-0.031216,0.129419,-0.008211,0.080920,-0.052394,0.030592,0.013864,-0.018347,0.000395,0.026944,0.078399,-0.083326,0.000000,-0.046118,0.018107,0.088096,0.033569,-0.042415,0.076382,0.085977,-0.055450,0.038402,0.112950,0.032814,0.017438,-0.039178,-0.031440,0.017391,-0.046433,0.069406,0.030249,0.015633,-0.038807,-0.013569,-0.000736,-0.022247,0.112692,0.003072,0.003803,-0.067414,-0.074526,-0.069972,-0.034616,-0.053458,-0.035383,-0.110180,0.021792,-0.056152,-0.002784,-0.028008,-0.047043,0.004386,0.005952,-0.057717,-0.000248,-0.075959,-0.098387,-0.091789,-0.064386,0.028675,-0.063232,-0.000894,0.052493,-0.003749,0.022876,0.033195,-0.076430,-0.003695,0.033657,0.076252,0.007368,0.006603,0.013124,0.044562,0.061710,-0.025577,0.065158,0.071630,-0.015648,-0.082863,0.012145,0.003686,0.007911,0.013119,-0.004421,-0.009322,-0.039583,-0.085795,-0.030905,0.033484,0.002903,-0.073804,-0.041262,0.007002,-0.041680,0.048862,-0.008478,0.064909,0.027527,-0.010681,0.040354,0.097271,-0.041406,-0.027885,-0.032332,-0.010944,-0.072652,0.053243,-0.000000,-0.074213,-0.028808,-0.015813,0.013688,-0.001214,0.066025,-0.134583,0.026735,-0.049622,0.032102,0.031237,-0.080692,-0.061358,0.008705,0.099071,-0.017385,-0.004939,0.065105,-0.029898,-0.026516,0.114167,0.058465,-0.015048,0.078061,0.022365,0.040237,-0.003445,0.032876,-0.041947,0.067267,-0.003520,-0.030677,0.015591,-0.012090,-0.007844,0.009340,0.050643,-0.002127,0.000210,-0.044513,-0.034763,0.024789,0.048693,0.097558,-0.001371,0.023471,-0.022679,0.067540,-0.006975,-0.019681,0.089708,0.008401,0.083222,0.070963,0.062304,0.040795,-0.048756,0.011784,-0.024147,0.020420,0.060853,0.031537,-0.050638,-0.035846
-0.057809,-0.085828,-0.035720,-0.011184,0.062363,-0.023545,0.061488,0.092199,-0.058669,-0.087951,-0.069282,0.015186,-0.005651,0.010102,0.022098,0.026704,-0.052261,-0.105041,-0.096947,0.085994,-0.024254,0.013210,0.031186,0.000127,-0.065383,-0.059366,0.018918,0.066925,0.045876,-0.041841,-0.090813,0.007662,0.063795,0.051082,-0.005736,-0.037593,-0.075339,0.022165,0.037906,0.070178,0.010611,-0.044501,-0.054117,0.030700,0.052576,0.009309,0.008211,-0.032982,0.022604,0.030117,-0.020035,-0.067990,-0.078709,0.013050,0.038273,0.012078,-0.017233,-0.033355,0.118010,-0.043731,-0.005448,-0.009385,-0.138512,-0.019867,0.000061,-0.012153,-0.010080,-0.026677,-0.005866,0.051675,0.001729,-0.012553,0.050054,-0.082422,0.041706,-0.028197,0.004249,0.010553,0.048545,0.110751,-0.030094,-0.001868,-0.073574,-0.018231,-0.095173,-0.011634,0.088624,0.023981,-0.009724,0.061112,0.027500,-0.025007,0.058784,-0.014019,0.035409,-0.002573,-0.001139,0.058733,-0.146502,0.220343,0.073085,0.031437,-0.011101,0.022973,0.009526,-0.106597,-0.026713,0.002016,-0.035594,-0.051327,-0.028893,-0.014609,0.031994,0.099245,0.026862,0.099000,-0.010636,0.085985,0.102214,0.019444,0.006171,-0.019001,0.011847,0.042325,-0.062082,-0.111436,0.029896,-0.000000,0.008027,-0.023400,-0.014305,0.018225,0.014424,0.028269,0.007208,0.009893,-0.006935,0.028524,0.046588,0.030243,-0.117173,-0.002738,0.122311,0.136409,0.042785,0.082815,0.022093,0.030338,0.032283,-0.059258,-0.067407,0.044565,-0.065589,0.004090,-0.011347,-0.084042,0.038097,0.047183,-0.002837,0.011456,-0.099272,0.037057,0.022684,0.016312,-0.000430,-0.051937,-0.064766,0.021403,-0.026602,0.019604,-0.106608,0.024119,-0.016892,0.048906,0.013610,0.009208,-0.043248,0.044723,-0.024931,0.061698,-0.105610,-0.049038,-0.097601,-0.007997,-0.005412,0.066094,0.023131,0.044388,0.000893,0.073045,0.000480,-0.065776,-0.033273,-0.004855,0.055126,-0.031349,0.029785,-0.061273,-0.043032,0.000389,0.033371,0.069013,0.005338,-0.003052,0.028958,-0.022401,0.059359,-0.040578,0.064266,-0.024139,-0.072425,0.070340,0.038723,0.030000,0.058309,0.030791,0.073523,-0.009539,-0.080038,0.030636,0.061102,0.056201,-0.015039,0.000000,-0.036147,0.108565,-0.056211,0.007346,-0.020474,0.046129,0.076373,0.040576,-0.029197,0.078739,0.017648,-0.046190,-0.009196,-0.030720,0.035670,0.060074,0.058891,0.001147,-0.022649,0.059119,-0.078802,0.024720,-0.032679,0.038535,-0.008452,0.022975,-0.050052,-0.006670,0.072650,0.025779,0.053177,-0.099800,-0.071941,-0.000396,0.055516,0.030182,0.048332,0.001918,-0.007007,-0.006432,0.029862,-0.051816,-0.018481,0.112258,0.011302,-0.069587,0.047304,0.000754,0.025952,0.065057,-0.016285,-0.064574,-0.022807,0.031986,-0.029268,-0.018181,0.036944,0.010759,-0.030265,-0.056562,-0.004876,0.009760,-0.002144,0.101130,0.029647,-0.002310,-0.016273,-0.029955,-0.003501,-0.066051,0.022523,-0.044306,-0.140014,-0.011819,0.050478,-0.034180,0.025935,-0.013372,-0.016817,-0.025601,0.002250,0.003155,0.070328,-0.005275,0.033941,-0.064693,0.054326,0.043487,-0.005961,-0.044338,-0.040478,0.003115,0.064455,-0.043154,-0.023154,-0.000000,0.004753,0.002160,0.049457,0.023693,0.045403,0.140247,-0.021941,0.000080,-0.010266,0.016240,0.100847,-0.031549,-0.044170,0.013753,0.062217,0.011408,-0.038283,-0.129012,-0.032694,0.018323,-0.034887,0.044864,0.066245,0.015953,0.039738,0.012792,0.064013,0.013720,-0.005830,-0.047660,0.078506,-0.001874,0.006048,-0.035042,-0.013343,-0.058868,-0.075058,-0.004727,0.047605,-0.018245,-0.047083,-0.011130,0.075307,0.043154,-0.074683,-0.003564,0.024714,-0.071063,-0.073375,0.023191,-0.004697,-0.077353,-0.008292,0.024817,0.018063,-0.033183,-0.004249,-0.026428,0.074381,0.010209,0.085386,-0.014607,0.058432,-0.009739
-0.105641,0.093953,-0.035949,-0.000904,0.005561,-0.008447,0.022248,0.001641,-0.027528,-0.022186,-0.020263,-0.047401,0.022615,-0.042355,-0.011395,0.080069,-0.012448,-0.042573,-0.059236,0.043350,-0.031794,-0.037131,-0.066980,0.006047,0.004849,-0.062736,0.045651,0.077173,0.066167,-0.037875,0.019091,0.048802,0.027087,0.016876,0.019067,0.114892,-0.030821,-0.025260,-0.061523,-0.057859,0.033107,-0.026122,-0.003628,0.101852,0.004972,-0.000489,-0.022445,-0.033997,-0.017188,-0.065576,-0.010216,-0.031964,-0.106788,0.122950,0.038130,0.065972,-0.073294,-0.024947,0.051049,-0.026316,-0.040985,0.043531,-0.033321,0.031933,0.051413,0.065881,-0.087028,0.041930,-0.007769,0.115669,-0.036356,-0.029916,-0.046656,0.017293,-0.032836,-0.024847,-0.103187,0.070591,0.021712,-0.065006,0.000457,-0.006023,-0.054834,-0.004384,-0.012801,0.058348,-0.050337,-0.097893,0.093632,0.061722,0.046340,-0.020775,0.168729,0.037287,-0.064381,0.014245,-0.006357,0.062655,-0.090742,0.115497,0.046120,0.109200,-0.039703,0.008275,-0.083963,-0.041782,0.001536,0.082906,-0.081291,-0.045458,-0.041754,0.032050,-0.032663,-0.001781,0.022766,-0.009847,0.028654,0.053857,0.076874,-0.030977,-0.014324,0.008746,-0.092445,0.082340,-0.091541,-0.051250,0.004802,-0.000000,-0.017416,-0.028494,0.037260,-0.078592,-0.031199,0.055161,-0.044111,-0.048781,-0.037485,-0.035914,0.132780,0.006532,0.046827,-0.004305,-0.033388,-0.053920,-0.028637,0.056003,-0.064552,0.003583,0.036875,-0.051089,-0.055831,0.021900,-0.012636,0.006536,0.003657,-0.011057,0.020939,0.047725,-0.063972,0.002752,0.004525,0.067267,-0.007253,0.047327,-0.025276,0.016301,-0.060342,-0.007864,0.014536,0.011081,-0.085020,-0.026757,0.051424,-0.081810,0.020321,0.046736,0.009448,-0.128262,0.065770,0.071149,0.015252,-0.054755,0.014381,-0.036289,0.011340,-0.023610,-0.008802,0.027234,0.038370,0.084064,0.013389,0.033811,-0.048108,-0.023376,-0.077944,-0.011021,-0.016366,-0.041962,-0.017958,0.061441,-0.004025,0.013119,-0.102287,0.012121,-0.083887,0.058230,0.043828,0.092163,0.067973,0.020528,-0.037654,-0.049182,-0.028307,-0.095032,0.001324,-0.039730,-0.020390,-0.000749,-0.000863,0.062524,-0.029673,-0.018865,0.035977,-0.000000,0.069850,-0.030203,0.000959,0.054345,0.016137,0.060370,0.054481,0.037547,0.132034,-0.017149,0.043864,0.027878,-0.013522,-0.079622,0.110090,0.015474,-0.030305,0.019443,-0.051003,-0.002168,0.014187,0.059879,-0.001047,0.108053,-0.018476,-0.007843,0.022573,0.146864,-0.069994,-0.006883,0.040526,-0.041311,-0.088120,0.016565,-0.019070,-0.110157,-0.024574,0.037778,0.013865,0.029921,0.128928,0.048925,-0.074779,0.056706,-0.032943,0.025058,-0.001457,0.000892,0.064834,-0.071853,-0.035482,-0.015367,0.005919,0.026046,-0.021989,0.093116,0.034392,0.063421,0.038435,0.000413,0.056774,-0.012956,0.022579,-0.034200,0.068587,-0.112948,-0.033881,-0.013114,-0.010067,-0.043875,0.024968,0.034472,-0.039534,-0.080140,0.051391,0.022185,0.019619,-0.026587,-0.031160,-0.007981,-0.031375,0.025978,0.009064,0.065941,-0.029984,-0.031186,-0.045625,-0.059170,0.031539,0.015215,-0.001374,-0.072241,-0.048936,0.062031,0.050292,-0.000000,-0.035249,-0.028958,0.036012,0.020034,0.099268,0.034688,-0.083890,-0.034474,-0.038277,-0.003396,0.032503,-0.033365,-0.005827,0.000674,-0.022460,-0.003270,0.075251,-0.048372,-0.032084,-0.028488,0.076399,0.011287,0.107852,0.059413,-0.032963,-0.012339,-0.048422,0.103578,-0.025874,-0.050859,0.035604,0.002806,-0.009056,-0.030215,-0.015038,0.073891,-0.000283,0.014351,-0.010679,-0.018583,-0.016432,0.041729,0.002137,0.073403,-0.070781,-0.080331,0.031225,-0.074451,-0.062053,-0.067446,-0.007593,-0.034742,-0.014943,0.006387,0.067250,-0.001070,0.000057,0.024026,-0.047585,-0.018464,0.071210,-0.048757,-0.042892,0.028665
-0.014768,0.012519,0.023906,-0.056196,0.011580,0.020970,-0.009620,-0.002692,-0.062519,-0.025852,-0.058190,0.139473,-0.019236,-0.013636,0.048900,-0.007465,0.136987,-0.035321,-0.069638,-0.072501,-0.070901,-0.005783,0.088082,0.004534,-0.001516,-0.003361,-0.062151,-0.028591,0.008888,-0.098202,-0.009689,0.101935,0.106749,-0.009019,-0.107182,0.012813,0.044895,0.061044,-0.023909,0.027092,-0.075270,-0.076365,0.033034,-0.045819,0.012647,0.036701,0.023826,-0.048732,-0.003096,-0.056134,-0.009792,-0.042412,0.059775,-0.066069,-0.035539,0.071688,-0.006020,-0.004876,0.033967,-0.016121,0.076609,0.030910,-0.033285,0.037062,0.069601,-0.115227,-0.029155,-0.040531,-0.000851,-0.023883,0.059185,0.060234,-0.036655,-0.018053,0.038005,0.022388,-0.075652,0.015000,0.080420,-0.019964,0.128711,-0.039565,-0.016143,0.029102,0.027088,-0.013984,-0.014791,-0.186189,-0.115927,0.005574,0.075385,0.037519,-0.057945,0.031990,-0.039115,0.063229,0.007553,-0.056967,-0.062417,0.084254,-0.006154,0.052399,-0.006183,-0.059365,-0.006362,-0.007669,0.110966,0.106753,-0.030612,0.029161,0.032991,0.081654,-0.094761,0.006166,-0.037162,0.072500,-0.004432,0.038666,0.008953,0.037063,0.100804,-0.058465,0.017254,-0.006898,-0.003384,0.026293,-0.058808,-0.000000,-0.015631,0.038179,-0.023328,-0.044898,0.081838,-0.013690,-0.014346,-0.045502,-0.053580,-0.099721,-0.024419,-0.012036,-0.001493,0.053674,0.124603,-0.133980,-0.062739,0.048532,-0.041930,0.041023,0.003475,0.000031,0.014728,-0.068734,0.013567,0.102686,0.075732,0.029699,-0.006252,0.038512,-0.028769,0.020123,-0.092107,0.043088,0.001650,0.004851,0.057410,-0.040188,0.051394,0.039302,-0.060289,0.002042,-0.030428,-0.000190,0.017191,0.089215,0.037817,-0.031231,-0.094060,0.041016,0.072894,-0.005365,-0.036711,0.002337,0.018706,0.037949,-0.006645,-0.003918,0.009062,0.018281,0.013881,-0.067017,-0.016217,0.013226,0.074994,0.070983,0.090883,-0.007564,0.070604,-0.033339,-0.040952,-0.026165,0.003827,0.052735,0.003533,-0.013962,-0.037556,-0.007987,0.027834,0.015270,-0.009816,-0.007057,0.053950,-0.055637,-0.010099,-0.054068,-0.031638,0.082768,0.033427,0.046894,-0.015487,-0.005094,-0.053600,0.101590,-0.064683,0.000000,-0.038032,-0.013376,-0.085012,0.079980,-0.066987,0.008708,0.105728,0.062909,-0.023963,0.018709,0.022188,0.038601,-0.048629,0.048262,0.085793,-0.001951,0.034253,-0.032596,0.024770,-0.017788,0.002596,0.100066,-0.006691,-0.010306,0.008370,0.016554,-0.130057,0.004207,0.005914,0.027724,0.105224,-0.040670,-0.078401,0.047615,0.044385,0.036343,0.013897,-0.001037,-0.033549,0.035380,0.041716,0.004578,-0.080488,0.013406,0.029836,0.021530,0.039343,0.030486,-0.037806,0.093236,0.098560,-0.033299,-0.069247,-0.046090,-0.035614,-0.030071,-0.032934,-0.044665,-0.038436,-0.002217,-0.041370,0.048487,-0.047009,-0.028879,0.111479,0.010062,-0.001870,-0.015225,0.042774,-0.034231,-0.007398,-0.122977,-0.104598,0.018046,-0.011379,0.025014,0.065248,-0.003000,-0.070919,0.045189,-0.105474,-0.065609,-0.018094,-0.021554,-0.006406,-0.024858,-0.039444,0.019572,-0.013079,0.083186,-0.084153,0.007909,-0.068403,-0.022793,-0.007455,-0.000000,-0.011079,-0.030127,0.033307,0.035093,-0.021624,-0.033821,0.016588,0.075670,-0.016280,-0.025572,0.107811,0.036462,-0.001001,0.026698,0.046168,-0.011330,0.051597,0.004300,-0.067281,-0.017110,0.044210,0.080823,0.006517,-0.034095,0.008875,-0.009311,0.000263,0.008884,-0.032149,-0.055877,0.029626,0.054632,0.051739,0.079062,0.012804,0.018370,0.004841,-0.006201,-0.002797,-0.056522,-0.032485,-0.014872,-0.032797,0.048653,-0.013308,-0.053172,-0.029849,0.004511,-0.006208,-0.089460,0.028574,0.077503,0.008279,-0.015547,0.079950,0.035661,0.053314,-0.017312,-0.009101,0.059107,0.032863,-0.077791,0.026392,0.035304
0.040961,-0.073826,0.004015,0.005941,0.062114,0.046919,-0.051708,-0.051763,0.008336,-0.007273,0.018883,0.106823,-0.014033,-0.012617,0.039454,-0.040072,0.042460,-0.078855,-0.030452,0.103233,-0.138613,-0.026659,-0.047205,0.006997,0.060636,-0.009448,-0.043718,0.005209,0.022583,0.021480,0.030255,-0.022617,0.093978,0.019467,0.016494,0.029651,0.040384,0.004288,0.033130,0.046174,0.085397,-0.093459,-0.127028,0.004953,0.060442,0.025861,0.057132,0.048628,-0.045711,-0.030130,-0.164370,-0.003629,-0.024470,-0.041287,0.002338,-0.063882,-0.048665,-0.028479,-0.049072,0.013824,-0.068478,-0.002267,0.008086,0.067999,0.009023,0.017831,-0.003835,0.039270,-0.020076,0.022979,-0.037293,-0.032310,-0.006122,0.026115,-0.034134,-0.074830,0.041920,0.017207,0.104607,-0.049749,0.024573,-0.096059,-0.055937,-0.023917,-0.050602,-0.130320,0.010384,-0.058159,-0.064608,-0.094388,0.059277,0.007166,-0.013416,0.022928,0.064068,0.024173,-0.043199,-0.018889,0.037629,0.051662,0.000352,0.075381,-0.059916,0.054998,-0.044816,-0.053891,-0.066267,0.098701,0.025111,0.030382,0.015465,0.077582,-0.025841,0.017469,-0.053128,-0.000505,0.027403,-0.072189,0.041814,0.112778,-0.028966,0.017271,-0.064649,-0.031763,0.014269,0.085454,-0.044809,-0.000000,-0.094096,-0.032806,0.071215,-0.061021,-0.074326,0.033913,-0.077004,-0.071894,0.027147,-0.032653,-0.054141,0.017376,0.018415,-0.020886,0.010368,-0.120966,-0.081055,0.103323,-0.011595,-0.002975,-0.010312,-0.031766,0.027271,0.026866,0.035121,-0.047312,0.032232,0.012432,0.110745,0.011348,0.062882,0.031374,-0.082714,-0.042490,-0.095502,0.019720,-0.010993,-0.018778,0.049179,-0.035581,-0.099494,-0.003568,0.005450,-0.021111,-0.074137,0.051229,-0.049720,-0.057567,-0.050582,-0.005622,0.001779,0.049798,-0.034141,-0.059171,0.059777,-0.029333,-0.001344,0.000016,-0.066568,0.003523,0.021797,0.004817,-0.003047,-0.014572,0.011140,0.048376,0.036912,0.039400,-0.002383,0.105327,0.118892,0.035059,0.029702,-0.012368,-0.027473,0.014528,-0.024874,0.007743,0.024908,0.004961,-0.008262,0.045122,0.011198,0.013546,0.063011,-0.088845,-0.002153,-0.010435,0.077219,-0.084456,-0.087050,0.002203,0.036702,0.030441,-0.053678,0.000000,-0.064970,0.028098,-0.000407,0.050068,-0.005436,-0.041254,0.002271,-0.021318,0.037194,0.084065,-0.022410,0.040129,0.026261,0.029674,-0.010688,0.008651,0.090750,-0.026079,0.050219,-0.052337,0.011551,0.066177,0.025892,0.185813,-0.009328,0.025824,-0.067763,0.022375,0.037003,-0.076207,-0.111797,0.024694,-0.027001,-0.023516,0.001594,0.072945,-0.081624,-0.062918,0.002253,0.040037,0.076405,-0.079059,0.001141,-0.023286,-0.023465,-0.026399,-0.022742,0.014988,0.061970,0.010719,0.004667,0.039354,-0.006031,0.013999,-0.101527,0.000737,0.017208,-0.042633,-0.055964,0.033409,0.035165,0.039616,-0.059555,-0.014714,-0.002198,0.008263,0.014184,-0.141596,0.050040,-0.035567,0.036334,-0.061909,-0.112103,-0.022110,-0.093233,0.015419,0.002261,0.052096,-0.018155,-0.017561,0.042470,-0.037051,0.063704,-0.012585,-0.098685,-0.017657,0.034038,-0.060894,-0.017517,0.052056,-0.074984,-0.038275,0.010795,-0.046454,-0.044565,-0.000000,0.022088,-0.090482,0.031823,0.011420,0.017340,0.008410,-0.043751,0.099810,0.065847,0.046635,0.086548,0.020328,0.004361,0.005711,0.055138,0.050831,-0.102072,-0.012297,0.003558,-0.037351,-0.000945,0.132170,0.036769,0.032234,0.004580,0.045445,0.013115,0.012694,0.022499,0.017865,-0.049760,0.017107,0.052854,0.014034,-0.008709,-0.028738,-0.010384,0.023411,-0.028209,-0.025609,-0.019816,-0.011453,-0.015770,0.003724,-0.023350,-0.010013,-0.029777,0.125179,0.035410,-0.092464,0.036200,-0.051607,0.067998,-0.015424,0.020677,0.014309,-0.040012,-0.005974,0.006915,0.024380,-0.000984,-0.049955,0.082850,0.060729
-0.029215,-0.038549,0.011025,0.009090,0.038518,0.050274,0.062574,0.002533,0.119737,-0.024533,0.058904,0.078309,-0.015471,-0.019819,0.007704,-0.026047,0.006647,-0.030687,-0.064626,-0.063845,-0.000636,-0.016644,0.004191,0.014395,0.008431,0.022903,-0.038411,-0.008504,0.115776,-0.020595,-0.043668,0.159905,0.169915,-0.027671,-0.031292,0.001691,0.017226,0.023756,0.019665,0.021916,-0.014571,-0.065609,-0.031484,0.009973,-0.039109,-0.047789,0.005579,-0.072772,0.044793,0.019167,-0.003572,0.027178,-0.042009,-0.030273,0.027227,0.016209,-0.055321,-0.044691,-0.031045,-0.046699,0.021257,-0.014964,-0.010727,0.035291,0.108871,-0.052530,-0.112254,0.062173,-0.119725,0.009992,0.050493,-0.032368,0.008816,0.044791,-0.001234,-0.010183,0.022445,0.055607,0.063638,0.051216,0.056849,0.001845,-0.040849,0.026522,-0.060075,0.010284,0.031279,-0.036481,-0.005334,0.014074,0.026007,-0.030819,-0.113794,-0.035086,-0.009967,0.008161,-0.136900,-0.066109,-0.009956,0.010303,0.009850,0.014074,-0.031311,-0.054005,-0.068922,-0.081298,-0.027149,0.035665,0.055460,0.032938,0.010651,0.007204,0.001148,-0.001415,-0.033360,-0.003141,-0.014678,-0.039199,0.089080,-0.046419,0.062555,0.074566,-0.029478,-0.014391,-0.052933,-0.071519,-0.038877,-0.000000,-0.074418,0.077420,0.047234,0.025955,-0.025728,0.056277,-0.061496,-0.039759,-0.032699,-0.046636,-0.038441,0.096904,0.038710,0.089883,0.050552,-0.061771,-0.011874,0.092606,0.108485,0.018362,0.019383,-0.038868,0.032560,0.045350,0.020368,-0.045070,-0.001306,0.009477,-0.032255,0.000961,0.122170,0.029785,-0.069383,-0.039752,-0.035112,0.057156,-0.026373,-0.042089,0.021791,0.024585,-0.049116,-0.012946,-0.023852,0.015483,-0.019811,0.044436,0.015383,-0.005965,-0.056317,0.034563,-0.025351,0.034342,0.024394,-0.043336,-0.049585,0.033336,-0.046380,-0.074716,-0.049452,0.000222,-0.070179,-0.002093,-0.063909,0.084975,-0.052758,0.080980,0.044326,0.093579,0.099508,-0.019304,0.049367,-0.049826,-0.026070,0.067340,0.003616,-0.010896,-0.030489,0.016882,0.102281,0.058720,-0.076005,-0.044016,0.032115,-0.062961,0.041784,0.050147,0.059578,-0.020079,0.049381,0.041811,-0.048194,0.007193,-0.060405,0.102480,-0.026716,0.000000,-0.004705,-0.011973,-0.015689,-0.013499,0.016605,0.019978,0.023818,-0.112995,0.010808,0.053388,-0.024406,0.033763,-0.018708,0.042088,-0.023732,-0.062197,0.001647,0.029724,0.006775,-0.038965,0.021913,0.066267,0.003706,0.019036,0.024664,0.042088,-0.164811,0.012020,-0.031271,0.018795,-0.003182,0.002117,-0.115784,-0.032506,0.001383,0.001719,0.070358,-0.048560,0.015782,-0.038204,-0.024961,-0.032557,0.014000,0.027786,-0.014244,-0.038064,0.081129,-0.048568,0.043399,-0.013415,0.032450,0.061005,-0.039773,0.018769,-0.056793,0.050254,0.026579,-0.028785,0.032628,0.011992,0.021366,0.078831,-0.036855,-0.016689,0.051878,0.015341,0.066862,-0.026771,-0.023889,-0.124703,0.077259,0.020453,-0.057102,0.025394,-0.142765,0.066367,0.084251,-0.026682,-0.021394,0.001351,-0.064360,-0.065047,-0.008925,0.006314,-0.093754,-0.078884,-0.002813,0.033524,-0.046481,0.030693,-0.172967,-0.001264,-0.163993,0.040666,-0.020789,-0.000000,-0.026582,-0.068502,-0.032408,-0.021828,0.015836,-0.076638,0.035196,0.021392,0.018605,-0.012684,0.001417,0.025780,-0.061918,0.079635,0.055215,0.038371,-0.008735,0.000465,-0.047200,-0.012413,0.089871,0.079337,0.047724,-0.027089,-0.003385,-0.013463,0.013027,0.034909,0.000828,-0.039385,0.090935,0.059664,-0.003022,0.049759,0.006925,0.006349,0.005556,0.025095,-0.028416,-0.016033,-0.082340,-0.029089,0.056283,0.024050,-0.012335,-0.033418,-0.137488,0.078287,-0.043499,-0.054734,0.021838,-0.019852,0.074021,0.004501,0.002254,0.004674,-0.011582,-0.013762,-0.015498,0.020867,-0.030975,-0.118189,0.078561,-0.027313
-0.076235,0.001522,0.013304,-0.009178,0.065583,-0.001501,0.011537,0.006265,-0.060992,-0.028412,0.043203,0.083959,-0.049686,0.062050,0.100836,-0.077107,0.015953,-0.026589,-0.020454,0.059807,-0.029535,0.010291,-0.035703,0.016084,-0.014380,0.009937,-0.066149,-0.074535,-0.006911,-0.025935,-0.015267,0.050168,0.047968,0.083237,0.130138,0.040239,0.022159,-0.027726,0.063358,-0.035304,0.008770,-0.110453,-0.078078,0.012005,0.013423,-0.036078,-0.016488,-0.038376,-0.069482,-0.000621,0.011719,0.031819,-0.010020,-0.047607,0.025593,0.027648,0.020049,-0.041063,-0.002126,0.010498,0.015188,-0.015543,-0.033334,0.077770,0.086224,0.023491,-0.076685,0.054686,-0.080543,-0.046984,0.087558,-0.000527,0.062973,0.025469,0.066797,-0.072383,0.052941,-0.013795,0.014566,0.001103,0.030394,0.024083,-0.012528,0.021241,-0.124607,-0.061305,0.027917,-0.053904,-0.063130,-0.066481,0.027539,-0.067766,0.040144,0.065888,-0.105941,-0.011191,-0.064999,-0.010999,-0.009788,-0.013261,-0.008632,0.028646,0.036894,-0.072945,-0.054820,-0.079632,-0.073806,0.015124,0.010895,0.000131,-0.049641,0.017062,-0.034008,0.009101,-0.064217,-0.030420,0.030373,-0.065366,0.085649,0.009937,0.037031,0.066866,0.011446,-0.032047,-0.068470,-0.018372,-0.006520,-0.000000,-0.121720,0.045178,0.011674,-0.049484,0.036900,-0.001261,-0.038627,-0.006282,-0.019775,-0.013922,-0.049561,0.066582,0.015337,0.182127,0.019569,0.004392,-0.104449,0.033101,0.068837,0.017962,-0.104851,-0.053820,0.020198,-0.041907,0.032119,-0.036741,-0.027156,-0.004886,0.037007,0.029564,0.082578,0.048972,0.010202,0.001926,-0.066126,0.066409,-0.030033,-0.030088,-0.010287,0.032026,-0.066279,0.003122,-0.011227,0.062515,0.026983,0.042217,0.039943,-0.014449,-0.072944,-0.020322,0.003824,0.021799,0.001720,0.001045,0.017980,-0.039423,0.068350,-0.080207,0.028603,-0.032032,0.001615,0.008373,-0.060441,-0.002736,0.000253,0.075902,0.049529,0.079437,0.002990,-0.037797,-0.011459,0.002856,-0.011549,0.062498,-0.005930,0.023712,-0.004300,0.088184,0.086314,-0.042152,-0.004583,0.022195,0.121148,-0.090487,-0.058250,0.017338,0.043228,-0.008526,0.033994,0.092232,-0.015097,0.057234,-0.039192,0.081163,-0.076267,-0.000000,-0.102331,-0.014727,-0.059200,0.019134,-0.063777,-0.008776,0.076910,-0.091439,0.027504,0.072050,0.024975,0.007884,-0.037063,0.076538,0.022062,-0.031057,-0.010274,0.046553,0.026082,-0.092780,-0.033914,-0.036190,-0.008729,0.057390,-0.004720,0.041849,-0.107592,-0.047941,0.049024,-0.034196,-0.010488,-0.065569,0.006537,0.024822,0.002798,0.010601,0.008737,0.035734,0.030781,-0.032782,-0.045365,-0.027762,-0.027401,0.038614,-0.054620,-0.044686,0.063623,-0.056506,0.008480,0.005446,0.020550,0.004670,-0.014362,-0.098810,-0.108266,0.156505,-0.025244,0.011704,-0.010786,-0.026390,0.094148,0.071348,0.022900,-0.087787,0.100280,-0.049268,0.039695,-0.067114,-0.023910,-0.031068,0.043978,-0.020668,-0.087889,-0.054758,-0.061525,-0.001024,0.001937,-0.036876,-0.072170,-0.006822,-0.049281,-0.003940,0.002160,0.009902,-0.004254,-0.097295,0.006301,-0.030593,-0.004644,0.039602,-0.100424,0.062375,-0.068773,0.044727,-0.002040,-0.000000,0.026414,-0.023875,-0.017372,0.013927,-0.026135,-0.020523,0.092192,-0.020755,-0.004355,-0.009458,-0.003648,0.018540,-0.117126,0.080361,0.003706,0.030248,0.015727,-0.011298,-0.064472,0.025294,0.032250,0.111350,0.051104,0.034162,-0.049847,0.032291,0.107578,0.061726,0.088193,-0.045956,-0.048143,0.069716,-0.019379,0.005693,-0.000094,-0.044832,0.045253,0.016915,-0.023682,0.048011,-0.010611,-0.068345,-0.008106,0.045861,0.064390,-0.007831,-0.095220,0.055765,0.002701,-0.004442,0.020145,-0.023483,0.029421,0.002177,0.009570,-0.071831,0.000960,-0.020369,0.033140,0.012359,-0.014566,-0.142674,0.125281,0.079458
-0.122098,0.016685,-0.017451,-0.021762,0.040464,0.036728,0.040100,0.036926,-0.016691,-0.009749,0.037233,-0.011021,-0.040441,0.010942,0.019224,0.048829,0.000708,0.034231,0.077079,-0.033260,-0.134709,0.005464,0.048659,0.012062,-0.104187,-0.011869,0.002507,0.055865,0.025560,-0.106575,0.021454,0.001166,0.044315,0.023949,-0.014617,-0.020050,0.011928,0.025521,-0.029785,-0.012968,-0.029873,-0.001722,0.077208,0.057899,-0.050282,-0.058505,-0.013348,-0.012959,0.005424,0.044339,0.039583,-0.039152,-0.077409,0.028662,-0.003748,0.052470,-0.104541,0.025083,0.053144,-0.114358,0.053590,0.003769,0.027172,0.022969,-0.017629,0.018006,-0.097316,0.120493,-0.100883,0.029181,-0.027822,-0.033810,-0.063008,0.018016,-0.092631,0.079220,0.014812,0.024184,0.009307,0.023075,-0.025570,0.051396,-0.065317,-0.025489,0.042894,-0.002535,-0.031129,-0.096160,0.021103,-0.020308,0.030742,0.009910,-0.020538,-0.079533,0.000756,0.009145,0.040785,0.017111,-0.090232,0.065834,0.008538,0.020218,-0.072491,-0.021305,0.057814,0.001936,-0.002683,-0.004457,0.017401,-0.084619,0.053994,0.010856,-0.080993,0.021095,-0.015003,-0.078044,0.009703,0.003601,0.053014,-0.081754,0.047310,0.037348,-0.088220,-0.032544,-0.035267,0.097274,-0.093047,-0.000000,0.015172,0.118140,-0.061807,0.046697,0.085246,0.033468,-0.038088,-0.013060,-0.034197,-0.015291,-0.075438,0.029844,-0.050181,0.086480,-0.070675,-0.036300,-0.057084,0.095206,-0.020803,-0.016413,-0.028167,0.026616,-0.008872,0.050762,0.052338,-0.025548,0.060610,-0.021999,-0.011747,0.017099,0.056014,-0.032335,-0.022870,0.031677,-0.000453,-0.023647,-0.105098,-0.121175,0.036850,0.001902,0.021354,0.039775,-0.042824,0.014053,0.051992,0.003631,0.049144,0.019305,0.062538,-0.037188,-0.053635,-0.026494,-0.071913,-0.017520,-0.119401,-0.073268,0.006173,0.027163,0.031045,0.012083,-0.024306,-0.003580,-0.025770,-0.031262,0.035100,0.038986,0.084554,-0.065199,0.022638,-0.032303,-0.020200,0.036474,-0.015796,0.169572,0.048063,-0.066729,0.041616,-0.047520,0.046683,-0.021219,-0.049865,-0.045155,0.047659,-0.055175,-0.036950,-0.106746,0.069006,-0.039082,0.002875,-0.076855,0.016055,-0.005522,0.041044,0.092432,0.017803,0.000000,-0.001101,-0.050123,0.111887,0.023309,0.113098,0.077619,0.079708,-0.056871,0.059562,-0.037978,0.059355,0.015726,-0.003524,0.005885,-0.012240,0.038533,-0.037976,-0.090656,0.039360,-0.060260,0.068818,0.047963,0.005722,0.010487,0.053579,0.033888,-0.098846,0.048068,-0.097117,0.027604,-0.073299,-0.006036,-0.022204,0.004368,0.009974,-0.062231,0.077485,0.052455,-0.004358,-0.037707,-0.019519,-0.051266,-0.003453,0.081268,-0.017197,-0.065530,0.031566,-0.021951,-0.028192,0.008523,0.009165,-0.040614,-0.051894,0.008773,-0.006860,0.003949,0.004913,-0.015097,0.012472,-0.004331,-0.014029,0.013153,0.015858,-0.041200,0.065072,-0.060091,0.046458,-0.033319,-0.033876,0.013446,0.052970,-0.064045,-0.019037,0.034933,0.035300,-0.059533,0.187031,-0.011002,0.046840,0.062575,-0.063461,0.042025,-0.025709,0.028796,0.131480,0.044179,-0.032761,0.073315,-0.012457,0.062508,-0.044407,0.043525,-0.031976,-0.002525,-0.018200,-0.000000,0.050991,-0.028285,-0.108068,0.000621,0.040182,-0.088909,-0.045682,-0.054929,-0.037918,-0.014811,0.021054,0.011705,0.004534,0.034019,-0.046859,0.006406,-0.070734,0.087241,-0.052523,-0.012208,-0.019214,0.090587,0.057261,-0.006448,-0.041797,0.024850,-0.071982,-0.053336,0.063033,0.041294,0.036395,-0.015361,-0.012987,0.011759,-0.022656,0.034664,-0.082360,-0.023594,0.015370,0.049582,0.090236,-0.052007,0.048434,0.017073,0.028049,0.026081,0.051236,0.014188,-0.057075,0.061153,0.055807,-0.093316,0.040805,-0.042238,-0.026873,0.020684,-0.029182,0.069725,0.061743,-0.010510,0.041411,-0.054087,0.004500,0.044462
-0.018014,-0.054712,-0.010929,-0.022433,0.032773,0.008512,-0.029099,-0.112290,-0.037353,-0.059245,0.024121,0.126078,0.022152,0.036997,0.005085,-0.033684,-0.006845,-0.043637,-0.044066,0.042956,-0.040258,0.059494,0.045806,0.038301,-0.034556,0.070770,0.057631,0.001664,0.023822,-0.096986,-0.013115,0.004474,-0.021565,-0.017965,-0.042135,0.052220,0.003403,-0.020756,0.003826,0.014524,-0.029408,-0.069360,-0.025359,-0.035218,-0.033698,0.074959,-0.010899,-0.030635,-0.081961,-0.030334,0.014202,0.015550,0.032670,-0.044993,0.064456,0.075882,0.029493,0.016148,0.074691,-0.041294,0.011659,0.084131,-0.056399,0.043243,0.031911,-0.041277,-0.054223,0.013077,-0.024003,0.016785,-0.033867,0.053520,0.007866,0.054572,0.017715,0.067504,-0.016636,0.049110,0.061188,0.005595,0.047946,-0.012870,0.018104,-0.064524,0.014519,-0.023949,-0.009698,-0.039558,0.031873,0.016357,-0.046755,0.006396,0.092386,-0.010057,-0.000458,0.071464,0.002539,0.048813,0.026641,0.022620,-0.033241,0.095962,-0.015189,-0.061039,0.017454,-0.029809,0.024567,-0.008783,0.012121,0.006176,-0.028014,-0.026579,-0.056865,0.106790,-0.008058,-0.033803,-0.014948,0.018476,0.001622,0.005864,0.059455,0.035897,0.016789,0.011554,-0.004687,0.013653,0.019357,-0.000000,0.059663,-0.000347,0.032446,0.045430,-0.066953,0.044806,-0.081075,0.012651,0.019216,-0.004834,0.060702,0.029656,-0.005296,0.058110,0.064582,-0.006958,-0.041041,0.092289,0.019302,0.014323,0.062846,-0.044828,-0.025008,-0.029639,0.048830,-0.035415,0.052360,0.042906,-0.058039,-0.036208,0.001829,0.066664,-0.081446,0.027999,-0.020204,0.006278,0.056977,-0.037573,0.020206,0.009942,-0.026583,0.013040,-0.062625,-0.041086,0.057770,0.028715,0.011858,-0.037609,-0.178813,0.038445,0.021967,0.061031,0.018878,-0.044111,-0.042956,-0.001126,-0.041770,0.009126,-0.005380,-0.012987,0.043785,-0.016503,-0.082483,-0.001635,0.022806,0.144302,0.008045,0.023116,-0.072927,-0.003755,-0.028672,0.012785,-0.042000,0.024047,-0.057221,-0.051494,-0.030593,-0.007890,0.062831,-0.025848,-0.072599,-0.000645,0.008686,-0.030148,-0.050888,-0.020074,0.099186,0.038273,-0.030925,0.091297,0.019214,0.023477,0.008959,0.060277,0.006443,0.000000,-0.079492,0.028456,-0.005716,0.050484,0.026358,0.032643,0.028405,-0.042650,-0.007608,0.009797,0.071088,-0.024997,-0.052767,0.047024,-0.058188,-0.025114,0.016312,-0.007922,0.012114,-0.001100,0.052162,0.012934,-0.051549,-0.025831,-0.008934,0.018972,-0.098913,-0.011723,-0.085926,-0.000548,0.046095,-0.038665,-0.136247,-0.077482,0.005865,-0.044664,-0.021146,-0.016171,0.066067,-0.012560,-0.008746,-0.032942,-0.175845,0.011986,0.025761,-0.013142,0.049505,0.019412,-0.106681,0.023396,0.032435,-0.026677,-0.157248,-0.075380,-0.085806,0.118265,0.055604,-0.026937,-0.052090,-0.036291,0.002083,0.048021,0.004518,-0.022969,0.025927,0.030296,0.086384,-0.040938,-0.004418,0.053791,-0.020220,-0.119039,-0.079571,0.052692,0.005785,-0.075199,0.048513,-0.124865,-0.010641,0.026883,-0.005121,-0.059344,0.025778,-0.002976,-0.082810,-0.004197,-0.094669,0.005996,0.051963,0.046223,-0.113733,-0.031420,-0.043550,-0.050265,-0.001263,-0.000000,-0.004316,0.030001,0.001810,0.137107,-0.000975,-0.003461,0.114704,-0.057279,0.029410,-0.061735,0.060637,-0.031644,0.019536,-0.021145,0.008497,0.038799,0.013067,-0.048436,-0.057691,0.070650,0.009227,0.112026,-0.023150,0.063315,-0.007666,0.021837,-0.079190,0.132308,-0.005248,0.001568,0.077972,0.020063,0.029097,-0.006260,-0.025513,-0.057837,0.026309,-0.043449,0.098262,-0.079308,-0.011113,-0.021582,0.062703,0.185660,-0.039345,0.019874,-0.084555,0.065993,-0.043921,-0.080751,-0.046250,0.032868,0.022020,0.047701,0.173875,-0.008846,-0.015078,-0.016053,-0.040625,0.005227,0.057978,-0.035669,0.033599,0.018831
-0.080653,-0.008872,-0.017696,-0.000769,-0.002576,-0.016584,0.084843,-0.028301,-0.040075,-0.053254,0.047534,0.055072,-0.016066,0.058852,0.060588,0.098057,-0.010875,0.035086,-0.054123,0.049673,-0.093586,-0.043393,-0.024449,0.032727,0.075880,-0.048727,0.040119,0.107011,-0.038152,-0.080059,-0.083309,0.046436,0.087705,0.000804,0.063840,-0.009015,-0.021507,-0.017322,0.025298,0.019030,-0.036323,-0.050721,-0.017600,-0.014062,-0.003231,0.053930,-0.054929,-0.005804,0.017037,-0.040123,0.008220,-0.015079,-0.003943,0.062698,0.096982,0.042096,0.016890,-0.026975,0.006821,0.024536,0.029994,-0.029200,-0.051234,0.092468,0.050340,-0.104215,-0.040899,-0.062828,0.050260,0.061074,-0.035904,0.051413,0.093590,-0.086741,-0.000530,0.026743,-0.050886,-0.005598,-0.006132,-0.001811,0.002629,-0.039434,-0.024532,-0.047503,-0.043403,0.018687,0.098931,-0.022226,0.028242,0.013725,0.036500,-0.015267,0.049301,0.012953,-0.001873,-0.099359,-0.015032,-0.082850,-0.064022,0.028250,0.012485,0.001581,-0.055486,-0.007153,0.009984,0.012481,-0.073782,0.033998,-0.005008,-0.000531,-0.038397,-0.023575,0.001445,-0.014933,0.020229,-0.051000,-0.071655,-0.020870,0.036447,-0.054467,-0.001268,0.058229,0.048008,0.064539,0.040888,-0.108648,0.010477,-0.000000,0.031505,-0.044534,-0.019582,0.083916,-0.025147,0.008317,-0.041585,-0.047575,-0.023310,-0.096815,-0.045409,-0.039698,0.016261,0.013232,-0.033150,0.035822,0.034896,0.082606,0.041130,-0.014549,0.073322,0.040088,-0.008672,-0.106810,-0.039569,-0.030892,0.044648,-0.021913,0.111316,0.040235,-0.056494,-0.035525,-0.162490,0.003710,-0.028567,0.024730,-0.047956,0.020441,0.017006,-0.047915,-0.025141,0.049325,-0.050208,0.045839,-0.085656,-0.010036,0.022996,0.005809,-0.097116,0.055688,-0.035850,-0.037365,-0.049849,-0.056109,-0.007808,0.023862,-0.003407,-0.011368,0.020934,0.020873,-0.029466,0.013778,0.065199,-0.034098,-0.056860,0.019623,0.028897,-0.004724,-0.002067,-0.019861,-0.062206,0.066183,-0.085621,0.047933,0.018147,0.035885,0.054814,0.095488,-0.013735,-0.105757,0.041272,0.026128,-0.030709,0.110118,0.043257,0.021241,0.066441,-0.058497,0.019237,0.017449,-0.118815,0.002703,0.073047,-0.112013,-0.062850,-0.000000,-0.051982,-0.066466,-0.034182,-0.025516,-0.002688,0.045942,0.051312,0.002941,-0.106098,0.087266,0.039732,-0.077838,-0.023321,-0.084731,0.075352,0.022807,-0.021247,-0.017122,-0.017553,-0.001827,-0.090474,0.033131,0.012886,-0.082814,-0.052308,0.063226,0.099253,0.045405,-0.014830,-0.007234,0.076545,-0.011070,0.012592,0.034954,0.022957,0.024558,0.071502,0.024384,0.054448,0.080497,-0.008235,-0.049780,0.017719,0.226294,0.004648,-0.045564,0.059771,-0.004846,0.052211,0.003909,-0.045185,0.067385,0.012297,0.026460,-0.021675,0.063058,-0.063591,-0.023861,0.055991,-0.051123,0.027918,-0.036375,0.001712,-0.044138,0.090527,0.015084,0.004499,-0.038972,0.070825,0.002765,0.002159,-0.056432,-0.027333,0.036812,0.035525,-0.017375,0.094152,-0.088331,-0.013731,-0.069248,-0.004085,-0.059535,-0.006692,-0.024037,0.052702,-0.046061,-0.013163,-0.009619,0.033532,-0.062177,-0.017532,0.032068,0.035182,-0.059327,0.003996,-0.000000,-0.015957,0.054345,-0.047610,0.032993,-0.021557,0.042764,0.004860,-0.048151,-0.022923,0.054195,0.080044,-0.053280,0.087394,-0.001481,-0.004648,0.030930,0.040571,-0.061776,-0.042574,0.021422,0.070693,0.052550,0.017799,0.087439,0.002814,-0.040735,0.067317,-0.011798,-0.061479,-0.003206,-0.026628,0.068086,-0.041853,0.054159,0.096513,-0.083337,-0.004634,0.016547,0.002083,-0.041675,0.011865,-0.123673,0.057478,0.102340,0.002352,-0.045777,0.001335,-0.097857,-0.014319,-0.049760,-0.079855,-0.007487,-0.032672,0.001536,0.045938,0.059515,-0.001592,0.016247,-0.028640,0.011585,0.038538,-0.069465,0.064367,-0.050377
0.055308,-0.015583,0.024330,-0.050959,0.026465,0.067403,0.017645,-0.119244,-0.087128,-0.021235,-0.032211,0.093987,0.005060,0.020388,0.032735,0.062213,0.012655,-0.105824,0.018911,0.018728,-0.051780,0.041249,0.051338,-0.030622,-0.020218,-0.012494,0.001369,0.001091,0.087744,0.005739,0.090301,-0.016284,0.019131,0.008959,0.044599,0.102477,0.028117,-0.062263,0.031481,-0.049000,0.067532,-0.106538,-0.058583,-0.029640,-0.004433,0.041732,0.075430,-0.076872,-0.047574,-0.013049,-0.012653,-0.019888,0.051368,-0.103261,0.035542,-0.022293,-0.030297,0.005079,0.001839,-0.081006,-0.073122,0.072708,-0.086780,-0.009004,0.007610,-0.060349,-0.033493,0.055713,0.011324,0.035280,-0.060153,-0.080037,0.002750,0.024750,-0.074852,0.032502,0.067188,0.064685,0.090857,-0.000743,0.043663,-0.052979,-0.011252,-0.064297,-0.016905,-0.050404,-0.022184,-0.074505,-0.018387,-0.054587,-0.034896,0.012141,0.029814,0.060372,0.088439,0.015099,0.026343,0.021471,0.031554,0.065119,-0.087470,0.108533,-0.095357,-0.095248,-0.036779,-0.076932,-0.029516,0.025307,0.013855,-0.036269,0.055628,0.015985,0.036261,0.015194,-0.003858,-0.009063,-0.092007,0.023140,0.015692,0.025061,-0.033028,0.064994,-0.035566,-0.007268,0.027414,-0.014851,-0.050762,-0.000000,-0.048755,-0.032831,0.014085,0.057413,-0.008135,0.020978,-0.046232,-0.012527,0.020592,-0.043897,0.050346,-0.022731,0.059615,-0.052388,-0.037718,-0.113699,0.003239,0.054899,-0.060762,-0.020767,-0.011950,0.028590,0.055245,0.019658,0.084006,-0.004312,0.097606,0.002297,0.099918,0.016775,0.043016,0.071258,-0.174990,0.002121,-0.108755,0.041128,-0.077016,-0.096083,-0.018572,0.024491,-0.036271,0.002642,-0.049833,-0.044174,-0.015387,-0.043023,-0.006016,-0.002319,0.005598,-0.011912,0.085883,-0.009188,-0.046712,-0.070794,0.034711,-0.016027,-0.030011,0.039133,0.033029,-0.061920,0.022214,-0.018742,-0.061475,-0.038801,-0.002492,0.021032,0.057888,-0.046099,-0.062644,0.051970,0.019724,0.019837,0.011003,0.045638,-0.116515,0.041514,-0.033619,-0.040409,0.112887,0.074594,0.015516,0.024250,0.013084,-0.073335,0.152719,-0.050519,0.057457,-0.108801,-0.026399,-0.029638,0.003236,-0.038822,-0.000820,0.072358,0.021023,0.000000,-0.044153,0.034596,-0.035167,0.014997,0.003765,0.024173,0.108988,-0.088863,0.012468,0.090701,0.026412,0.016986,-0.015568,0.046788,-0.068829,-0.057744,0.073853,-0.034985,0.069442,0.004988,0.017716,0.057887,0.035667,0.074403,0.003593,0.011737,-0.007776,-0.074593,-0.102784,-0.065444,-0.032303,-0.053944,-0.145221,-0.017613,0.071251,0.021492,-0.005773,-0.029309,0.005421,0.076755,0.004042,-0.070931,-0.018364,0.003885,-0.043440,-0.062852,0.046560,0.004575,-0.011377,-0.012241,-0.014254,0.001432,-0.072614,-0.008805,-0.026930,0.009294,0.009052,-0.049944,0.008675,0.012438,-0.022712,0.062164,0.011894,-0.015861,0.094225,0.041477,-0.079525,-0.026639,0.012337,0.045713,0.095215,-0.050947,-0.061100,0.036681,-0.035841,0.027562,0.058227,-0.075607,0.006884,-0.025516,0.070667,-0.055027,0.010131,-0.036933,0.036034,-0.032521,0.001189,0.049679,0.060338,0.040977,-0.037062,-0.071867,0.044668,-0.021243,0.083013,-0.000000,-0.004165,-0.050522,-0.046603,-0.007993,0.031552,0.017972,-0.004478,-0.048266,0.009268,0.018555,0.083747,-0.021113,-0.043052,-0.052487,0.046036,0.023234,0.012989,-0.002684,-0.041957,0.017094,-0.048760,0.053703,-0.000209,0.088174,-0.071929,0.020159,-0.068494,0.038923,-0.013782,0.021730,0.010171,0.012282,0.028194,0.020697,-0.025608,-0.001432,-0.049004,0.019612,0.039161,-0.040378,0.009880,-0.007746,0.004133,0.105360,-0.050454,0.066648,-0.103162,0.119377,-0.027423,-0.043167,0.030696,-0.017000,0.019680,0.066204,0.055985,0.018773,-0.095814,0.003831,0.025039,0.035206,0.037765,0.002710,0.053927,0.057367
0.008702,-0.059202,0.007521,-0.032292,0.077236,0.055978,0.066868,-0.052242,0.001275,0.006284,-0.043275,0.026516,-0.024886,0.041618,0.018239,-0.018604,0.065480,-0.087903,-0.024919,0.030745,0.069802,0.054559,0.065180,0.038094,-0.074203,-0.023307,-0.024343,0.009352,0.013688,-0.016858,-0.003740,-0.036000,0.069223,-0.052812,0.024823,-0.038612,0.064857,-0.068686,0.049135,-0.021680,0.021383,-0.143958,-0.035178,0.085457,-0.040663,0.021503,-0.004151,-0.000013,-0.074542,0.024091,0.018936,0.044195,0.038333,-0.053870,0.028709,-0.048961,0.030803,-0.118607,0.053383,-0.018021,-0.014235,-0.035795,-0.030369,0.033927,0.029964,-0.025108,-0.041140,0.002557,0.022277,-0.046360,-0.052554,-0.008757,-0.032323,0.096895,0.008619,0.023101,0.022023,0.010375,0.110193,-0.044144,0.050262,-0.045409,0.058381,-0.061701,0.010432,0.015594,-0.097223,0.055911,-0.054866,0.011928,-0.012634,-0.080434,0.130691,0.020011,-0.008034,0.038002,-0.020028,0.009066,-0.040969,0.014155,0.014666,0.026774,-0.078637,0.019638,-0.056315,0.008348,-0.006268,-0.007508,0.092140,0.076960,-0.021295,-0.037908,-0.032232,0.019462,-0.071242,-0.021136,0.031309,-0.042149,0.072995,-0.067286,-0.101427,0.037088,-0.068188,-0.089940,0.089073,-0.058237,-0.060046,-0.000000,-0.034746,0.063788,0.047434,-0.021435,-0.077045,0.012935,-0.048187,-0.027906,-0.089256,-0.022862,-0.021103,-0.050257,0.003985,0.026506,0.053952,-0.057816,0.045723,0.067525,-0.028217,0.039284,0.055769,-0.060702,0.000199,-0.001797,-0.015791,-0.013265,-0.104406,0.073223,0.024172,0.021787,0.006676,0.044866,-0.010474,-0.005620,-0.019617,0.002820,-0.043955,0.039545,-0.026765,-0.017187,0.039999,0.039600,-0.093611,0.049130,0.145956,0.054926,-0.032960,0.026697,-0.003970,-0.016191,0.024481,0.079618,-0.023146,-0.053986,-0.001475,0.030623,-0.027044,-0.039963,-0.016514,-0.022318,-0.071946,0.059316,-0.061408,-0.021500,-0.027459,-0.026283,-0.007531,0.015724,-0.055669,-0.017524,-0.041466,0.008145,0.013872,0.072327,-0.008872,-0.008069,0.027246,0.052102,0.056704,-0.076618,-0.084281,-0.012381,0.010376,0.029924,0.083094,-0.060888,0.038252,0.048930,-0.005880,0.012773,-0.092123,0.022136,0.010521,0.096578,0.020121,0.000000,-0.035569,-0.025361,0.005295,0.024146,0.016788,-0.005803,0.023361,-0.022324,0.052978,0.032985,0.001812,-0.049032,0.060017,0.023368,-0.013467,-0.031651,0.007623,-0.048155,0.022101,-0.038050,0.041908,-0.000545,0.003484,0.084442,0.024563,0.007328,-0.040550,-0.013037,0.027233,-0.069899,-0.074408,0.024068,-0.082240,0.116181,-0.017804,-0.026261,0.031435,0.040205,-0.002764,-0.005162,0.030793,0.004909,-0.112090,0.106596,-0.038240,-0.006892,0.089065,0.035378,-0.106122,-0.027853,-0.053546,0.036072,-0.127728,-0.016575,-0.014929,0.057503,0.009852,-0.033444,0.050113,0.021112,0.012615,0.126357,0.020888,0.001508,0.084203,-0.026757,0.067720,0.049149,0.047156,-0.019528,0.072454,-0.047484,-0.122636,0.030268,0.096858,0.018092,0.004757,-0.100027,-0.060043,-0.002192,0.024478,-0.005351,-0.048693,0.026576,0.084557,-0.016131,0.031171,-0.084292,0.057772,0.001792,-0.106093,0.007800,-0.032968,-0.073735,-0.049707,-0.000000,-0.003920,-0.020856,-0.000535,0.045423,-0.076059,0.070133,-0.031944,-0.017735,0.023943,-0.018041,0.056215,-0.004707,-0.027321,-0.043099,0.049314,-0.009738,0.044605,0.186999,-0.043293,0.038950,-0.073652,0.072624,0.013660,0.018935,-0.024852,-0.011742,-0.011445,0.060376,-0.019779,0.058105,0.030273,-0.021807,-0.049898,0.002538,-0.019633,-0.136294,-0.067924,-0.027073,0.039075,-0.051023,-0.073624,0.028908,0.010290,0.072839,-0.028130,-0.023452,-0.088108,0.036388,-0.017827,-0.014303,-0.002173,-0.121460,0.059153,0.006562,0.094589,0.061819,-0.042134,-0.050609,-0.090270,-0.022695,0.069610,0.018978,0.068280,-0.003222
0.082729,-0.020830,-0.003160,0.042461,0.049539,0.013388,-0.052989,-0.080390,-0.034322,-0.026370,-0.023964,-0.055764,0.034370,0.074470,-0.026901,0.000613,-0.059997,0.004556,0.025668,-0.050115,-0.027504,-0.042970,0.043157,-0.048698,0.073885,-0.120425,-0.010373,-0.038862,-0.011465,-0.004902,-0.101692,0.001294,-0.036892,0.099140,0.036139,-0.063783,0.027487,-0.027822,0.013528,-0.019767,0.010805,-0.023069,0.038154,0.017857,0.054429,0.010543,0.036810,-0.022505,-0.083419,-0.022806,0.153997,0.022497,-0.057590,0.067106,0.086197,0.064851,-0.036038,-0.053344,0.043163,0.056272,-0.003470,-0.010475,-0.035808,0.016859,0.002386,0.011316,-0.052049,0.103773,-0.096082,0.022492,0.003944,-0.064401,-0.077551,0.013749,0.063671,-0.008188,-0.005036,-0.022478,-0.074094,-0.080244,-0.004337,0.014462,0.010176,-0.031977,0.097240,-0.029684,-0.060816,0.016656,-0.030672,0.017469,-0.034702,0.035096,0.077321,0.045724,0.027747,0.050039,0.082742,0.006674,0.014513,-0.009809,0.067225,0.010732,0.046425,-0.013680,-0.045700,0.020739,-0.050213,0.020666,0.013180,0.018984,-0.023674,-0.002432,-0.094431,-0.016069,-0.054213,-0.018360,-0.020579,-0.021931,0.048676,-0.053195,-0.051591,-0.003600,-0.062486,-0.025467,0.010298,0.004399,-0.086663,-0.000000,-0.044703,-0.051578,0.032307,0.055640,-0.072275,0.014006,0.027660,0.000462,-0.035475,0.001308,-0.059502,0.057200,-0.020639,0.092411,0.058254,-0.031349,-0.005575,0.036573,-0.024054,0.043435,0.028766,0.052420,-0.001009,0.033728,0.001968,0.034151,-0.090062,-0.019737,0.002130,0.015232,0.001129,0.050257,0.041473,-0.021233,-0.003596,0.074623,0.067975,0.029903,-0.072636,0.061379,0.011456,0.006918,-0.003619,0.024952,0.068717,-0.016619,-0.016280,0.034987,0.040147,0.011676,-0.088895,0.021215,-0.013004,-0.113501,0.061813,0.039955,-0.073610,-0.003006,0.001293,0.054406,-0.090140,0.027530,-0.031101,0.032472,0.074833,0.092545,-0.007161,0.006602,-0.082071,0.020363,-0.065565,0.001958,0.057017,0.050404,-0.016995,0.065952,-0.033720,0.012578,-0.002011,-0.040639,-0.047405,0.007691,0.022282,0.044689,0.005853,-0.016543,-0.014808,-0.005700,0.053207,-0.023748,-0.202562,-0.018276,0.101782,-0.041805,-0.028252,-0.000000,-0.010124,0.024388,0.018313,-0.030191,0.010749,-0.002967,0.024189,-0.002951,-0.002067,0.044098,0.034069,-0.018528,0.103325,0.012552,-0.056657,-0.010420,0.033601,0.024130,-0.068103,-0.021934,-0.011296,-0.055848,-0.002643,0.057910,-0.018369,0.033495,-0.037575,-0.151757,0.014135,-0.032720,-0.076188,0.032368,-0.002066,0.123348,-0.073354,0.013793,-0.090434,0.044527,0.030915,-0.051795,0.005272,-0.039671,0.006139,0.116799,-0.018900,0.014677,-0.023058,0.073593,-0.043426,0.003618,-0.004698,0.039473,-0.045633,-0.060162,-0.016088,0.017875,0.052179,0.015665,0.076555,-0.064196,0.017492,0.106081,0.027295,0.028624,0.020141,-0.018277,-0.029126,0.122154,0.097745,-0.019364,0.093337,0.017608,-0.105659,-0.023744,-0.007998,0.071616,-0.012268,0.032636,0.013178,0.023696,0.033171,0.041631,0.028984,0.033739,-0.014365,0.020947,-0.030770,-0.067649,0.107200,0.030348,-0.148271,-0.014303,0.011056,-0.072533,-0.060707,-0.000000,-0.023811,0.018907,-0.046053,0.005869,-0.102408,-0.045292,0.009145,0.065063,0.036444,0.078207,0.047264,0.000114,0.006753,-0.052556,-0.027452,-0.026563,-0.066953,0.123654,-0.011049,-0.039991,-0.078756,0.073645,-0.029459,-0.037689,0.063255,-0.005400,-0.032014,0.018791,0.016139,0.004171,-0.012836,-0.052718,-0.066655,-0.052999,-0.023438,0.020430,-0.018949,-0.066703,0.013699,-0.131188,-0.011222,0.022262,0.038199,-0.002725,0.021321,-0.155890,-0.031910,-0.015853,0.062035,0.002125,-0.115968,-0.038102,-0.029828,-0.049447,0.063885,0.056651,0.055675,-0.092735,0.006424,0.005928,-0.022328,-0.054677,0.093108,0.037693
-0.073557,-0.032000,0.005954,0.084696,0.091277,-0.017795,0.062333,0.039127,0.056027,0.050111,-0.067790,0.063876,-0.032200,0.129052,0.045940,0.069814,0.021294,-0.085168,-0.010509,0.056538,0.016788,-0.040882,0.014983,-0.012883,0.010170,-0.028022,0.001684,0.030839,-0.091447,0.062824,-0.027195,0.006729,0.027239,-0.012310,-0.032502,0.075481,0.032940,0.027797,-0.008230,-0.020554,-0.036676,-0.038260,0.037163,0.036862,0.005209,0.001014,0.000396,0.008791,-0.070169,0.013991,0.011187,-0.025194,-0.010538,-0.056852,0.063038,0.110940,0.002911,0.034983,0.053101,0.009354,-0.003329,-0.002320,-0.033028,0.021634,-0.047723,-0.018942,0.013245,0.042459,-0.055931,-0.040140,-0.035268,0.021684,-0.023213,0.090181,-0.002096,0.052054,0.035960,0.042240,0.077654,-0.017549,0.061337,-0.001769,-0.049445,-0.078957,0.016591,0.039486,-0.033013,-0.033709,0.016147,0.025308,-0.013417,-0.078747,0.044082,0.090139,-0.040322,0.015445,-0.027916,0.056751,-0.008845,0.119842,0.038250,0.098966,-0.086465,0.007996,0.014360,-0.047043,-0.007485,0.001354,-0.110255,-0.025033,0.013744,0.019682,-0.011351,-0.051165,-0.063472,-0.050091,-0.040675,0.002903,0.092517,-0.083780,-0.039758,0.055698,-0.112331,-0.007504,0.020602,-0.093397,-0.083130,-0.000000,-0.026884,-0.009944,0.035088,-0.053030,-0.058463,0.001341,0.006380,-0.038388,-0.014642,-0.033099,0.030599,-0.008693,0.005167,-0.027441,-0.021293,-0.024139,0.026657,0.096570,0.029173,0.011993,0.012609,-0.083202,0.010990,0.006780,0.066670,0.021422,0.035347,-0.053630,-0.041827,0.037482,-0.027362,0.026331,-0.088585,-0.028440,-0.080915,0.041467,-0.009704,-0.049278,-0.005762,0.019612,0.042121,0.108471,-0.089192,-0.020396,0.067564,0.079286,0.066422,0.018424,0.058328,-0.011735,0.088516,0.017068,-0.060035,-0.098071,-0.046359,-0.025640,0.000769,-0.035223,0.023771,-0.017461,0.011811,-0.003047,0.006992,-0.123222,-0.131616,-0.030129,0.076152,0.000359,-0.068084,-0.029705,0.012650,0.050757,0.024588,0.004361,-0.011984,0.053787,0.115511,0.013172,0.051348,-0.003805,-0.003208,-0.055647,0.024649,0.000764,-0.019761,-0.033286,0.083483,0.031690,-0.061522,0.005594,-0.100052,-0.028646,-0.041533,0.063107,0.006732,0.000000,-0.019133,-0.050173,-0.017188,0.006083,0.007883,-0.035036,0.064693,0.050652,0.009060,0.017583,-0.014500,0.017496,0.066511,0.023991,0.022030,-0.060908,0.017000,-0.060777,0.058700,0.026764,0.010120,0.051366,-0.064011,0.048009,0.040164,0.041187,0.033299,-0.042180,-0.049926,-0.064869,0.031112,0.013450,-0.077967,-0.015654,0.049467,0.052582,-0.027325,-0.074290,-0.005805,0.060761,0.069658,-0.030909,-0.095553,0.037356,-0.117317,-0.031040,0.155401,0.087046,0.031132,0.053249,-0.022956,0.034809,-0.008599,0.027932,-0.009650,0.042425,0.015077,-0.107513,0.072596,0.052052,-0.038154,0.043278,0.000662,-0.087623,0.009783,0.025804,-0.014418,-0.042882,0.051327,0.036413,0.102243,0.005811,-0.132054,-0.019384,0.068848,0.072654,0.041827,0.016127,-0.035317,0.052711,-0.001319,-0.008887,0.024772,0.041107,-0.004060,-0.062033,0.075427,-0.048559,-0.001035,-0.029371,-0.105192,-0.080982,0.011178,-0.001286,-0.029794,-0.000000,0.028824,-0.049377,0.065159,0.057847,-0.017795,0.011351,0.047336,0.044164,-0.038258,0.076838,0.040355,0.019481,-0.001420,-0.015587,0.117357,-0.019456,0.017597,-0.077874,-0.103037,-0.000621,-0.031780,0.076286,0.001365,-0.059095,-0.013607,-0.055861,-0.118619,0.040591,-0.033262,-0.016730,-0.019150,0.022634,-0.098449,-0.097222,-0.075017,-0.074290,0.001539,-0.011396,0.016313,-0.099419,-0.019268,-0.064187,-0.063949,0.085455,-0.022876,-0.008916,-0.099163,-0.044202,-0.053247,-0.025885,-0.022409,-0.012720,0.002360,-0.023339,0.015357,0.077774,-0.049840,-0.069749,0.008839,-0.005102,0.025100,-0.036679,0.054447,0.048053
0.054854,0.060854,-0.009961,-0.015366,-0.070739,-0.013257,0.046710,0.035152,-0.018249,0.007287,0.102739,0.020380,0.013759,0.024390,0.048514,0.027228,0.052349,-0.020352,-0.007638,-0.032766,-0.022843,0.038666,0.006734,-0.021352,0.080736,-0.031513,-0.004226,0.042907,0.130736,-0.088501,-0.010314,0.041791,0.011536,-0.049688,-0.052362,-0.033610,-0.050142,-0.027113,0.015027,0.041659,-0.042895,-0.036766,0.049211,0.048519,-0.014153,-0.016063,-0.004507,-0.020339,0.027886,0.002884,0.025058,-0.025648,-0.109079,-0.035689,0.125590,-0.031964,-0.007055,-0.002861,0.024281,0.114355,-0.035285,-0.016179,-0.124594,0.028934,0.013845,-0.000909,-0.023579,-0.028406,0.005505,-0.033743,-0.060447,-0.008235,0.001536,-0.066836,0.049458,0.012823,0.032720,0.010623,0.047201,0.015676,0.017982,-0.029789,-0.011952,-0.041468,0.032269,0.059879,0.087365,-0.017014,-0.027888,0.015815,-0.013545,-0.041804,0.038702,0.091329,-0.072055,-0.025814,0.013339,0.016780,-0.033895,0.170055,-0.046736,0.052692,0.020754,0.035479,-0.021582,-0.064021,0.015834,-0.004069,-0.043772,-0.025361,-0.030900,-0.026527,0.088780,0.077351,0.001021,0.056654,-0.166021,0.062997,0.072616,-0.031471,0.037641,0.080710,0.062888,-0.015999,-0.126306,-0.048733,0.045787,-0.000000,0.014107,-0.072656,0.107851,-0.064136,0.027509,-0.083941,0.018349,0.005316,-0.035386,-0.072334,-0.119384,-0.055502,-0.060279,-0.030817,0.069068,0.061448,-0.001539,0.042002,-0.093204,0.004169,0.001042,-0.001598,0.009862,-0.013920,-0.043932,0.026012,0.027231,-0.059449,0.036555,0.072482,-0.004767,0.036652,-0.029758,-0.027817,-0.032975,0.008842,0.013050,-0.103817,0.058448,0.039833,-0.015319,0.008811,-0.069540,-0.049112,-0.039175,0.017799,-0.004936,-0.003096,0.048966,0.053582,0.037168,0.001460,-0.030041,-0.066506,0.034205,-0.017870,0.010832,0.007486,0.026914,0.042303,0.010087,0.016287,0.006770,0.038658,-0.035623,-0.002987,-0.001064,-0.027917,-0.056035,0.015942,-0.042735,0.039050,0.026940,0.096867,-0.035909,0.009109,0.018253,0.011121,-0.032071,0.022876,-0.057350,-0.009713,0.027082,0.090089,-0.001044,0.054394,0.061501,0.038073,-0.034142,0.015475,-0.025737,0.003196,0.000595,-0.006813,-0.096438,-0.000000,-0.088436,-0.005578,-0.018996,0.057393,-0.012524,0.025163,0.040032,0.020324,-0.014746,0.085124,0.089518,-0.070200,-0.078345,-0.018430,0.012319,0.113805,0.023842,-0.056808,0.013333,0.054412,-0.019816,-0.042540,-0.078966,0.069395,-0.024919,0.041522,0.007247,-0.030045,-0.092431,0.033562,-0.007355,-0.126812,-0.050982,-0.045859,-0.029124,0.006364,-0.013667,-0.006965,0.011107,0.022281,0.025684,-0.055242,-0.087343,0.181680,-0.057008,-0.030608,0.089682,-0.056449,-0.023496,-0.020415,-0.040923,-0.015892,-0.061229,0.043071,-0.025349,-0.000873,0.028620,-0.061546,-0.010681,-0.090162,0.052578,0.003340,-0.025983,0.041859,-0.005718,0.016555,-0.012835,0.033132,-0.023617,0.046252,0.067484,0.039986,-0.064101,-0.061343,0.027157,-0.052096,0.018333,-0.035726,0.006891,-0.085648,-0.033990,-0.041305,0.003481,0.114528,0.034382,-0.023303,0.035017,0.004087,0.054506,0.035085,-0.008878,-0.005724,0.029368,-0.062525,-0.045922,-0.000000,0.078533,0.066250,0.001721,0.022561,0.077566,-0.026332,0.134824,-0.131715,-0.031734,0.094326,0.068309,-0.084862,0.028327,-0.099159,-0.004497,-0.071670,-0.062251,-0.083008,-0.029065,0.046093,-0.052188,0.072583,0.059443,-0.000748,0.042627,-0.003246,0.041734,-0.011223,0.060073,-0.014309,0.045075,0.029499,0.009372,-0.086228,0.084154,-0.010581,-0.044703,-0.015903,0.036357,-0.079777,0.011408,-0.020658,-0.058463,0.089632,-0.040263,0.095776,-0.061626,-0.001947,0.010771,-0.095658,0.030356,0.034238,-0.083858,0.045126,-0.003851,0.024823,0.004819,-0.007769,0.010046,-0.030476,0.026444,0.040372,0.064960,0.009469
-0.013957,-0.091450,-0.029239,-0.003298,0.067954,-0.012626,0.024733,0.043253,-0.012625,-0.049302,-0.050774,0.019285,0.003577,0.034628,0.045435,-0.046494,0.103995,-0.100698,-0.007990,-0.046477,0.027256,-0.064981,-0.029432,0.004501,0.042861,0.028002,-0.017174,0.088512,-0.034769,-0.027244,-0.151396,0.075924,0.058374,0.006455,-0.011917,0.001021,-0.049781,0.079832,-0.005253,-0.031592,-0.008797,-0.037018,0.024333,-0.062926,0.042454,-0.066024,0.038207,-0.047835,-0.028597,0.013950,-0.037053,-0.044211,-0.004772,0.005904,0.019360,-0.019750,-0.015007,0.070515,-0.022784,0.074382,0.000113,-0.081395,-0.014503,0.015375,0.058708,-0.011806,-0.071302,-0.041835,-0.143433,-0.019220,-0.043229,-0.036718,-0.117261,0.072536,0.023971,-0.009318,0.035937,0.029299,0.027350,-0.024288,0.053925,-0.076129,-0.045825,0.053356,0.004035,-0.066190,0.050028,0.023086,0.006351,0.013668,0.004414,-0.009879,0.013169,0.011997,0.081121,0.065908,0.003530,0.075347,0.014180,0.014645,-0.014281,0.055368,-0.009639,-0.018292,-0.053639,-0.005735,-0.052746,0.047486,-0.029394,-0.018977,-0.072835,0.059589,-0.073454,-0.012101,-0.015628,-0.011427,-0.076114,0.032078,0.075077,0.035121,0.002996,0.040517,-0.047718,0.033481,-0.024133,-0.007982,-0.010817,-0.000000,-0.011181,0.034125,0.038132,0.020511,-0.048533,0.037243,-0.063904,-0.003690,0.083718,0.012975,0.042630,-0.023588,0.002113,-0.045408,0.154667,0.006057,0.029811,0.057634,-0.028529,-0.034339,0.004419,0.027014,-0.031341,-0.015055,0.029714,-0.050312,0.006129,-0.000875,-0.006569,0.010132,0.043438,0.024174,0.006353,0.006037,-0.033803,0.039746,-0.016567,-0.057618,0.038751,-0.001867,-0.065145,0.058931,-0.029337,0.025047,-0.042189,0.142588,-0.032936,-0.015570,-0.041312,0.081227,-0.025196,0.110955,0.134149,-0.050987,0.069668,0.005436,0.015425,-0.054379,0.016966,0.078095,-0.113021,0.123102,-0.037088,-0.017489,-0.043504,0.076565,0.061066,0.088887,-0.009332,0.003705,-0.006141,-0.021926,0.021270,-0.043487,-0.024208,0.032107,-0.024886,0.012332,0.021045,0.000605,0.015951,0.075543,-0.001122,-0.036481,-0.003961,-0.028935,0.042296,0.021015,0.061745,0.059417,-0.117357,0.013147,0.000794,0.005409,-0.004209,0.000000,-0.054129,-0.065777,0.080437,0.035151,-0.051951,-0.009973,0.067475,0.004512,0.062121,0.087054,0.021609,0.004129,-0.020033,-0.039079,-0.052072,-0.001469,-0.054530,-0.029628,0.018969,-0.003430,0.062321,0.020917,-0.028637,0.061260,0.003409,0.049732,-0.120893,-0.045546,-0.022913,-0.064353,-0.000050,-0.017182,-0.094820,0.020518,-0.046779,0.036600,-0.046707,-0.034821,0.022904,-0.048650,-0.002144,-0.019642,-0.042588,0.059544,-0.033949,-0.091475,0.079943,-0.092834,0.047911,-0.007733,-0.115333,-0.003329,-0.012971,0.016040,0.002464,0.021284,0.101188,-0.026288,-0.045872,-0.030409,0.052136,0.016780,-0.013081,0.038738,0.013200,0.003991,0.058047,-0.029592,-0.008618,-0.068704,0.159036,-0.006438,0.006889,0.056236,0.005035,0.033180,0.091761,-0.008405,-0.108166,-0.017573,0.075413,-0.015888,-0.023167,-0.042167,-0.027928,-0.011020,0.030205,-0.040422,0.018461,-0.023029,-0.110965,-0.095866,0.050633,-0.018456,0.010825,-0.000000,-0.028851,-0.111568,0.074564,0.002417,0.032959,-0.041371,0.118683,0.051010,0.004255,0.079173,0.034494,-0.021517,-0.073476,0.055733,0.005409,0.037057,-0.020160,0.026906,-0.038485,-0.011335,0.018973,0.120981,-0.010575,0.029558,0.013617,-0.022843,-0.080702,-0.001830,-0.030974,0.028592,-0.021546,-0.011167,0.004862,-0.056506,-0.004667,-0.065961,0.108870,0.004520,-0.026006,-0.103013,-0.073773,-0.021995,-0.043611,0.101970,0.064653,-0.039075,-0.074806,0.014163,-0.074381,-0.028520,0.073094,0.015793,0.035696,-0.054249,-0.016192,0.020855,-0.012805,-0.067415,-0.077525,0.004833,0.074990,-0.086698,0.128034,0.042466
-0.035709,0.030724,-0.044336,-0.043108,0.068482,0.017964,0.099767,0.005123,0.027046,0.051909,0.080806,0.056956,-0.042834,-0.001218,-0.018849,-0.033220,0.049430,-0.126843,-0.058974,0.052305,-0.054420,-0.014584,-0.023713,0.013016,-0.022554,0.056798,-0.056213,0.038167,0.054514,-0.062763,0.071910,0.089543,0.056169,-0.002935,0.051517,0.095080,0.035438,-0.082303,0.021547,-0.057575,0.081199,-0.039092,-0.028118,-0.008264,-0.019756,-0.000895,0.039925,-0.068877,-0.051912,-0.052010,-0.011803,-0.022824,-0.050602,0.000612,-0.039717,0.009039,0.004413,-0.017907,-0.041088,0.014527,-0.021791,0.044288,-0.059999,0.026185,0.072779,-0.055076,0.030505,-0.043141,-0.003169,-0.065271,0.027534,-0.084768,-0.062999,-0.014452,-0.051307,-0.035161,0.058975,-0.024568,-0.013357,-0.036203,0.032984,0.038269,0.040502,-0.057190,-0.040255,-0.038863,0.010918,-0.047252,-0.000803,-0.026003,0.044556,-0.044245,0.042789,0.019237,-0.006533,0.020859,-0.028259,0.058678,0.053457,-0.001500,0.039472,0.074321,-0.090990,0.020393,-0.045881,-0.105859,-0.073334,0.005517,-0.020636,-0.021400,-0.069459,0.095864,-0.012166,0.000598,-0.105012,0.090730,-0.061855,0.025670,0.043473,-0.061532,-0.043976,0.017759,-0.005399,-0.032398,-0.089475,0.002516,-0.031698,-0.000000,-0.104242,-0.050355,-0.038897,-0.049256,0.057840,-0.037845,-0.031589,-0.028379,0.059781,-0.002197,-0.033169,-0.069570,0.020078,0.051240,-0.057023,-0.026988,-0.091525,0.135506,0.043218,0.004442,-0.040802,-0.021133,0.053289,0.009265,0.015876,0.008532,0.011655,0.005851,0.067343,0.021060,0.014477,0.050068,-0.012925,0.027941,0.017939,0.099876,-0.048955,-0.115961,0.004170,-0.023953,-0.031451,-0.006873,-0.021421,0.017862,-0.061336,0.047139,-0.058300,-0.057547,0.029255,0.015802,0.033809,0.028842,0.088743,-0.027367,-0.001337,-0.068770,0.102391,-0.049247,-0.041806,0.010400,0.027482,-0.020632,-0.045864,0.038388,0.039325,-0.010500,0.041695,-0.038568,-0.031274,0.025296,0.019107,0.069276,0.091127,-0.002029,-0.042075,0.002219,-0.056742,0.052798,0.064226,-0.025456,-0.031533,0.029717,0.031522,-0.062707,-0.052819,-0.012532,-0.001360,-0.008720,0.029376,0.031002,0.001195,0.002622,-0.035893,0.045238,0.068590,0.000000,-0.012718,-0.008580,-0.085716,0.001845,-0.009360,0.039426,0.022643,-0.069085,0.050259,0.126085,0.006937,-0.033362,-0.016540,0.014259,0.022507,-0.071009,0.010742,-0.036139,0.069776,-0.027389,0.028457,0.087622,-0.019952,0.082062,-0.020161,0.024115,-0.063920,-0.076091,0.017352,-0.008299,0.029607,-0.050326,-0.077752,0.028056,-0.001304,0.000127,-0.040448,0.067354,0.043764,0.037830,-0.035497,0.029925,0.040772,0.035043,-0.040475,-0.049593,-0.009249,-0.062670,0.123628,-0.005235,-0.022560,0.034192,0.054804,-0.023568,-0.068008,0.122248,-0.014660,-0.001324,0.048966,-0.025469,0.092625,0.077905,0.013541,-0.047779,0.011840,0.093655,0.017447,-0.114571,-0.014196,-0.021309,0.058796,-0.071872,-0.042808,-0.004448,-0.021489,0.003471,-0.033761,-0.048551,0.002585,-0.047620,0.020191,-0.029876,0.051708,0.091115,-0.028455,-0.079643,-0.015514,-0.022328,0.043408,-0.025119,-0.003128,-0.044164,-0.033372,0.043788,0.014922,-0.000000,-0.052036,-0.108312,-0.088054,0.010734,0.026917,-0.006541,0.011588,0.024266,0.028772,0.041002,-0.002495,-0.047339,-0.137961,0.025360,-0.006942,0.005922,-0.113532,-0.027906,-0.065923,-0.048332,-0.005781,0.032146,0.056771,0.002399,-0.031494,0.029292,0.078578,0.171920,0.061148,-0.032821,-0.007985,0.029241,0.045287,0.058306,-0.075125,0.026729,0.053845,0.020493,0.006818,-0.008840,-0.024754,-0.066196,-0.028382,0.076302,0.022687,0.081955,-0.162567,0.047762,-0.064654,-0.002627,0.031082,-0.062196,0.059585,0.129423,0.010140,-0.026045,-0.052876,0.015257,0.112404,0.027113,-0.005219,0.020725,0.119757,0.004946
-0.049256,-0.002168,0.027694,-0.005206,0.039569,-0.067885,0.039860,0.020328,-0.076419,0.008043,-0.026930,0.043777,-0.002451,0.026877,0.068186,-0.033976,0.016997,0.018852,0.004977,-0.067557,-0.023877,-0.057469,0.011926,-0.065915,0.054929,-0.001408,-0.063842,-0.018568,0.025214,-0.009052,0.042548,0.067143,0.094045,-0.010430,-0.039214,0.029751,-0.020736,0.069735,-0.017398,-0.051546,0.037476,-0.072424,-0.018812,0.066781,0.023750,0.013601,-0.015995,-0.044507,0.066650,-0.028905,-0.009891,-0.125942,-0.049496,0.013366,-0.092863,-0.041509,0.025606,-0.025235,-0.008438,0.062303,0.019716,-0.040512,-0.070430,0.019515,0.088849,0.083748,0.023461,0.001816,0.034196,-0.049905,0.002648,-0.004147,-0.068884,0.043862,-0.059966,-0.049227,0.056183,0.050842,0.000505,0.076354,0.005436,0.119103,-0.038700,0.006057,0.049253,0.065551,0.002086,-0.035788,-0.050992,0.004392,-0.018171,0.068417,0.005468,0.009797,0.005881,0.056404,-0.018923,0.017256,-0.082404,0.063530,-0.078230,-0.027917,0.053270,-0.120923,-0.025413,-0.034276,-0.010406,0.068191,-0.039242,-0.040518,-0.070451,0.005291,0.089352,0.094793,-0.056361,0.082400,0.001916,0.033070,0.068868,0.019497,0.031115,0.031988,0.033085,-0.038316,-0.003772,0.008209,-0.039264,-0.000000,0.033960,0.056634,0.037199,0.108933,-0.075142,-0.014001,-0.083672,0.009640,-0.000044,-0.038911,0.101877,-0.053177,-0.003650,0.046073,-0.051489,-0.024781,-0.001518,0.091716,-0.024720,0.034982,0.074464,-0.070271,-0.070667,0.028918,0.020749,0.067726,-0.010327,-0.044462,0.140750,0.031478,0.046145,-0.030792,0.024319,-0.058848,-0.014359,0.088938,0.052299,-0.009099,0.053064,-0.024862,-0.028332,-0.021637,-0.088576,0.020313,0.006748,0.030025,-0.002654,-0.029934,-0.065691,0.037209,0.029843,0.032501,-0.026930,0.009089,-0.021900,-0.062039,0.061676,-0.095634,0.019773,0.001080,-0.013693,0.044894,-0.082671,0.077282,-0.026923,-0.087138,0.020029,-0.009174,-0.031783,-0.060080,-0.040479,0.044934,-0.037806,0.019230,-0.015855,-0.066340,-0.059398,0.020563,-0.039332,-0.032850,0.020307,-0.010437,-0.077479,0.039586,0.092574,0.055620,-0.086878,-0.026036,0.007328,0.015149,-0.043557,-0.013524,0.036901,0.002919,-0.014882,0.000000,-0.059062,-0.061748,-0.006473,0.003637,0.029630,0.006966,0.048016,-0.038820,0.054485,0.046858,-0.019415,-0.006601,0.017793,0.008273,0.014248,-0.048975,0.044290,0.020245,0.076824,-0.029937,-0.054204,0.041731,0.049390,0.088120,0.035221,-0.005125,0.119894,0.007775,-0.005930,-0.003891,-0.001479,-0.053634,-0.181496,-0.010417,-0.015812,0.007394,-0.000846,0.055830,-0.036684,0.003571,0.063028,0.031765,-0.096318,-0.063180,-0.092326,-0.038841,0.057950,-0.153856,0.009027,0.115835,-0.023416,-0.022579,-0.017208,-0.017514,-0.016431,-0.043641,0.107507,-0.033689,-0.004979,-0.011244,-0.010639,0.056085,0.029946,-0.065735,0.062810,-0.049835,-0.001468,0.062964,0.004755,0.018914,0.027256,0.004384,-0.101939,-0.008781,0.068822,-0.110135,0.050082,-0.029964,-0.069167,0.010560,0.012403,-0.054216,0.074817,0.013591,0.075543,-0.088296,0.020200,-0.040207,-0.036650,0.052055,-0.075408,0.002872,0.056252,-0.042131,0.028398,-0.000000,0.031668,0.032036,0.045649,0.069781,0.036319,0.076847,0.026047,0.084679,0.003983,-0.108024,0.027974,0.036686,0.013581,0.092923,0.134441,0.002159,0.030152,0.012899,-0.026865,-0.050045,-0.075878,0.051928,0.084563,0.018304,0.007931,-0.015733,0.014147,0.024508,-0.039691,0.023641,-0.086173,-0.043437,0.009902,0.057970,0.035222,-0.050256,0.015364,0.013727,0.139891,-0.036803,-0.020113,0.048657,-0.024266,0.114328,0.039292,0.010919,-0.058073,-0.054959,-0.024798,0.056147,-0.018894,-0.051006,0.041420,0.035474,0.005575,0.049312,0.053773,-0.000942,0.079016,-0.011431,0.011437,0.014365,0.020631,-0.015818
0.000548,-0.001043,-0.005954,0.047908,0.006960,0.046425,0.079218,-0.006916,0.028461,-0.020218,-0.031482,-0.064638,-0.050994,-0.021734,-0.041952,-0.039604,0.014171,-0.091601,-0.057103,-0.010698,0.047425,0.034781,0.004371,0.007496,-0.078740,0.090020,0.034375,-0.054522,-0.019613,0.028624,-0.007534,0.054658,0.028304,0.035832,-0.022040,0.016060,0.031611,0.017395,0.001289,-0.083844,-0.010286,-0.084095,-0.000098,-0.060984,0.067932,0.012963,0.023480,0.012447,-0.005097,0.012762,-0.029833,-0.010581,-0.019104,-0.018038,0.012727,0.006399,-0.075804,-0.038926,-0.014386,0.022502,-0.026769,0.075875,0.069769,0.030766,0.007160,-0.097722,-0.035451,0.045646,-0.040794,0.045950,0.003718,0.062531,0.004984,0.023714,0.022305,0.036648,0.042663,-0.070192,0.015734,0.002567,-0.067687,0.111559,0.100791,0.011221,-0.099985,-0.060851,-0.001828,-0.019945,0.004609,-0.048543,-0.007630,-0.031087,0.030772,0.039229,-0.021594,-0.072548,-0.023083,-0.056830,-0.055751,0.109685,-0.027574,0.046077,-0.014652,-0.031055,0.054672,0.045757,0.019905,0.021153,0.059852,0.041026,-0.039255,-0.057522,0.005909,-0.035050,0.004280,-0.095312,-0.044400,-0.008540,0.035184,-0.031285,0.028799,-0.059384,-0.029350,0.045106,-0.006224,-0.074287,-0.022015,-0.000000,0.015761,0.035768,0.112358,0.026155,0.053268,-0.034288,0.031759,0.042934,0.004565,0.046568,0.047782,-0.011047,-0.046791,0.128334,-0.016171,-0.004737,-0.108377,-0.013759,0.046038,0.052214,-0.081265,-0.040811,-0.028685,-0.001968,-0.050292,0.078235,-0.017149,-0.048525,-0.015777,-0.032258,0.108522,0.044491,0.025849,-0.001318,-0.082904,0.059922,0.004966,0.009953,-0.034514,0.058833,-0.011019,-0.111223,-0.022138,-0.022895,-0.048767,0.057278,-0.038812,0.035647,-0.020193,-0.001601,0.053137,0.064847,0.103211,0.045025,0.011608,-0.016107,-0.020827,0.001535,0.078544,-0.007865,0.033502,-0.114347,-0.098099,0.008801,-0.115806,0.050171,-0.073429,0.056436,-0.010815,0.057798,-0.058122,-0.023485,0.091726,-0.013175,-0.032285,-0.011081,-0.000832,-0.036554,0.047932,0.013700,0.092545,-0.014393,0.022301,-0.032423,-0.085657,-0.045453,-0.025380,-0.024423,0.019026,0.040363,-0.132409,0.017881,0.102352,0.022465,-0.070970,0.000000,-0.001876,-0.025197,-0.073205,0.040702,0.047319,-0.017480,0.062224,-0.005417,-0.027448,0.029903,0.032061,-0.043758,0.040010,0.006904,0.055382,0.062213,0.067511,0.029293,0.016555,0.090368,-0.037977,0.113875,-0.117758,-0.046173,-0.108900,0.089747,0.037993,0.000587,0.029469,0.008656,-0.016647,-0.090420,-0.013213,-0.055513,-0.082527,0.100343,-0.020307,-0.019170,-0.134512,0.004625,-0.059644,-0.061788,0.018826,0.161956,0.065352,0.004703,0.000409,0.021401,-0.013532,0.034997,-0.014518,-0.052096,-0.036666,-0.027521,-0.000767,0.048495,-0.063158,-0.007853,-0.000864,0.006621,-0.060440,-0.020426,0.054246,0.027600,-0.002045,-0.036393,-0.012888,0.014253,-0.003074,0.081231,0.040202,-0.031813,-0.020117,-0.030946,0.039816,-0.085027,0.026146,0.007140,-0.046170,0.016353,-0.070893,-0.057025,0.048315,-0.028828,-0.041053,-0.027859,0.003345,0.001395,-0.091082,0.061759,-0.096076,0.041178,0.094238,-0.010200,0.012266,-0.000000,0.010091,-0.099896,-0.005320,-0.001356,0.033332,-0.038389,0.065142,-0.033919,-0.047450,0.006026,0.037595,-0.007105,-0.052085,0.088340,0.004989,-0.028114,0.024421,-0.001459,-0.045428,-0.029112,-0.089557,0.060826,0.022159,-0.037326,0.012354,0.016264,0.011600,0.006062,-0.038264,0.099318,-0.089467,0.061074,0.033502,0.008888,0.137439,-0.009925,-0.029624,-0.050037,0.015316,-0.163607,-0.019706,0.002362,0.039752,0.009010,0.109930,0.020539,0.003977,-0.010063,-0.023394,0.021004,0.039287,0.045000,-0.008918,0.025317,0.093238,0.038356,-0.004439,0.052568,0.023941,0.121071,0.035523,-0.027120,0.022396,-0.058044
-0.011206,0.021804,-0.024275,-0.045194,0.077098,0.060101,0.059702,0.008522,-0.018520,-0.012767,0.016392,-0.014838,-0.056564,0.012904,-0.001430,-0.060685,0.042374,-0.041515,-0.024558,0.006819,-0.001029,0.034958,-0.019166,0.024988,-0.056181,0.088437,-0.068064,-0.064388,-0.007881,-0.058030,-0.017060,0.087650,0.082007,0.111871,0.113255,0.075907,0.015246,-0.041097,0.102991,-0.077823,-0.008428,-0.079691,-0.090473,0.014857,0.016407,-0.010202,0.006969,-0.041280,-0.027047,0.018502,0.023837,-0.003341,-0.046630,-0.027716,0.000639,0.030416,-0.013924,0.012632,-0.026894,0.015936,-0.004209,-0.028558,0.006828,0.060545,0.082077,-0.032351,-0.043353,0.060210,-0.102853,-0.068561,0.084319,-0.006254,-0.008989,-0.009596,0.061965,-0.015863,0.029113,-0.031872,-0.033888,-0.020874,0.017561,0.114699,0.017273,0.036276,-0.130191,-0.013490,0.016800,0.016882,-0.021865,-0.075957,-0.002062,-0.111953,0.019212,0.070639,-0.076064,-0.053077,-0.092300,-0.018137,-0.026895,0.044319,-0.045061,0.052553,0.029218,-0.048339,-0.008325,-0.082124,-0.039584,0.016923,0.032669,0.020548,-0.085217,-0.016828,0.001076,-0.018236,-0.002637,-0.071855,-0.044215,-0.010573,0.081576,-0.064131,0.062655,0.025660,0.038055,-0.032123,-0.118341,-0.064301,-0.015073,-0.000000,-0.076383,0.023017,0.077207,0.059139,0.017633,-0.028128,0.024052,0.033062,-0.012091,0.092957,-0.066846,0.059746,-0.002160,0.103293,0.004078,0.032736,-0.126683,0.004237,0.080418,0.013457,-0.116689,-0.003543,-0.028091,-0.000488,0.013737,-0.009985,-0.011266,0.031340,0.004362,0.029900,0.087310,0.025213,0.051567,-0.007783,-0.030815,0.047422,0.011133,-0.048425,-0.055691,0.055594,-0.118653,0.008848,-0.027334,0.059987,0.016877,0.046785,-0.016271,0.006085,0.012986,-0.037808,-0.002364,-0.004953,0.126154,-0.004554,0.014741,-0.078613,0.024175,-0.051051,0.077039,-0.028374,0.030476,-0.044937,-0.105071,0.061166,-0.013173,0.067040,-0.051990,0.004112,0.021875,0.031244,-0.004589,0.065256,0.046254,-0.024567,-0.022241,0.032595,-0.027787,0.060457,0.020631,0.003859,0.046380,0.040149,0.095691,-0.062626,-0.017773,-0.010499,0.025412,-0.016508,-0.022476,0.134358,-0.116891,0.065958,0.100589,0.036810,-0.024286,0.000000,-0.018306,0.025554,-0.082337,0.044427,0.054589,0.020366,0.046120,-0.067224,0.000779,0.034715,-0.052451,-0.034902,0.008661,0.066435,0.010323,-0.009585,0.048721,-0.037012,-0.005284,0.009918,-0.018867,0.047279,-0.083228,-0.031145,-0.061762,0.060054,-0.071169,-0.000096,0.040260,-0.021980,0.003119,-0.060168,-0.032506,0.039744,-0.077658,0.044726,-0.082277,0.022903,-0.028266,-0.008692,-0.047985,0.012335,-0.056518,0.043921,0.022633,-0.095660,0.030810,-0.057272,0.059309,-0.009230,-0.034615,-0.037313,-0.007084,-0.091760,-0.012339,0.171637,-0.025021,-0.005893,-0.011141,0.010232,0.050403,0.051865,0.077538,0.040644,0.049737,0.071458,0.081592,0.040303,-0.044945,0.022726,-0.012674,0.028412,-0.049839,-0.000874,-0.027401,-0.045634,-0.032109,0.019970,-0.000085,-0.051977,-0.015059,-0.046820,-0.000135,0.031158,-0.017813,-0.031224,0.029984,-0.132352,-0.026186,0.001520,-0.125030,0.030300,-0.009214,0.036850,0.016665,-0.000000,0.040418,-0.041906,-0.042617,-0.020643,0.043355,-0.055899,0.073404,0.033194,0.012400,0.094347,-0.040955,-0.004831,-0.120765,0.079407,-0.011983,0.004466,0.009651,0.016105,-0.066412,-0.014300,-0.028578,0.103022,0.111425,-0.063235,-0.051806,0.010695,0.038162,-0.023111,0.067631,0.066070,-0.049887,0.066609,-0.011416,0.008210,-0.024149,-0.035384,-0.008449,0.057586,0.010626,-0.026120,-0.007624,-0.018096,-0.013237,0.033195,0.054637,-0.016117,-0.034608,0.008556,-0.064062,0.034326,0.047806,0.038604,0.011557,0.027590,0.047391,-0.058987,0.028834,-0.012273,0.044129,0.046210,-0.052352,-0.041500,0.139033,0.031852
-0.068404,0.020565,0.012623,-0.019468,-0.006992,-0.025338,-0.016230,0.036289,-0.040662,-0.003307,0.081628,0.015791,-0.042468,0.006027,0.009471,-0.034730,0.040166,-0.005957,-0.051352,-0.076206,-0.097039,-0.025768,0.071275,-0.024102,0.063021,0.011557,-0.001502,0.021607,0.045034,-0.081972,0.017202,0.004219,-0.008143,-0.081966,-0.107810,-0.032136,0.078400,-0.031779,-0.044482,-0.037457,0.019186,0.009022,0.037081,0.045117,-0.065985,-0.064825,-0.029833,-0.049627,0.080426,-0.031901,0.071542,-0.046463,-0.027424,0.008923,0.032652,0.124865,-0.000320,0.018549,-0.042108,-0.083398,0.026243,0.008051,0.010790,0.041186,0.037952,-0.104304,-0.002534,0.010238,0.017877,0.030929,-0.096334,0.040743,-0.049647,-0.087134,0.009164,-0.019777,0.009917,0.030068,0.031633,0.014825,0.046569,0.078950,-0.090844,0.052954,0.067230,0.012054,0.026004,0.028080,-0.029267,-0.019668,0.015222,0.025883,-0.102773,-0.059513,0.014489,-0.055942,-0.006340,-0.048608,-0.042405,0.064812,-0.049385,-0.068158,0.007371,-0.024262,-0.005142,-0.070576,-0.002859,0.068730,0.012784,0.019585,0.000836,0.042665,0.061614,0.041240,-0.014163,0.114498,0.021141,-0.039559,0.076813,-0.028358,0.070157,0.059504,-0.142202,0.078537,-0.002874,-0.011013,0.052640,-0.000000,-0.102880,0.058561,0.009497,0.011304,0.068403,-0.047176,-0.012812,-0.037835,-0.051005,-0.050158,-0.099190,0.105536,-0.020637,0.047047,-0.050435,-0.031813,-0.042237,0.142250,0.045689,0.024111,0.022620,-0.011868,0.046867,0.085560,0.095989,0.041728,0.079429,0.014157,0.047091,0.037866,-0.007252,-0.022625,-0.105363,0.008977,0.017744,-0.065041,-0.022733,-0.067969,0.040356,0.009871,-0.055401,-0.042428,-0.056453,-0.034316,0.056413,-0.046212,0.077972,-0.031677,0.157704,-0.041733,-0.063313,-0.014977,0.017964,-0.017069,-0.003404,0.025140,-0.021867,-0.016862,-0.087586,-0.015651,-0.102991,-0.003193,-0.004091,0.000597,-0.019698,0.008912,-0.014469,0.037577,0.014524,-0.028363,-0.057438,-0.008406,0.039222,-0.005268,-0.013508,-0.001581,-0.081739,0.018157,0.040859,0.003148,0.007766,-0.142532,-0.035711,0.010778,0.041656,0.013542,0.007290,-0.016429,-0.026273,-0.047881,-0.044133,-0.037409,0.090714,-0.002823,-0.061568,0.000000,-0.045746,0.001218,0.019386,0.013136,-0.033531,0.072769,0.039109,-0.029262,0.062545,0.044686,0.025827,0.083040,-0.126278,0.017465,0.012255,-0.024325,-0.019849,-0.061891,0.012521,-0.019476,0.046820,0.103031,0.072538,-0.001337,-0.002411,0.015817,-0.094913,0.040025,-0.030914,0.049460,-0.053113,0.033963,-0.099072,-0.082439,-0.052911,-0.030478,0.167692,0.107314,-0.026792,0.052804,0.016451,0.004662,0.046959,-0.032282,-0.023451,0.026066,-0.004195,0.031251,-0.102855,0.055485,-0.033807,-0.017643,-0.033001,-0.065479,-0.026663,0.027474,0.005991,-0.000464,-0.042344,0.048333,-0.061821,0.014766,0.025914,-0.040045,0.045311,-0.000629,-0.053365,-0.028328,0.009457,-0.022251,0.070482,0.049819,0.008188,-0.009867,0.028073,-0.069712,0.094696,-0.000786,-0.028033,0.022039,-0.035067,-0.029497,0.019426,-0.086980,0.063673,-0.012387,-0.088448,0.024356,0.000553,0.011464,-0.120004,0.124278,-0.064202,0.065437,0.051408,-0.000000,0.013047,0.011498,-0.063485,-0.054310,0.031931,-0.020533,-0.068867,0.012659,-0.053584,0.026557,0.133441,-0.012487,-0.016132,0.041795,0.007310,0.037785,0.015457,0.022147,-0.055955,-0.052556,0.028990,0.100873,-0.004204,0.020149,0.071668,-0.005125,-0.062217,-0.006599,-0.010290,-0.007986,-0.013375,0.032978,-0.046639,0.081627,0.035711,0.059559,0.022164,-0.013912,-0.002424,-0.008623,0.007800,-0.008166,0.023085,0.049555,0.013857,-0.042261,0.034377,-0.014512,0.028610,0.028852,0.062401,0.036068,-0.000581,0.004141,0.132004,0.019789,0.028345,0.003304,-0.008323,0.108147,0.041144,0.044709,0.007077,0.037466
-0.030213,0.021032,-0.054700,0.029258,-0.002550,-0.001573,0.157212,0.072396,0.120259,-0.002382,0.061495,0.034836,-0.025286,-0.038884,-0.084017,-0.102056,-0.022666,-0.136073,-0.064981,-0.018741,0.037879,0.017578,-0.074538,-0.009461,-0.048391,0.055630,0.054710,0.009797,0.044955,0.036848,-0.005370,0.082274,0.033514,0.004473,-0.029895,0.000855,0.013222,-0.000508,-0.007148,-0.061984,0.060688,-0.038968,0.017220,-0.062340,0.054354,0.058628,0.032858,0.017683,-0.037472,0.012783,0.013445,-0.022798,-0.062934,0.102447,-0.004392,0.050054,0.030667,-0.081773,-0.028666,0.035736,-0.015838,0.050246,0.023138,0.087271,0.064624,-0.096264,0.025253,-0.041923,-0.002764,-0.060688,0.088780,-0.027151,-0.072777,0.015775,0.045073,-0.029706,0.066177,-0.060319,0.016925,0.037542,-0.015800,0.021014,0.100988,-0.044057,-0.024913,-0.002372,0.020775,-0.045001,0.023245,-0.000890,0.023325,0.002901,-0.045215,-0.020397,-0.087316,-0.064788,0.037242,0.001821,0.008355,0.030334,0.039510,0.043693,-0.043787,0.045573,-0.004156,-0.064289,0.034404,0.016108,-0.033461,-0.006573,-0.044438,0.012249,0.050582,-0.010352,-0.069950,0.062251,-0.050208,0.029911,0.085311,-0.057773,0.011219,-0.013921,-0.101973,-0.016207,-0.067923,-0.084788,0.061914,-0.000000,-0.026607,-0.008012,-0.009614,-0.074298,0.018385,-0.024727,0.012048,-0.057330,0.002289,0.024464,0.011063,-0.067039,0.001264,0.104690,-0.053467,-0.033313,-0.062197,0.069657,0.004041,0.028365,-0.017080,-0.011265,0.017625,-0.003152,-0.022831,0.087369,-0.084909,-0.041979,-0.008562,-0.021496,0.045629,0.053097,-0.029865,0.035713,-0.001817,0.118018,-0.005680,-0.038736,0.006205,0.001314,-0.016838,-0.092992,-0.054669,-0.009865,-0.034412,0.045215,-0.047625,-0.003265,0.004681,0.037260,0.030377,-0.005031,0.103195,-0.035808,-0.002237,0.009611,0.085319,-0.064617,-0.020462,0.001161,0.011796,-0.103114,-0.078672,0.047725,-0.017325,0.040087,-0.018336,-0.003566,0.004042,-0.020495,-0.058452,0.013595,0.136535,0.049593,-0.032059,-0.014733,-0.055459,0.028861,0.053753,0.013304,-0.072550,-0.028619,0.038903,0.010146,-0.088310,0.040328,-0.057374,0.024403,0.006381,0.022179,-0.016581,0.018240,-0.013110,0.038786,0.008633,0.000000,-0.013974,-0.059797,-0.100736,0.071452,-0.025585,0.038560,0.067176,0.041423,-0.026024,0.006049,-0.006183,-0.044380,-0.002909,-0.034930,0.073646,0.004040,0.017687,0.013543,0.035016,0.057889,-0.014799,0.018679,-0.020873,-0.009048,-0.036960,0.009922,0.029990,0.010263,-0.008562,0.012328,0.044670,-0.079877,-0.056589,0.012924,-0.005380,-0.017909,0.057017,-0.012753,-0.049065,-0.007767,-0.016991,-0.007882,0.035911,0.195753,0.002277,0.018310,-0.019353,-0.062546,0.091060,0.005463,0.022127,0.004454,0.040815,0.048383,-0.037877,0.149159,-0.050824,-0.035396,0.036840,-0.058802,0.010489,0.042052,0.049220,-0.062895,0.028996,-0.012154,-0.027068,-0.020753,0.039656,0.008786,0.079908,-0.026265,-0.001118,-0.063365,0.002481,-0.097468,-0.018210,-0.079885,-0.076200,-0.042969,-0.019065,-0.029466,-0.002218,0.056843,-0.039970,-0.121771,0.024118,0.036353,-0.083039,-0.026892,-0.008680,0.004780,-0.013421,0.056780,-0.089867,-0.000000,-0.014014,-0.082437,-0.012353,-0.051431,0.007359,0.039377,0.067361,-0.047210,0.012328,-0.057780,0.013709,0.007788,-0.087239,-0.007780,0.031284,-0.011421,-0.052602,-0.093955,-0.053050,-0.050502,-0.079793,0.002501,0.022101,-0.064094,0.018308,0.013916,0.145855,0.160474,0.006914,-0.055874,-0.066152,0.043352,0.122859,0.041147,0.085519,0.106834,0.088548,-0.027117,0.044374,-0.085760,-0.031035,-0.030566,-0.046846,0.064070,0.017336,0.053563,-0.096648,0.012748,0.026658,-0.058529,-0.007169,-0.035170,-0.001661,0.048061,-0.003215,0.010422,0.031476,0.003059,0.086140,0.053183,0.004871,0.012311,0.082307,-0.046504
0.037500,-0.060674,0.034320,-0.021155,0.064225,-0.002033,0.054313,-0.033847,0.018335,-0.077599,-0.020330,0.143335,0.006185,-0.057960,0.048947,-0.038406,-0.009526,-0.065616,-0.000324,0.020066,-0.041882,0.005922,-0.016509,0.020050,0.017870,0.021682,-0.064375,0.010442,-0.013484,-0.047515,-0.091957,0.071520,0.060188,0.029227,0.059437,0.032540,0.008206,-0.034622,0.054136,0.001932,0.014229,-0.080861,-0.082016,-0.038725,0.006380,-0.022038,0.010958,-0.047161,-0.062443,0.036525,-0.082823,-0.018576,0.052565,0.022553,0.018038,0.039119,-0.015271,0.033757,-0.006027,0.041040,0.048915,-0.044970,-0.035696,0.066684,0.079783,-0.024883,-0.084164,-0.010765,-0.187063,-0.015612,-0.005079,-0.037225,-0.021467,0.123022,0.011194,0.008926,0.069931,0.031986,0.060640,-0.014598,0.042777,0.005084,-0.032225,0.010714,-0.139130,-0.084172,0.031909,-0.016293,0.037549,-0.013623,-0.043280,0.001170,0.016285,-0.044187,0.046486,0.015569,-0.075946,0.066403,-0.049075,-0.055061,-0.021835,0.051110,0.017176,-0.052456,-0.057672,-0.019321,-0.020896,0.010330,0.009061,-0.001987,-0.047640,0.065513,0.066428,0.066522,0.000770,-0.048276,-0.078109,0.031648,0.050053,-0.009102,-0.020399,0.108556,0.009934,0.030494,-0.039069,-0.075594,-0.009465,-0.000000,-0.027560,0.007976,0.066751,0.036533,-0.031192,-0.007239,-0.052004,0.014628,0.034126,0.032505,-0.000718,0.062179,0.021092,0.003025,0.071562,0.057799,-0.036802,0.056243,-0.006336,-0.050380,0.022801,0.037218,-0.045069,0.027255,0.012778,-0.012345,0.053178,0.035287,0.058521,0.019543,0.069864,0.018502,0.043040,-0.005287,-0.018426,0.001918,-0.003681,-0.022843,-0.023619,-0.019754,-0.110922,0.024177,-0.034746,-0.023410,-0.022612,-0.018279,-0.013855,-0.034094,-0.124387,0.043940,-0.040653,0.106935,0.019459,-0.002286,0.034526,-0.020490,-0.004108,-0.027475,-0.009488,-0.024263,0.010889,0.025195,-0.089636,0.053810,-0.065210,0.162461,0.052743,0.031610,-0.082739,0.025497,0.090008,0.004483,-0.081544,-0.007212,-0.039627,0.008497,-0.079187,0.031769,0.090867,0.024866,0.026174,0.020053,0.060261,-0.007285,0.083384,0.056692,0.094041,0.014953,0.034451,0.064305,-0.081509,-0.031811,0.007648,0.070620,-0.010088,0.000000,-0.036676,-0.037659,0.010472,0.033088,-0.019314,-0.011915,0.052468,-0.021802,-0.046693,0.020403,0.020047,-0.029852,-0.122457,0.022246,-0.032334,-0.097779,0.089270,-0.028350,0.001409,-0.023764,-0.020877,0.006680,0.006641,0.074181,-0.031437,0.012271,-0.151536,-0.014096,-0.030850,-0.048955,0.007775,0.015452,-0.111858,0.019129,-0.030353,-0.015057,0.002532,0.005392,-0.007018,-0.011217,0.040971,-0.073206,-0.099977,-0.001228,0.003682,-0.089826,0.085919,-0.053032,0.003576,-0.049447,-0.012839,0.041500,-0.015294,0.012586,-0.019197,0.071379,0.075058,-0.038851,-0.089196,-0.015820,0.031173,0.040452,0.007044,0.056136,0.037681,0.028499,0.025088,0.022199,0.074549,-0.061424,0.133086,-0.035783,-0.022070,0.037101,-0.096460,0.078721,0.024992,-0.033627,-0.106110,-0.000035,0.062865,-0.094071,0.037687,0.004095,0.012981,0.017827,-0.026440,-0.053984,-0.049971,0.039529,-0.124589,-0.024693,-0.033601,-0.043804,-0.013090,-0.000000,0.014868,-0.031814,0.088416,-0.038386,0.014707,-0.061074,0.076805,-0.026195,0.042483,0.094775,0.014115,-0.007509,-0.076999,0.040983,0.022932,0.061809,0.015141,-0.049258,-0.007766,0.022170,0.054743,0.069698,0.055759,0.025006,0.016255,0.026764,-0.069758,0.002000,-0.047111,0.035693,0.036344,-0.012107,0.030715,0.003978,0.011899,-0.117142,0.040835,0.025124,-0.007631,-0.075220,-0.080248,-0.020914,-0.000480,0.108602,-0.006450,0.006047,-0.099499,0.051600,-0.049054,-0.004923,0.049452,-0.010347,0.083710,-0.003804,0.041133,-0.061511,0.009610,0.030179,-0.030204,-0.019579,0.013574,-0.135510,0.097311,-0.002159
-0.009367,0.009976,-0.057079,-0.001206,-0.044843,0.019142,0.046758,-0.057273,-0.068354,0.082392,0.001732,0.037610,-0.031445,-0.010268,0.008326,0.077776,-0.013019,-0.138872,-0.066321,0.070280,-0.066166,-0.047922,-0.048873,-0.035774,-0.036810,0.009474,0.009631,0.056230,-0.008595,-0.066186,0.047243,-0.008385,-0.008012,-0.033448,0.085817,0.080130,0.026728,-0.088762,0.030211,-0.073403,0.072028,-0.049162,-0.055395,-0.014104,0.015209,0.062203,0.052325,-0.029534,-0.028462,-0.035955,-0.030751,-0.084533,0.015488,-0.049176,-0.049918,0.010579,0.023840,-0.026898,-0.043073,-0.072895,-0.027114,0.034123,-0.105491,0.006572,0.088283,-0.057138,-0.057123,-0.048419,0.041770,-0.081840,-0.065370,-0.077772,-0.061065,-0.006990,-0.065834,0.008791,0.008524,-0.048208,0.031116,-0.007555,0.055691,-0.022245,-0.024241,-0.094427,-0.044281,-0.034159,0.024209,0.038556,-0.000569,-0.007699,0.061729,0.055716,0.051148,0.007059,0.010044,0.022730,0.012660,0.013185,0.009107,0.036633,0.057715,0.110571,-0.091037,-0.037379,-0.066561,0.003882,0.010973,0.057907,-0.018841,-0.083842,-0.019877,0.058664,-0.025415,-0.019110,-0.048819,0.129669,-0.109403,0.018764,0.069866,-0.031813,-0.010906,0.060456,-0.001015,-0.013760,-0.052579,0.022842,0.003346,-0.000000,-0.108632,0.012143,-0.075119,0.002527,0.065228,-0.011202,-0.004134,-0.009845,-0.045193,0.014331,0.034391,-0.054781,0.041508,-0.029089,-0.091040,-0.105030,0.010289,0.131907,0.025319,0.024294,-0.004953,-0.014754,0.015175,0.008786,0.017590,0.040800,0.035974,-0.021864,0.178181,0.026703,-0.028756,0.065114,-0.025269,0.071379,-0.036317,0.083957,-0.082628,-0.066887,0.000145,-0.048836,-0.047261,-0.009365,-0.056435,-0.046511,-0.081779,-0.014657,0.024791,-0.059754,0.072028,0.005575,-0.000044,-0.015205,-0.061848,-0.002235,0.004635,-0.034891,0.027816,-0.008373,0.018584,-0.017932,0.052416,0.005704,-0.025626,-0.063903,-0.040993,-0.046474,0.021498,-0.053368,-0.014391,-0.008834,0.026323,0.047346,0.103304,-0.016483,0.036720,0.098205,-0.022993,0.017001,0.095197,0.031414,0.046387,0.050143,0.027284,-0.015892,0.036812,0.010918,0.013868,0.017318,-0.010088,0.040317,-0.040027,-0.031674,0.031077,0.061641,0.056812,-0.000000,-0.053352,0.051015,-0.047487,-0.002126,0.003975,0.026890,0.003624,0.052458,0.039918,0.126604,0.065845,0.017197,0.003971,-0.024348,-0.021441,-0.119732,0.077487,-0.014140,0.075690,-0.032655,-0.028150,0.122773,-0.011185,0.052753,-0.013839,0.032065,-0.052683,-0.033530,0.002785,0.000562,0.024124,-0.080142,-0.068528,0.026259,0.062968,-0.051910,0.039136,-0.007400,0.055288,0.045480,-0.003840,-0.012387,-0.005540,-0.006388,0.025405,-0.127711,0.010636,-0.036898,0.036730,0.005279,-0.030377,-0.001322,0.046500,-0.066665,-0.021738,0.019113,0.112547,-0.033962,0.054844,-0.035178,0.009028,0.089033,0.047577,-0.005076,0.125976,0.039107,0.024725,-0.112801,-0.040083,0.002641,0.006115,-0.036839,-0.027264,0.051226,0.099932,-0.023327,0.088649,-0.076464,0.046156,-0.010937,0.078913,0.017912,0.059656,-0.009586,0.066899,-0.058346,-0.038216,0.005455,0.005817,0.018118,-0.060084,-0.048598,0.031964,-0.061632,0.063411,-0.000000,-0.022788,-0.044897,-0.014540,0.019737,0.027956,-0.014215,-0.011715,-0.010135,-0.002526,0.036058,0.035407,-0.057195,-0.127208,0.031274,-0.075929,-0.040161,-0.017502,0.049966,-0.011540,-0.082584,0.019931,0.045758,0.051199,0.004630,-0.026517,0.014743,0.014049,0.104246,-0.005933,-0.058002,-0.028254,0.006956,0.034236,0.066958,-0.083310,-0.023111,0.011990,0.038599,-0.009621,-0.012933,0.052862,-0.061967,-0.025537,0.069938,0.004851,0.045528,-0.076441,-0.042747,-0.063874,-0.023286,0.025405,-0.054598,0.113969,0.106168,0.001342,0.008308,-0.072953,0.060971,0.068708,0.036670,0.051074,-0.029357,-0.059486,0.028444
