mean_e0,mean_e1,mean_e2,mean_e3,mean_e4,mean_e5,mean_e6,mean_e7,mean_e8,mean_e9,mean_e10,mean_e11,mean_e12,mean_e13,mean_e14,mean_e15,mean_e16,mean_e17,mean_e18,mean_e19,mean_e20,mean_e21,mean_e22,mean_e23,mean_e24,mean_e25,mean_e26,mean_e27,mean_e28,mean_e29,mean_e30,mean_e31,mean_e32,mean_e33,mean_e34,mean_e35,mean_e36,mean_e37,mean_e38,mean_e39,mean_e40,mean_e41,mean_e42,mean_e43,mean_e44,mean_e45,mean_e46,mean_e47,mean_e48,mean_e49,mean_e50,mean_e51,mean_e52,mean_e53,mean_e54,mean_e55,mean_e56,mean_e57,mean_e58,mean_e59,mean_e60,mean_e61,mean_e62,mean_e63,mean_e64,mean_e65,mean_e66,mean_e67,mean_e68,mean_e69,mean_e70,mean_e71,mean_e72,mean_e73,mean_e74,mean_e75,mean_e76,mean_e77,mean_e78,mean_e79,mean_e80,mean_e81,mean_e82,mean_e83,mean_e84,mean_e85,mean_e86,mean_e87,mean_e88,mean_e89,mean_e90,mean_e91,mean_e92,mean_e93,mean_e94,mean_e95,mean_e96,mean_e97,mean_e98,mean_e99,mean_e100,mean_e101,mean_e102,mean_e103,mean_e104,mean_e105,mean_e106,mean_e107,mean_e108,mean_e109,mean_e110,mean_e111,mean_e112,mean_e113,mean_e114,mean_e115,mean_e116,mean_e117,mean_e118,mean_e119,mean_e120,mean_e121,mean_e122,mean_e123,mean_e124,mean_e125,mean_e126,mean_e127,mean_e128,mean_e129,mean_e130,mean_e131,mean_e132,mean_e133,mean_e134,mean_e135,mean_e136,mean_e137,mean_e138,mean_e139,mean_e140,mean_e141,mean_e142,mean_e143,mean_e144,mean_e145,mean_e146,mean_e147,mean_e148,mean_e149,mean_e150,mean_e151,mean_e152,mean_e153,mean_e154,mean_e155,mean_e156,mean_e157,mean_e158,mean_e159,mean_e160,mean_e161,mean_e162,mean_e163,mean_e164,mean_e165,mean_e166,mean_e167,mean_e168,mean_e169,mean_e170,mean_e171,mean_e172,mean_e173,mean_e174,mean_e175,mean_e176,mean_e177,mean_e178,mean_e179,mean_e180,mean_e181,mean_e182,mean_e183,mean_e184,mean_e185,mean_e186,mean_e187,mean_e188,mean_e189,mean_e190,mean_e191,mean_e192,mean_e193,mean_e194,mean_e195,mean_e196,mean_e197,mean_e198,mean_e199,mean_e200,mean_e201,mean_e202,mean_e203,mean_e204,mean_e205,mean_e206,mean_e207,mean_e208,mean_e209,mean_e210,mean_e211,mean_e212,mean_e213,mean_e214,mean_e215,mean_e216,mean_e217,mean_e218,mean_e219,mean_e220,mean_e221,mean_e222,mean_e223,mean_e224,mean_e225,mean_e226,mean_e227,mean_e228,mean_e229,mean_e230,mean_e231,mean_e232,mean_e233,mean_e234,mean_e235,mean_e236,mean_e237,mean_e238,mean_e239,mean_e240,mean_e241,mean_e242,mean_e243,mean_e244,mean_e245,mean_e246,mean_e247,mean_e248,mean_e249,mean_e250,mean_e251,mean_e252,mean_e253,mean_e254,mean_e255,mean_e256,mean_e257,mean_e258,mean_e259,mean_e260,mean_e261,mean_e262,mean_e263,mean_e264,mean_e265,mean_e266,mean_e267,mean_e268,mean_e269,mean_e270,mean_e271,mean_e272,mean_e273,mean_e274,mean_e275,mean_e276,mean_e277,mean_e278,mean_e279,mean_e280,mean_e281,mean_e282,mean_e283,mean_e284,mean_e285,mean_e286,mean_e287,mean_e288,mean_e289,mean_e290,mean_e291,mean_e292,mean_e293,mean_e294,mean_e295,mean_e296,mean_e297,mean_e298,mean_e299,mean_e300,mean_e301,mean_e302,mean_e303,mean_e304,mean_e305,mean_e306,mean_e307,mean_e308,mean_e309,mean_e310,mean_e311,mean_e312,mean_e313,mean_e314,mean_e315,mean_e316,mean_e317,mean_e318,mean_e319,mean_e320,mean_e321,mean_e322,mean_e323,mean_e324,mean_e325,mean_e326,mean_e327,mean_e328,mean_e329,mean_e330,mean_e331,mean_e332,mean_e333,mean_e334,mean_e335,mean_e336,mean_e337,mean_e338,mean_e339,mean_e340,mean_e341,mean_e342,mean_e343,mean_e344,mean_e345,mean_e346,mean_e347,mean_e348,mean_e349,mean_e350,mean_e351,mean_e352,mean_e353,mean_e354,mean_e355,mean_e356,mean_e357,mean_e358,mean_e359,mean_e360,mean_e361,mean_e362,mean_e363,mean_e364,mean_e365,mean_e366,mean_e367,mean_e368,mean_e369,mean_e370,mean_e371,mean_e372,mean_e373,mean_e374,mean_e375,mean_e376,mean_e377,mean_e378,mean_e379,mean_e380,mean_e381,mean_e382,mean_e383,std_e0,std_e1,std_e2,std_e3,std_e4,std_e5,std_e6,std_e7,std_e8,std_e9,std_e10,std_e11,std_e12,std_e13,std_e14,std_e15,std_e16,std_e17,std_e18,std_e19,std_e20,std_e21,std_e22,std_e23,std_e24,std_e25,std_e26,std_e27,std_e28,std_e29,std_e30,std_e31,std_e32,std_e33,std_e34,std_e35,std_e36,std_e37,std_e38,std_e39,std_e40,std_e41,std_e42,std_e43,std_e44,std_e45,std_e46,std_e47,std_e48,std_e49,std_e50,std_e51,std_e52,std_e53,std_e54,std_e55,std_e56,std_e57,std_e58,std_e59,std_e60,std_e61,std_e62,std_e63,std_e64,std_e65,std_e66,std_e67,std_e68,std_e69,std_e70,std_e71,std_e72,std_e73,std_e74,std_e75,std_e76,std_e77,std_e78,std_e79,std_e80,std_e81,std_e82,std_e83,std_e84,std_e85,std_e86,std_e87,std_e88,std_e89,std_e90,std_e91,std_e92,std_e93,std_e94,std_e95,std_e96,std_e97,std_e98,std_e99,std_e100,std_e101,std_e102,std_e103,std_e104,std_e105,std_e106,std_e107,std_e108,std_e109,std_e110,std_e111,std_e112,std_e113,std_e114,std_e115,std_e116,std_e117,std_e118,std_e119,std_e120,std_e121,std_e122,std_e123,std_e124,std_e125,std_e126,std_e127,std_e128,std_e129,std_e130,std_e131,std_e132,std_e133,std_e134,std_e135,std_e136,std_e137,std_e138,std_e139,std_e140,std_e141,std_e142,std_e143,std_e144,std_e145,std_e146,std_e147,std_e148,std_e149,std_e150,std_e151,std_e152,std_e153,std_e154,std_e155,std_e156,std_e157,std_e158,std_e159,std_e160,std_e161,std_e162,std_e163,std_e164,std_e165,std_e166,std_e167,std_e168,std_e169,std_e170,std_e171,std_e172,std_e173,std_e174,std_e175,std_e176,std_e177,std_e178,std_e179,std_e180,std_e181,std_e182,std_e183,std_e184,std_e185,std_e186,std_e187,std_e188,std_e189,std_e190,std_e191,std_e192,std_e193,std_e194,std_e195,std_e196,std_e197,std_e198,std_e199,std_e200,std_e201,std_e202,std_e203,std_e204,std_e205,std_e206,std_e207,std_e208,std_e209,std_e210,std_e211,std_e212,std_e213,std_e214,std_e215,std_e216,std_e217,std_e218,std_e219,std_e220,std_e221,std_e222,std_e223,std_e224,std_e225,std_e226,std_e227,std_e228,std_e229,std_e230,std_e231,std_e232,std_e233,std_e234,std_e235,std_e236,std_e237,std_e238,std_e239,std_e240,std_e241,std_e242,std_e243,std_e244,std_e245,std_e246,std_e247,std_e248,std_e249,std_e250,std_e251,std_e252,std_e253,std_e254,std_e255,std_e256,std_e257,std_e258,std_e259,std_e260,std_e261,std_e262,std_e263,std_e264,std_e265,std_e266,std_e267,std_e268,std_e269,std_e270,std_e271,std_e272,std_e273,std_e274,std_e275,std_e276,std_e277,std_e278,std_e279,std_e280,std_e281,std_e282,std_e283,std_e284,std_e285,std_e286,std_e287,std_e288,std_e289,std_e290,std_e291,std_e292,std_e293,std_e294,std_e295,std_e296,std_e297,std_e298,std_e299,std_e300,std_e301,std_e302,std_e303,std_e304,std_e305,std_e306,std_e307,std_e308,std_e309,std_e310,std_e311,std_e312,std_e313,std_e314,std_e315,std_e316,std_e317,std_e318,std_e319,std_e320,std_e321,std_e322,std_e323,std_e324,std_e325,std_e326,std_e327,std_e328,std_e329,std_e330,std_e331,std_e332,std_e333,std_e334,std_e335,std_e336,std_e337,std_e338,std_e339,std_e340,std_e341,std_e342,std_e343,std_e344,std_e345,std_e346,std_e347,std_e348,std_e349,std_e350,std_e351,std_e352,std_e353,std_e354,std_e355,std_e356,std_e357,std_e358,std_e359,std_e360,std_e361,std_e362,std_e363,std_e364,std_e365,std_e366,std_e367,std_e368,std_e369,std_e370,std_e371,std_e372,std_e373,std_e374,std_e375,std_e376,std_e377,std_e378,std_e379,std_e380,std_e381,std_e382,std_e383,max_e0,max_e1,max_e2,max_e3,max_e4,max_e5,max_e6,max_e7,max_e8,max_e9,max_e10,max_e11,max_e12,max_e13,max_e14,max_e15,max_e16,max_e17,max_e18,max_e19,max_e20,max_e21,max_e22,max_e23,max_e24,max_e25,max_e26,max_e27,max_e28,max_e29,max_e30,max_e31,max_e32,max_e33,max_e34,max_e35,max_e36,max_e37,max_e38,max_e39,max_e40,max_e41,max_e42,max_e43,max_e44,max_e45,max_e46,max_e47,max_e48,max_e49,max_e50,max_e51,max_e52,max_e53,max_e54,max_e55,max_e56,max_e57,max_e58,max_e59,max_e60,max_e61,max_e62,max_e63,max_e64,max_e65,max_e66,max_e67,max_e68,max_e69,max_e70,max_e71,max_e72,max_e73,max_e74,max_e75,max_e76,max_e77,max_e78,max_e79,max_e80,max_e81,max_e82,max_e83,max_e84,max_e85,max_e86,max_e87,max_e88,max_e89,max_e90,max_e91,max_e92,max_e93,max_e94,max_e95,max_e96,max_e97,max_e98,max_e99,max_e100,max_e101,max_e102,max_e103,max_e104,max_e105,max_e106,max_e107,max_e108,max_e109,max_e110,max_e111,max_e112,max_e113,max_e114,max_e115,max_e116,max_e117,max_e118,max_e119,max_e120,max_e121,max_e122,max_e123,max_e124,max_e125,max_e126,max_e127,max_e128,max_e129,max_e130,max_e131,max_e132,max_e133,max_e134,max_e135,max_e136,max_e137,max_e138,max_e139,max_e140,max_e141,max_e142,max_e143,max_e144,max_e145,max_e146,max_e147,max_e148,max_e149,max_e150,max_e151,max_e152,max_e153,max_e154,max_e155,max_e156,max_e157,max_e158,max_e159,max_e160,max_e161,max_e162,max_e163,max_e164,max_e165,max_e166,max_e167,max_e168,max_e169,max_e170,max_e171,max_e172,max_e173,max_e174,max_e175,max_e176,max_e177,max_e178,max_e179,max_e180,max_e181,max_e182,max_e183,max_e184,max_e185,max_e186,max_e187,max_e188,max_e189,max_e190,max_e191,max_e192,max_e193,max_e194,max_e195,max_e196,max_e197,max_e198,max_e199,max_e200,max_e201,max_e202,max_e203,max_e204,max_e205,max_e206,max_e207,max_e208,max_e209,max_e210,max_e211,max_e212,max_e213,max_e214,max_e215,max_e216,max_e217,max_e218,max_e219,max_e220,max_e221,max_e222,max_e223,max_e224,max_e225,max_e226,max_e227,max_e228,max_e229,max_e230,max_e231,max_e232,max_e233,max_e234,max_e235,max_e236,max_e237,max_e238,max_e239,max_e240,max_e241,max_e242,max_e243,max_e244,max_e245,max_e246,max_e247,max_e248,max_e249,max_e250,max_e251,max_e252,max_e253,max_e254,max_e255,max_e256,max_e257,max_e258,max_e259,max_e260,max_e261,max_e262,max_e263,max_e264,max_e265,max_e266,max_e267,max_e268,max_e269,max_e270,max_e271,max_e272,max_e273,max_e274,max_e275,max_e276,max_e277,max_e278,max_e279,max_e280,max_e281,max_e282,max_e283,max_e284,max_e285,max_e286,max_e287,max_e288,max_e289,max_e290,max_e291,max_e292,max_e293,max_e294,max_e295,max_e296,max_e297,max_e298,max_e299,max_e300,max_e301,max_e302,max_e303,max_e304,max_e305,max_e306,max_e307,max_e308,max_e309,max_e310,max_e311,max_e312,max_e313,max_e314,max_e315,max_e316,max_e317,max_e318,max_e319,max_e320,max_e321,max_e322,max_e323,max_e324,max_e325,max_e326,max_e327,max_e328,max_e329,max_e330,max_e331,max_e332,max_e333,max_e334,max_e335,max_e336,max_e337,max_e338,max_e339,max_e340,max_e341,max_e342,max_e343,max_e344,max_e345,max_e346,max_e347,max_e348,max_e349,max_e350,max_e351,max_e352,max_e353,max_e354,max_e355,max_e356,max_e357,max_e358,max_e359,max_e360,max_e361,max_e362,max_e363,max_e364,max_e365,max_e366,max_e367,max_e368,max_e369,max_e370,max_e371,max_e372,max_e373,max_e374,max_e375,max_e376,max_e377,max_e378,max_e379,max_e380,max_e381,max_e382,max_e383,min_e0,min_e1,min_e2,min_e3,min_e4,min_e5,min_e6,min_e7,min_e8,min_e9,min_e10,min_e11,min_e12,min_e13,min_e14,min_e15,min_e16,min_e17,min_e18,min_e19,min_e20,min_e21,min_e22,min_e23,min_e24,min_e25,min_e26,min_e27,min_e28,min_e29,min_e30,min_e31,min_e32,min_e33,min_e34,min_e35,min_e36,min_e37,min_e38,min_e39,min_e40,min_e41,min_e42,min_e43,min_e44,min_e45,min_e46,min_e47,min_e48,min_e49,min_e50,min_e51,min_e52,min_e53,min_e54,min_e55,min_e56,min_e57,min_e58,min_e59,min_e60,min_e61,min_e62,min_e63,min_e64,min_e65,min_e66,min_e67,min_e68,min_e69,min_e70,min_e71,min_e72,min_e73,min_e74,min_e75,min_e76,min_e77,min_e78,min_e79,min_e80,min_e81,min_e82,min_e83,min_e84,min_e85,min_e86,min_e87,min_e88,min_e89,min_e90,min_e91,min_e92,min_e93,min_e94,min_e95,min_e96,min_e97,min_e98,min_e99,min_e100,min_e101,min_e102,min_e103,min_e104,min_e105,min_e106,min_e107,min_e108,min_e109,min_e110,min_e111,min_e112,min_e113,min_e114,min_e115,min_e116,min_e117,min_e118,min_e119,min_e120,min_e121,min_e122,min_e123,min_e124,min_e125,min_e126,min_e127,min_e128,min_e129,min_e130,min_e131,min_e132,min_e133,min_e134,min_e135,min_e136,min_e137,min_e138,min_e139,min_e140,min_e141,min_e142,min_e143,min_e144,min_e145,min_e146,min_e147,min_e148,min_e149,min_e150,min_e151,min_e152,min_e153,min_e154,min_e155,min_e156,min_e157,min_e158,min_e159,min_e160,min_e161,min_e162,min_e163,min_e164,min_e165,min_e166,min_e167,min_e168,min_e169,min_e170,min_e171,min_e172,min_e173,min_e174,min_e175,min_e176,min_e177,min_e178,min_e179,min_e180,min_e181,min_e182,min_e183,min_e184,min_e185,min_e186,min_e187,min_e188,min_e189,min_e190,min_e191,min_e192,min_e193,min_e194,min_e195,min_e196,min_e197,min_e198,min_e199,min_e200,min_e201,min_e202,min_e203,min_e204,min_e205,min_e206,min_e207,min_e208,min_e209,min_e210,min_e211,min_e212,min_e213,min_e214,min_e215,min_e216,min_e217,min_e218,min_e219,min_e220,min_e221,min_e222,min_e223,min_e224,min_e225,min_e226,min_e227,min_e228,min_e229,min_e230,min_e231,min_e232,min_e233,min_e234,min_e235,min_e236,min_e237,min_e238,min_e239,min_e240,min_e241,min_e242,min_e243,min_e244,min_e245,min_e246,min_e247,min_e248,min_e249,min_e250,min_e251,min_e252,min_e253,min_e254,min_e255,min_e256,min_e257,min_e258,min_e259,min_e260,min_e261,min_e262,min_e263,min_e264,min_e265,min_e266,min_e267,min_e268,min_e269,min_e270,min_e271,min_e272,min_e273,min_e274,min_e275,min_e276,min_e277,min_e278,min_e279,min_e280,min_e281,min_e282,min_e283,min_e284,min_e285,min_e286,min_e287,min_e288,min_e289,min_e290,min_e291,min_e292,min_e293,min_e294,min_e295,min_e296,min_e297,min_e298,min_e299,min_e300,min_e301,min_e302,min_e303,min_e304,min_e305,min_e306,min_e307,min_e308,min_e309,min_e310,min_e311,min_e312,min_e313,min_e314,min_e315,min_e316,min_e317,min_e318,min_e319,min_e320,min_e321,min_e322,min_e323,min_e324,min_e325,min_e326,min_e327,min_e328,min_e329,min_e330,min_e331,min_e332,min_e333,min_e334,min_e335,min_e336,min_e337,min_e338,min_e339,min_e340,min_e341,min_e342,min_e343,min_e344,min_e345,min_e346,min_e347,min_e348,min_e349,min_e350,min_e351,min_e352,min_e353,min_e354,min_e355,min_e356,min_e357,min_e358,min_e359,min_e360,min_e361,min_e362,min_e363,min_e364,min_e365,min_e366,min_e367,min_e368,min_e369,min_e370,min_e371,min_e372,min_e373,min_e374,min_e375,min_e376,min_e377,min_e378,min_e379,min_e380,min_e381,min_e382,min_e383,first_e0,first_e1,first_e2,first_e3,first_e4,first_e5,first_e6,first_e7,first_e8,first_e9,first_e10,first_e11,first_e12,first_e13,first_e14,first_e15,first_e16,first_e17,first_e18,first_e19,first_e20,first_e21,first_e22,first_e23,first_e24,first_e25,first_e26,first_e27,first_e28,first_e29,first_e30,first_e31,first_e32,first_e33,first_e34,first_e35,first_e36,first_e37,first_e38,first_e39,first_e40,first_e41,first_e42,first_e43,first_e44,first_e45,first_e46,first_e47,first_e48,first_e49,first_e50,first_e51,first_e52,first_e53,first_e54,first_e55,first_e56,first_e57,first_e58,first_e59,first_e60,first_e61,first_e62,first_e63,first_e64,first_e65,first_e66,first_e67,first_e68,first_e69,first_e70,first_e71,first_e72,first_e73,first_e74,first_e75,first_e76,first_e77,first_e78,first_e79,first_e80,first_e81,first_e82,first_e83,first_e84,first_e85,first_e86,first_e87,first_e88,first_e89,first_e90,first_e91,first_e92,first_e93,first_e94,first_e95,first_e96,first_e97,first_e98,first_e99,first_e100,first_e101,first_e102,first_e103,first_e104,first_e105,first_e106,first_e107,first_e108,first_e109,first_e110,first_e111,first_e112,first_e113,first_e114,first_e115,first_e116,first_e117,first_e118,first_e119,first_e120,first_e121,first_e122,first_e123,first_e124,first_e125,first_e126,first_e127,first_e128,first_e129,first_e130,first_e131,first_e132,first_e133,first_e134,first_e135,first_e136,first_e137,first_e138,first_e139,first_e140,first_e141,first_e142,first_e143,first_e144,first_e145,first_e146,first_e147,first_e148,first_e149,first_e150,first_e151,first_e152,first_e153,first_e154,first_e155,first_e156,first_e157,first_e158,first_e159,first_e160,first_e161,first_e162,first_e163,first_e164,first_e165,first_e166,first_e167,first_e168,first_e169,first_e170,first_e171,first_e172,first_e173,first_e174,first_e175,first_e176,first_e177,first_e178,first_e179,first_e180,first_e181,first_e182,first_e183,first_e184,first_e185,first_e186,first_e187,first_e188,first_e189,first_e190,first_e191,first_e192,first_e193,first_e194,first_e195,first_e196,first_e197,first_e198,first_e199,first_e200,first_e201,first_e202,first_e203,first_e204,first_e205,first_e206,first_e207,first_e208,first_e209,first_e210,first_e211,first_e212,first_e213,first_e214,first_e215,first_e216,first_e217,first_e218,first_e219,first_e220,first_e221,first_e222,first_e223,first_e224,first_e225,first_e226,first_e227,first_e228,first_e229,first_e230,first_e231,first_e232,first_e233,first_e234,first_e235,first_e236,first_e237,first_e238,first_e239,first_e240,first_e241,first_e242,first_e243,first_e244,first_e245,first_e246,first_e247,first_e248,first_e249,first_e250,first_e251,first_e252,first_e253,first_e254,first_e255,first_e256,first_e257,first_e258,first_e259,first_e260,first_e261,first_e262,first_e263,first_e264,first_e265,first_e266,first_e267,first_e268,first_e269,first_e270,first_e271,first_e272,first_e273,first_e274,first_e275,first_e276,first_e277,first_e278,first_e279,first_e280,first_e281,first_e282,first_e283,first_e284,first_e285,first_e286,first_e287,first_e288,first_e289,first_e290,first_e291,first_e292,first_e293,first_e294,first_e295,first_e296,first_e297,first_e298,first_e299,first_e300,first_e301,first_e302,first_e303,first_e304,first_e305,first_e306,first_e307,first_e308,first_e309,first_e310,first_e311,first_e312,first_e313,first_e314,first_e315,first_e316,first_e317,first_e318,first_e319,first_e320,first_e321,first_e322,first_e323,first_e324,first_e325,first_e326,first_e327,first_e328,first_e329,first_e330,first_e331,first_e332,first_e333,first_e334,first_e335,first_e336,first_e337,first_e338,first_e339,first_e340,first_e341,first_e342,first_e343,first_e344,first_e345,first_e346,first_e347,first_e348,first_e349,first_e350,first_e351,first_e352,first_e353,first_e354,first_e355,first_e356,first_e357,first_e358,first_e359,first_e360,first_e361,first_e362,first_e363,first_e364,first_e365,first_e366,first_e367,first_e368,first_e369,first_e370,first_e371,first_e372,first_e373,first_e374,first_e375,first_e376,first_e377,first_e378,first_e379,first_e380,first_e381,first_e382,first_e383,last_e0,last_e1,last_e2,last_e3,last_e4,last_e5,last_e6,last_e7,last_e8,last_e9,last_e10,last_e11,last_e12,last_e13,last_e14,last_e15,last_e16,last_e17,last_e18,last_e19,last_e20,last_e21,last_e22,last_e23,last_e24,last_e25,last_e26,last_e27,last_e28,last_e29,last_e30,last_e31,last_e32,last_e33,last_e34,last_e35,last_e36,last_e37,last_e38,last_e39,last_e40,last_e41,last_e42,last_e43,last_e44,last_e45,last_e46,last_e47,last_e48,last_e49,last_e50,last_e51,last_e52,last_e53,last_e54,last_e55,last_e56,last_e57,last_e58,last_e59,last_e60,last_e61,last_e62,last_e63,last_e64,last_e65,last_e66,last_e67,last_e68,last_e69,last_e70,last_e71,last_e72,last_e73,last_e74,last_e75,last_e76,last_e77,last_e78,last_e79,last_e80,last_e81,last_e82,last_e83,last_e84,last_e85,last_e86,last_e87,last_e88,last_e89,last_e90,last_e91,last_e92,last_e93,last_e94,last_e95,last_e96,last_e97,last_e98,last_e99,last_e100,last_e101,last_e102,last_e103,last_e104,last_e105,last_e106,last_e107,last_e108,last_e109,last_e110,last_e111,last_e112,last_e113,last_e114,last_e115,last_e116,last_e117,last_e118,last_e119,last_e120,last_e121,last_e122,last_e123,last_e124,last_e125,last_e126,last_e127,last_e128,last_e129,last_e130,last_e131,last_e132,last_e133,last_e134,last_e135,last_e136,last_e137,last_e138,last_e139,last_e140,last_e141,last_e142,last_e143,last_e144,last_e145,last_e146,last_e147,last_e148,last_e149,last_e150,last_e151,last_e152,last_e153,last_e154,last_e155,last_e156,last_e157,last_e158,last_e159,last_e160,last_e161,last_e162,last_e163,last_e164,last_e165,last_e166,last_e167,last_e168,last_e169,last_e170,last_e171,last_e172,last_e173,last_e174,last_e175,last_e176,last_e177,last_e178,last_e179,last_e180,last_e181,last_e182,last_e183,last_e184,last_e185,last_e186,last_e187,last_e188,last_e189,last_e190,last_e191,last_e192,last_e193,last_e194,last_e195,last_e196,last_e197,last_e198,last_e199,last_e200,last_e201,last_e202,last_e203,last_e204,last_e205,last_e206,last_e207,last_e208,last_e209,last_e210,last_e211,last_e212,last_e213,last_e214,last_e215,last_e216,last_e217,last_e218,last_e219,last_e220,last_e221,last_e222,last_e223,last_e224,last_e225,last_e226,last_e227,last_e228,last_e229,last_e230,last_e231,last_e232,last_e233,last_e234,last_e235,last_e236,last_e237,last_e238,last_e239,last_e240,last_e241,last_e242,last_e243,last_e244,last_e245,last_e246,last_e247,last_e248,last_e249,last_e250,last_e251,last_e252,last_e253,last_e254,last_e255,last_e256,last_e257,last_e258,last_e259,last_e260,last_e261,last_e262,last_e263,last_e264,last_e265,last_e266,last_e267,last_e268,last_e269,last_e270,last_e271,last_e272,last_e273,last_e274,last_e275,last_e276,last_e277,last_e278,last_e279,last_e280,last_e281,last_e282,last_e283,last_e284,last_e285,last_e286,last_e287,last_e288,last_e289,last_e290,last_e291,last_e292,last_e293,last_e294,last_e295,last_e296,last_e297,last_e298,last_e299,last_e300,last_e301,last_e302,last_e303,last_e304,last_e305,last_e306,last_e307,last_e308,last_e309,last_e310,last_e311,last_e312,last_e313,last_e314,last_e315,last_e316,last_e317,last_e318,last_e319,last_e320,last_e321,last_e322,last_e323,last_e324,last_e325,last_e326,last_e327,last_e328,last_e329,last_e330,last_e331,last_e332,last_e333,last_e334,last_e335,last_e336,last_e337,last_e338,last_e339,last_e340,last_e341,last_e342,last_e343,last_e344,last_e345,last_e346,last_e347,last_e348,last_e349,last_e350,last_e351,last_e352,last_e353,last_e354,last_e355,last_e356,last_e357,last_e358,last_e359,last_e360,last_e361,last_e362,last_e363,last_e364,last_e365,last_e366,last_e367,last_e368,last_e369,last_e370,last_e371,last_e372,last_e373,last_e374,last_e375,last_e376,last_e377,last_e378,last_e379,last_e380,last_e381,last_e382,last_e383,slope_e0,slope_e1,slope_e2,slope_e3,slope_e4,slope_e5,slope_e6,slope_e7,slope_e8,slope_e9,slope_e10,slope_e11,slope_e12,slope_e13,slope_e14,slope_e15,slope_e16,slope_e17,slope_e18,slope_e19,slope_e20,slope_e21,slope_e22,slope_e23,slope_e24,slope_e25,slope_e26,slope_e27,slope_e28,slope_e29,slope_e30,slope_e31,slope_e32,slope_e33,slope_e34,slope_e35,slope_e36,slope_e37,slope_e38,slope_e39,slope_e40,slope_e41,slope_e42,slope_e43,slope_e44,slope_e45,slope_e46,slope_e47,slope_e48,slope_e49,slope_e50,slope_e51,slope_e52,slope_e53,slope_e54,slope_e55,slope_e56,slope_e57,slope_e58,slope_e59,slope_e60,slope_e61,slope_e62,slope_e63,slope_e64,slope_e65,slope_e66,slope_e67,slope_e68,slope_e69,slope_e70,slope_e71,slope_e72,slope_e73,slope_e74,slope_e75,slope_e76,slope_e77,slope_e78,slope_e79,slope_e80,slope_e81,slope_e82,slope_e83,slope_e84,slope_e85,slope_e86,slope_e87,slope_e88,slope_e89,slope_e90,slope_e91,slope_e92,slope_e93,slope_e94,slope_e95,slope_e96,slope_e97,slope_e98,slope_e99,slope_e100,slope_e101,slope_e102,slope_e103,slope_e104,slope_e105,slope_e106,slope_e107,slope_e108,slope_e109,slope_e110,slope_e111,slope_e112,slope_e113,slope_e114,slope_e115,slope_e116,slope_e117,slope_e118,slope_e119,slope_e120,slope_e121,slope_e122,slope_e123,slope_e124,slope_e125,slope_e126,slope_e127,slope_e128,slope_e129,slope_e130,slope_e131,slope_e132,slope_e133,slope_e134,slope_e135,slope_e136,slope_e137,slope_e138,slope_e139,slope_e140,slope_e141,slope_e142,slope_e143,slope_e144,slope_e145,slope_e146,slope_e147,slope_e148,slope_e149,slope_e150,slope_e151,slope_e152,slope_e153,slope_e154,slope_e155,slope_e156,slope_e157,slope_e158,slope_e159,slope_e160,slope_e161,slope_e162,slope_e163,slope_e164,slope_e165,slope_e166,slope_e167,slope_e168,slope_e169,slope_e170,slope_e171,slope_e172,slope_e173,slope_e174,slope_e175,slope_e176,slope_e177,slope_e178,slope_e179,slope_e180,slope_e181,slope_e182,slope_e183,slope_e184,slope_e185,slope_e186,slope_e187,slope_e188,slope_e189,slope_e190,slope_e191,slope_e192,slope_e193,slope_e194,slope_e195,slope_e196,slope_e197,slope_e198,slope_e199,slope_e200,slope_e201,slope_e202,slope_e203,slope_e204,slope_e205,slope_e206,slope_e207,slope_e208,slope_e209,slope_e210,slope_e211,slope_e212,slope_e213,slope_e214,slope_e215,slope_e216,slope_e217,slope_e218,slope_e219,slope_e220,slope_e221,slope_e222,slope_e223,slope_e224,slope_e225,slope_e226,slope_e227,slope_e228,slope_e229,slope_e230,slope_e231,slope_e232,slope_e233,slope_e234,slope_e235,slope_e236,slope_e237,slope_e238,slope_e239,slope_e240,slope_e241,slope_e242,slope_e243,slope_e244,slope_e245,slope_e246,slope_e247,slope_e248,slope_e249,slope_e250,slope_e251,slope_e252,slope_e253,slope_e254,slope_e255,slope_e256,slope_e257,slope_e258,slope_e259,slope_e260,slope_e261,slope_e262,slope_e263,slope_e264,slope_e265,slope_e266,slope_e267,slope_e268,slope_e269,slope_e270,slope_e271,slope_e272,slope_e273,slope_e274,slope_e275,slope_e276,slope_e277,slope_e278,slope_e279,slope_e280,slope_e281,slope_e282,slope_e283,slope_e284,slope_e285,slope_e286,slope_e287,slope_e288,slope_e289,slope_e290,slope_e291,slope_e292,slope_e293,slope_e294,slope_e295,slope_e296,slope_e297,slope_e298,slope_e299,slope_e300,slope_e301,slope_e302,slope_e303,slope_e304,slope_e305,slope_e306,slope_e307,slope_e308,slope_e309,slope_e310,slope_e311,slope_e312,slope_e313,slope_e314,slope_e315,slope_e316,slope_e317,slope_e318,slope_e319,slope_e320,slope_e321,slope_e322,slope_e323,slope_e324,slope_e325,slope_e326,slope_e327,slope_e328,slope_e329,slope_e330,slope_e331,slope_e332,slope_e333,slope_e334,slope_e335,slope_e336,slope_e337,slope_e338,slope_e339,slope_e340,slope_e341,slope_e342,slope_e343,slope_e344,slope_e345,slope_e346,slope_e347,slope_e348,slope_e349,slope_e350,slope_e351,slope_e352,slope_e353,slope_e354,slope_e355,slope_e356,slope_e357,slope_e358,slope_e359,slope_e360,slope_e361,slope_e362,slope_e363,slope_e364,slope_e365,slope_e366,slope_e367,slope_e368,slope_e369,slope_e370,slope_e371,slope_e372,slope_e373,slope_e374,slope_e375,slope_e376,slope_e377,slope_e378,slope_e379,slope_e380,slope_e381,slope_e382,slope_e383
-0.01533996,-0.00954335,-0.00732792,-0.01450803,0.01312132,0.01091387,0.00448363,0.00726132,-0.02367879,-0.02015817,0.00174310,0.04033144,-0.01775827,0.00340897,0.03603565,-0.00648638,0.02589554,-0.04597405,-0.03055054,0.00528265,-0.04565755,-0.02263153,-0.00822109,0.01014602,-0.00706734,0.00990293,-0.01448619,0.01462236,0.01968105,-0.04425390,-0.00214208,0.03343948,0.05424951,0.00324999,0.03078339,0.03817533,0.00688480,-0.02628532,0.01168303,-0.02743799,0.01537081,-0.05000631,-0.03668878,0.00909934,-0.00742842,-0.01531431,0.00975253,-0.00371364,-0.00924612,0.02011031,-0.01606203,-0.01842253,-0.00754798,-0.03832783,-0.00372253,0.02558924,-0.01982709,-0.02218698,0.00751647,-0.01208914,0.00092156,0.00012962,-0.03464149,0.02366206,0.03463955,-0.01722306,-0.02919286,0.03186602,-0.04598878,-0.01832677,0.00209329,-0.03620586,-0.01546741,0.00434156,-0.00057447,0.00937622,0.03953324,0.00010301,0.03975262,-0.01465116,0.02365636,-0.00032386,-0.02642387,-0.01879439,-0.03497705,-0.02883661,0.00599100,-0.01395375,-0.00232487,-0.01963987,0.01720152,-0.00854375,0.01583744,0.01488307,-0.01179212,0.02017384,-0.03913003,-0.00555227,0.00360510,0.04208454,0.00506993,0.04766662,-0.01351246,-0.04110704,-0.04240121,-0.04043929,-0.01934002,0.03130254,0.01372265,0.00276493,-0.02804155,0.02480649,-0.01583129,0.00758633,-0.01925252,-0.00297338,-0.03832196,0.00320517,0.06515849,-0.03029381,0.01272482,0.04106185,-0.01123377,-0.01351568,-0.03299102,-0.00177691,-0.02301003,0.00000000,-0.04759806,0.02539374,0.00408793,0.01525969,0.00561386,0.01112519,-0.01931299,-0.01748672,-0.02238939,-0.00232605,-0.00853651,0.03826226,0.01211473,0.02449869,0.00946387,-0.04987446,-0.03065844,0.06061108,0.01689954,-0.00226312,-0.02012112,-0.02308705,0.01087493,0.01940896,0.03138998,-0.01729303,0.01273982,0.01883622,0.04173183,0.01655930,0.03612664,0.02284721,-0.02189186,-0.00020087,-0.03736834,0.04591332,-0.03979043,-0.04582543,0.00760481,-0.00314788,-0.03294732,0.01528260,-0.02719272,0.00464882,-0.01437409,0.01898333,0.00506137,-0.00980835,-0.00901252,-0.01410959,-0.01273672,0.02017395,-0.02096374,-0.01028747,0.01107754,-0.02614376,0.01735340,-0.02724604,0.00638936,-0.00441260,-0.00512184,0.01533083,-0.02883551,-0.00235664,-0.02504402,0.04534779,0.03467643,0.01306477,-0.02215719,0.01002626,-0.00164845,0.00056013,0.02295750,0.01083976,-0.01809544,0.00388541,-0.02171846,0.03222966,0.05357779,0.01001850,-0.00834786,0.01554086,0.02022845,-0.01811713,0.03235812,-0.00751604,0.03059132,-0.02127604,-0.00158738,0.02625657,-0.03734127,0.01504398,0.00561028,0.04471963,0.01030798,0.00000000,-0.02356258,0.01861536,-0.00906456,0.02011676,-0.00974384,0.00089322,0.03207221,-0.01523973,0.01879848,0.05169648,0.00240280,0.01383249,-0.00711129,0.01080021,-0.00619364,-0.02019323,0.04640995,-0.01944526,0.02319514,-0.03430119,0.01383423,0.03914143,-0.02009325,0.05507897,-0.00184741,0.02372319,-0.03596798,-0.01322547,-0.01560228,-0.02081559,-0.01700871,-0.04194412,-0.04921233,0.02004439,0.00049504,0.00821132,-0.00139620,-0.00276597,0.01647240,-0.00153191,0.01698594,-0.02129229,-0.02213989,0.02977131,-0.01953352,-0.02298695,0.02632841,-0.02929409,0.01824846,0.00756770,-0.00691772,0.02174554,-0.02356435,-0.02642761,-0.05532734,0.04130324,0.03691256,-0.00880041,0.00438249,0.00156365,0.01642314,0.04142932,0.00888649,-0.00284832,0.03850247,-0.00115119,0.02125723,-0.04066688,-0.00101402,-0.01443493,0.03114569,-0.01013491,-0.03515231,-0.00612174,-0.03080861,0.01736519,0.00462770,-0.03501519,-0.02344437,-0.00383361,0.00411846,-0.00501670,0.02199933,0.02202725,0.00368296,-0.01555181,0.00388059,-0.02094450,0.00614745,0.01688706,-0.05058961,-0.02090919,-0.01077672,0.00462772,0.01492121,0.00000000,-0.01159065,-0.02545950,0.00625857,0.01488653,0.00738265,-0.01241873,0.00419315,0.02441635,0.00451123,0.03006583,0.02339679,-0.00871903,-0.06264376,0.03314182,0.01870119,0.00260049,-0.01969661,0.03027497,-0.03215699,-0.01558242,0.00236690,0.06444299,0.03994629,0.01316830,-0.01297568,0.00766583,-0.00284003,0.04714196,0.01621884,-0.01036774,0.00793574,0.01910089,0.01241339,0.00073138,-0.00370288,-0.02737225,-0.01100298,0.01648155,0.00772565,-0.00124301,-0.02990913,-0.01865485,-0.01012255,0.04681823,-0.00966448,-0.00484099,-0.07020923,0.02457261,-0.02098008,-0.02990809,0.02090248,-0.00884902,0.02992056,0.02079272,0.02814565,-0.00404257,-0.03214459,0.00158571,0.00581959,0.02079091,0.01207599,-0.05864517,0.02903103,0.01628207,0.05585621,0.04929710,0.03230146,0.03775518,0.04395506,0.03698222,0.05363507,0.04577028,0.05334596,0.04234687,0.04461837,0.04914423,0.03905227,0.03839687,0.04549696,0.04332280,0.04240709,0.04272654,0.03901098,0.04760451,0.04930429,0.04438162,0.04224934,0.03654530,0.05347788,0.04157204,0.04203918,0.04240286,0.03607259,0.03479170,0.04771782,0.03975994,0.04510065,0.03542114,0.04972609,0.05515945,0.04074546,0.04161430,0.03969313,0.03724200,0.04569797,0.04039224,0.04344003,0.04133545,0.03915943,0.04221857,0.03791400,0.04199345,0.04274211,0.04582410,0.05020578,0.04674262,0.04361478,0.05576870,0.04155331,0.05365049,0.04205859,0.04223174,0.04034690,0.04112940,0.04812218,0.03587497,0.04185819,0.03727764,0.04117293,0.04733026,0.03838369,0.05343317,0.05486695,0.05329862,0.04533310,0.04549557,0.05011365,0.04954225,0.04467362,0.04231690,0.03811475,0.04243697,0.04196883,0.04160320,0.04623047,0.04851509,0.03949342,0.04772164,0.05270124,0.04627244,0.04223002,0.04904502,0.04365806,0.04031206,0.04527432,0.04864864,0.04776464,0.04517375,0.05838123,0.04433496,0.04101771,0.04898864,0.05254937,0.04186767,0.03994738,0.04608021,0.04918338,0.04679349,0.04105624,0.03659649,0.04610354,0.03717112,0.03801685,0.04840909,0.04243524,0.03826420,0.04484513,0.04619985,0.04127233,0.04958118,0.04519780,0.03719701,0.03966064,0.05821439,0.04259531,0.04219657,0.05837621,0.04459952,0.04396508,0.04945130,0.04701596,0.00000000,0.05228874,0.05048536,0.04061690,0.05686223,0.05065054,0.03270808,0.03379806,0.03395835,0.04568104,0.04006670,0.05183879,0.04742732,0.04730293,0.06627487,0.05177657,0.05366430,0.04731002,0.04429584,0.04969172,0.04005845,0.05235440,0.05436424,0.03539173,0.04447961,0.04695120,0.04385927,0.04385526,0.04824541,0.05779244,0.02235867,0.04373091,0.03764859,0.05704406,0.03525175,0.04274998,0.04683120,0.05260118,0.04953665,0.03783005,0.03731107,0.03951550,0.03525183,0.04439548,0.04335360,0.05651776,0.04708323,0.04269735,0.03803458,0.05572885,0.03937853,0.04347256,0.03265628,0.04991390,0.03739734,0.04699337,0.04458582,0.04237493,0.04677100,0.04126084,0.03846699,0.04168430,0.04965911,0.05037877,0.04777143,0.04970164,0.04797923,0.04156276,0.03707104,0.04642579,0.05079040,0.04633408,0.03921183,0.04662953,0.04665765,0.05501430,0.03762758,0.04250254,0.03551319,0.04538661,0.04870264,0.04395434,0.04414643,0.04358088,0.04995966,0.05139580,0.05000270,0.04147516,0.04462690,0.04149537,0.04918031,0.04791122,0.03883185,0.04144341,0.04859809,0.04885886,0.00000000,0.04033568,0.04441827,0.04696421,0.04111701,0.04181281,0.03764825,0.04659837,0.05766481,0.04659646,0.05136146,0.04628951,0.03659316,0.04157438,0.03762198,0.05507719,0.04249556,0.04713343,0.04490905,0.04200281,0.03783258,0.04644834,0.04411127,0.04322564,0.04507416,0.03963033,0.03321137,0.05513307,0.04935640,0.04599880,0.04128317,0.04479165,0.04616767,0.05021161,0.04374723,0.04220393,0.04796250,0.04973591,0.04088042,0.03848874,0.05427320,0.04140022,0.03990679,0.04817080,0.04482258,0.03903350,0.04289335,0.04931953,0.04521713,0.05416662,0.03713415,0.04750128,0.03636027,0.05007436,0.05550862,0.04137235,0.04991856,0.04997200,0.04178061,0.04674211,0.03060342,0.05269775,0.03957898,0.03461362,0.04072382,0.03901769,0.04576426,0.04466538,0.04907902,0.04861974,0.04165162,0.04765559,0.04828835,0.04952195,0.04547877,0.05785598,0.05773368,0.05234535,0.04299033,0.04237045,0.04415284,0.04491207,0.03903298,0.03473410,0.04487108,0.04726542,0.04681251,0.04541233,0.05173386,0.03896129,0.03923236,0.04896242,0.05261784,0.04915111,0.04994481,0.03930175,0.00000000,0.03740917,0.04685743,0.04274376,0.04106401,0.04360758,0.04464325,0.05389085,0.04981511,0.03584867,0.04802207,0.04706643,0.04722419,0.05046693,0.04212352,0.05081799,0.03915544,0.04187247,0.05440874,0.03017762,0.04511656,0.04023747,0.03994581,0.04884738,0.04828971,0.03717660,0.03068372,0.04886587,0.05137451,0.04381132,0.04178522,0.04657126,0.03371802,0.04873107,0.03545884,0.04382406,0.04653549,0.04743631,0.03771825,0.04105356,0.04708783,0.03747927,0.04610673,0.04296307,0.04337656,0.04726055,0.04650116,0.05845138,0.04785696,0.04012566,0.05470636,0.04402631,0.03997628,0.03981104,0.04076753,0.04561912,0.04027217,0.04300653,0.03850988,0.05903590,0.04032091,0.04703312,0.04851963,0.05669117,0.04030471,0.12035400,0.13310400,0.09125300,0.10754300,0.12740200,0.10328700,0.15721200,0.13352700,0.12025900,0.10151600,0.11281900,0.16608700,0.07974400,0.12905200,0.18232400,0.09805700,0.13698700,0.06425000,0.07707900,0.16174800,0.07425000,0.11427600,0.08808200,0.13786100,0.12532300,0.14105600,0.11132000,0.11055700,0.13073600,0.06282400,0.10184300,0.15990500,0.16991500,0.11187100,0.14791900,0.14005000,0.09940800,0.08946000,0.10299100,0.07017800,0.11185300,0.07328400,0.07720800,0.13923600,0.10064500,0.12598100,0.10184600,0.12460500,0.13080400,0.14024300,0.15399700,0.10321700,0.11603900,0.12295000,0.13741200,0.18316800,0.06964800,0.09215600,0.11801000,0.11435500,0.12297300,0.08413100,0.07731800,0.14646700,0.14849300,0.10581000,0.07847400,0.15634700,0.08040500,0.14755200,0.12634300,0.09990600,0.11391100,0.12302200,0.13055400,0.13320600,0.11641300,0.10832000,0.15936800,0.12620300,0.15085300,0.12645700,0.10098800,0.13579600,0.11126300,0.08903200,0.12437900,0.12994500,0.10508300,0.07148800,0.15950700,0.12038500,0.16872900,0.13081100,0.13495500,0.12992300,0.08274200,0.13214300,0.16281700,0.22034300,0.10953100,0.15549100,0.11718000,0.08503100,0.08479800,0.04683200,0.11687400,0.11907000,0.10083000,0.13983400,0.07163700,0.12984400,0.09116000,0.16707200,0.08436700,0.14206900,0.08785300,0.08598500,0.20143300,0.11727500,0.14262800,0.16036100,0.13724200,0.08743000,0.08907300,0.10393100,0.13672200,0.00000000,0.10307000,0.14220900,0.11235800,0.16514500,0.11054700,0.12201900,0.07050700,0.08881300,0.08371800,0.11481500,0.13278000,0.14184100,0.12749800,0.18749000,0.15466700,0.13640900,0.09713200,0.17731200,0.13837400,0.12498400,0.09522000,0.16476400,0.09375500,0.11771000,0.12459300,0.10268600,0.11823500,0.12163300,0.17818100,0.07248200,0.15248600,0.14077800,0.13213800,0.10295800,0.10703500,0.15934300,0.12190400,0.12089200,0.13319700,0.09199400,0.06177800,0.11516100,0.08028600,0.11550700,0.14595600,0.14258800,0.13405800,0.09776500,0.15770400,0.08588000,0.10675700,0.11095500,0.13501800,0.08858600,0.11944700,0.09760900,0.13241000,0.07373600,0.12820600,0.10019800,0.17206200,0.14084900,0.13016200,0.09946700,0.11165800,0.16246100,0.14022600,0.12332100,0.10293300,0.16298800,0.11889200,0.08581900,0.13653500,0.16957200,0.13869900,0.10866800,0.11551100,0.11973400,0.16599100,0.14902300,0.10789200,0.13388700,0.12270800,0.11011800,0.16741500,0.12153400,0.13809100,0.09644900,0.17995600,0.14414800,0.08504200,0.11329300,0.11542600,0.15759900,0.15785900,0.00000000,0.09717600,0.15275000,0.12138300,0.12191900,0.11309800,0.09135300,0.14775000,0.14757400,0.13314800,0.16564500,0.15036100,0.11630200,0.10782200,0.11320400,0.12805600,0.11380500,0.16794300,0.09394200,0.10956000,0.09036800,0.13114200,0.17459800,0.11711600,0.18581300,0.12700400,0.13002000,0.12220700,0.14686400,0.08868100,0.12748600,0.10522400,0.06862600,0.11795900,0.12334800,0.14507200,0.11703100,0.16769200,0.10908900,0.12060600,0.12254400,0.13762700,0.09541600,0.11852000,0.22629400,0.08369100,0.07438600,0.17567500,0.08704600,0.18382400,0.11583500,0.10229000,0.12184800,0.08445700,0.15895600,0.06729200,0.17163700,0.15378700,0.09341600,0.14029800,0.06780300,0.13931500,0.14465300,0.10081200,0.10113000,0.15320400,0.16481600,0.12810900,0.12215400,0.12062900,0.09539600,0.15903600,0.11389500,0.13130800,0.14269700,0.11980100,0.16748200,0.18703100,0.09673500,0.11704900,0.10651700,0.13728700,0.10095700,0.10849900,0.18668500,0.13148000,0.13570700,0.12363500,0.14753600,0.10720000,0.12636200,0.07532400,0.12427800,0.15453800,0.13179300,0.12737300,-0.00000000,0.07853300,0.12371400,0.12623100,0.14262500,0.13028400,0.14024700,0.15570600,0.16322400,0.10812500,0.14832300,0.19804800,0.11245800,0.08739400,0.13408500,0.13444100,0.10875300,0.09068200,0.18699900,0.04605700,0.12609900,0.11416700,0.14821600,0.15690600,0.13461000,0.10792100,0.09223300,0.14585500,0.18606700,0.15504600,0.09931800,0.13307800,0.11884000,0.12624400,0.08162700,0.13743900,0.10683400,0.10887000,0.10014700,0.14440400,0.14743100,0.09023600,0.10276900,0.07539600,0.18874000,0.11493900,0.13473900,0.11769400,0.15313200,0.07709800,0.09436100,0.12972600,0.11072300,0.13331000,0.12942300,0.17387500,0.09248900,0.08238300,0.14715500,0.14479200,0.12107100,0.13461100,0.09470500,0.15065100,0.10262800,-0.17133300,-0.14929600,-0.09283900,-0.10072300,-0.09148000,-0.11001400,-0.13985200,-0.11924400,-0.16729800,-0.13842800,-0.10031800,-0.09411600,-0.12331800,-0.08926400,-0.08401700,-0.12119100,-0.07551300,-0.16394800,-0.15687700,-0.12218500,-0.17009600,-0.16769500,-0.13827300,-0.09534900,-0.13222200,-0.12042500,-0.13857100,-0.10240400,-0.09144700,-0.13600400,-0.15139600,-0.04986300,-0.05330400,-0.09392500,-0.12884400,-0.10930500,-0.09290000,-0.12661000,-0.12198600,-0.12267800,-0.09377100,-0.14395800,-0.12702800,-0.08532000,-0.11031800,-0.10477600,-0.09717900,-0.09214900,-0.09650000,-0.11511100,-0.16437000,-0.12594200,-0.10907900,-0.15171900,-0.09858500,-0.09649100,-0.12654800,-0.12525000,-0.10631200,-0.11588400,-0.12726200,-0.09859800,-0.14270200,-0.08685900,-0.15271100,-0.13056800,-0.12079500,-0.10152800,-0.18706300,-0.15335900,-0.09633400,-0.16625000,-0.12211500,-0.13755400,-0.11387700,-0.10189200,-0.10318700,-0.11601300,-0.07409400,-0.13287700,-0.09153700,-0.12166300,-0.13630100,-0.14767100,-0.18597400,-0.13032000,-0.10798300,-0.18618900,-0.11823200,-0.11870700,-0.17563500,-0.11195300,-0.11379400,-0.09360600,-0.13865300,-0.10528100,-0.16946200,-0.15625500,-0.14650200,-0.06868900,-0.11554300,-0.07556500,-0.15774700,-0.16367300,-0.14638300,-0.13787600,-0.11806900,-0.07242000,-0.11025500,-0.10716700,-0.12293500,-0.07362000,-0.11487600,-0.10836300,-0.11589300,-0.10990300,-0.16602100,-0.09932400,-0.05638100,-0.19962500,-0.10142700,-0.05938400,-0.14220200,-0.12796600,-0.15488300,-0.12025400,-0.13239100,-0.00000000,-0.18365100,-0.12542400,-0.11247700,-0.12535300,-0.11639600,-0.08394100,-0.09819300,-0.09527400,-0.14693000,-0.11086200,-0.16546900,-0.07640900,-0.11717300,-0.14448100,-0.11002800,-0.15115400,-0.14171900,-0.06353800,-0.12166500,-0.08934900,-0.14896200,-0.16201600,-0.09082800,-0.10681000,-0.10400200,-0.13727200,-0.12368900,-0.09734000,-0.12354000,-0.05952000,-0.06827800,-0.08761900,-0.17499000,-0.09876000,-0.15625800,-0.07697100,-0.13631800,-0.14245800,-0.10903400,-0.11258400,-0.12522500,-0.11122300,-0.14988800,-0.19177300,-0.18876400,-0.11581200,-0.09797000,-0.10380700,-0.17881300,-0.12826200,-0.11166500,-0.12557700,-0.12269600,-0.11350100,-0.11940100,-0.15409300,-0.08766800,-0.15398300,-0.10794200,-0.09332200,-0.11302100,-0.13750300,-0.20359400,-0.12322200,-0.13310200,-0.10564900,-0.08256600,-0.09155900,-0.14778900,-0.10907300,-0.10314600,-0.13514700,-0.09638300,-0.07914000,-0.14395500,-0.09633300,-0.14166100,-0.07147300,-0.05674500,-0.12688900,-0.11024400,-0.14253200,-0.09290000,-0.14771600,-0.15672400,-0.13548800,-0.08744100,-0.12726200,-0.12719400,-0.08473600,-0.20256200,-0.11536300,-0.09057900,-0.12444900,-0.13263200,-0.00000000,-0.13136500,-0.06780900,-0.13218100,-0.08499400,-0.13961400,-0.11527400,-0.10884100,-0.11299500,-0.10609800,-0.07970700,-0.12219700,-0.08159500,-0.12627800,-0.09717200,-0.14956300,-0.12622700,-0.08517100,-0.19868300,-0.09467700,-0.12598200,-0.11297100,-0.08080600,-0.12024000,-0.08281400,-0.12288400,-0.06266700,-0.22662300,-0.15175700,-0.12996000,-0.11369300,-0.12052100,-0.16504700,-0.18149600,-0.10488000,-0.12510800,-0.11956900,-0.12538900,-0.10218900,-0.13451200,-0.14011300,-0.07543500,-0.12348800,-0.17584500,-0.09838700,-0.11838000,-0.13197800,-0.07785300,-0.15385600,-0.14457300,-0.09862100,-0.13123300,-0.06457400,-0.17664800,-0.16066900,-0.14305700,-0.05940800,-0.06819700,-0.10988300,-0.13979800,-0.09016200,-0.13692800,-0.05783900,-0.10637900,-0.09034900,-0.07068300,-0.11708900,-0.12814900,-0.15189900,-0.17073700,-0.14493700,-0.08802900,-0.13385400,-0.15794800,-0.10503100,-0.20280400,-0.11013500,-0.16545600,-0.13706400,-0.13156300,-0.12009400,-0.12227100,-0.09407100,-0.07571600,-0.11250300,-0.13186500,-0.12177100,-0.10019000,-0.14451100,-0.09108200,-0.07735400,-0.17296700,-0.15428700,-0.16399300,-0.10513900,-0.08986700,-0.00000000,-0.11915000,-0.12937600,-0.10806800,-0.11127000,-0.11441900,-0.13952200,-0.14300100,-0.13171500,-0.08220000,-0.10802400,-0.09098300,-0.14276100,-0.18778900,-0.09915900,-0.13275100,-0.11443800,-0.12912100,-0.13091900,-0.11399900,-0.15061100,-0.08955700,-0.04135100,-0.07400200,-0.09131100,-0.11761100,-0.08385000,-0.13312900,-0.05333600,-0.09954500,-0.11430900,-0.08946700,-0.07117700,-0.11396200,-0.09722200,-0.12490800,-0.14649400,-0.14235700,-0.12494700,-0.09518600,-0.16360700,-0.13639000,-0.12367300,-0.13745400,-0.09939800,-0.14636600,-0.15589000,-0.20844300,-0.16337600,-0.12290200,-0.17113300,-0.11596800,-0.12146000,-0.09800000,-0.07269000,-0.08974700,-0.12516700,-0.12183700,-0.09734700,-0.18082600,-0.10133800,-0.09038700,-0.17334000,-0.12779500,-0.08962100,-0.04964400,0.07177000,0.08994600,0.02591900,-0.00590500,-0.00329400,0.03541200,0.04400200,0.05743000,-0.01924300,-0.07911900,0.04668100,-0.04061300,0.05707100,-0.05720300,0.04222600,-0.02487000,-0.09283600,-0.07497600,0.09814100,-0.06635400,0.03822800,0.04502400,0.04772000,-0.07651200,0.05571700,0.11132000,-0.00201300,-0.02134000,-0.08518600,-0.08341400,0.08107500,-0.01689300,-0.00760600,0.07014400,0.02197500,0.01971800,-0.03639400,0.01864700,0.00466900,0.04147800,0.03542100,-0.05862800,0.04840600,0.04898100,0.06412300,0.02205500,0.02075300,0.10453200,0.05205500,-0.00480900,-0.01335900,-0.04565100,0.00754700,0.02320800,0.07006800,-0.01889900,-0.04434000,0.08463500,0.04415400,-0.00476100,0.03911600,0.02272900,0.08388800,0.14849300,-0.02777300,-0.00901000,0.01614000,-0.08246200,0.06970800,-0.05142100,-0.01387500,0.03978300,0.02002000,-0.04982900,-0.00753000,-0.01784000,0.01942200,0.09811100,-0.00595800,-0.00609500,-0.03601300,-0.04472100,-0.00195200,-0.00272200,0.04430800,0.00374700,0.07470300,0.01382300,-0.04877400,-0.09923300,0.04939500,-0.00669300,0.02310400,0.05448700,0.02225000,-0.03460800,-0.01894400,-0.08722100,0.08835500,0.08562900,0.07412200,-0.02357200,0.02736700,0.03850900,-0.02047700,-0.00976400,-0.02479900,-0.06921100,-0.06510200,0.01367800,0.00178500,-0.01998100,-0.02188100,0.05136600,0.06696500,-0.05022300,0.06074700,-0.02589000,0.02259200,-0.02354900,-0.02599600,0.02886800,0.03276100,-0.05259900,0.01818500,0.03586200,-0.00000000,0.10307000,0.05571300,0.04521000,0.10075100,-0.06411200,0.00115100,-0.02447300,-0.00897600,0.00115200,-0.04443900,0.05889400,0.03113800,-0.11004400,0.04172600,-0.06146100,0.06248900,-0.02803600,0.07411200,0.03590000,0.01617200,-0.04096700,0.02422600,0.02810300,0.08154400,-0.01400400,-0.01132700,0.01134100,-0.05677800,0.02500700,0.00273100,0.03121300,-0.01020300,0.01477100,0.03456200,0.01170600,-0.01498800,-0.00277500,0.03446000,-0.08459800,-0.01596900,0.01218900,0.04311100,0.04649500,-0.03738200,-0.08136600,-0.01731600,0.00289500,0.04314000,0.01612000,-0.05125700,0.00832700,0.02213400,-0.05622300,0.05405200,-0.06459700,-0.01295100,-0.02749700,0.03877700,-0.02769600,0.10019800,-0.01088500,0.01896600,0.03493600,-0.08614900,-0.09632600,-0.04229700,0.02704200,-0.05715800,0.02209300,-0.05088500,0.02494900,-0.07377400,0.03398800,0.05117800,-0.03171600,0.02276600,-0.01425900,-0.00431100,0.03187800,-0.04550400,0.10324400,0.03395200,0.06963300,-0.07945600,0.06851400,0.02758800,0.03846500,-0.01037700,-0.02386300,-0.03173100,-0.10903400,0.04242100,0.07330900,0.02863000,-0.13263200,0.00000000,0.07522300,-0.03939400,-0.13218100,-0.04802700,-0.05459100,-0.03999000,0.02242700,-0.00534800,-0.08445100,0.03281600,0.04227700,-0.06348700,0.05192100,-0.03175400,0.07155400,0.01425900,0.10746900,0.07263800,-0.02103900,0.04321900,-0.07569300,-0.00547200,-0.02904900,0.03029600,-0.03508900,-0.00454900,0.01744800,0.05656800,-0.02690200,-0.06971200,0.04069800,0.02155400,-0.08396300,-0.00141100,0.01849600,0.03087900,0.02215000,-0.00857100,0.03622600,-0.03168900,0.03446500,0.07513400,-0.05148000,0.04296000,-0.01876200,-0.05476000,-0.03977700,0.08245400,-0.02030600,0.04917200,-0.00721000,-0.05039800,0.00347000,-0.01364800,-0.01894300,-0.02541300,0.00278600,-0.09643200,0.05684800,0.04236800,-0.13692800,-0.02067100,0.00347500,-0.02852000,0.01652700,-0.01951800,-0.09415100,0.00941700,-0.01281200,-0.06485100,-0.01662600,-0.06422500,-0.02919000,0.00435500,-0.00553600,0.02778600,-0.01036400,-0.03454900,-0.02499100,0.01909200,-0.03217900,0.01033400,0.03477900,0.04864200,-0.06845100,-0.09684600,0.07110300,0.00975200,0.04566800,-0.04398300,-0.00329000,-0.02276200,-0.08174500,0.00032800,0.02933800,-0.00000000,-0.01839500,0.04462000,-0.03860800,0.06057000,-0.02692800,-0.02228400,0.00506600,0.01389100,-0.00620200,0.07007400,0.03743500,0.09700800,-0.06350900,-0.03084400,0.03992400,0.02585200,0.02312000,0.03758900,-0.03625300,-0.04140700,-0.04826300,0.01264300,0.07054800,-0.03870700,0.10792100,0.00013900,-0.10534500,0.07231000,0.02956700,0.02703800,-0.00870400,0.04678700,-0.11396200,0.00046500,-0.08250400,-0.02477700,0.03185300,0.04251800,0.01948700,-0.07694500,-0.07899500,-0.05284900,0.02347800,-0.09939800,-0.04867900,0.00231500,-0.00967400,-0.07435300,-0.12290200,-0.00438200,-0.04034700,-0.08945800,0.02699600,0.07234200,0.05279900,-0.02305400,0.01435600,-0.04260500,-0.06218600,-0.03861700,0.06275800,0.04414500,0.09978700,0.05261900,-0.00936700,0.00997600,-0.05707900,-0.00120600,-0.04484300,0.01914200,0.04675800,-0.05727300,-0.06835400,0.08239200,0.00173200,0.03761000,-0.03144500,-0.01026800,0.00832600,0.07777600,-0.01301900,-0.13887200,-0.06632100,0.07028000,-0.06616600,-0.04792200,-0.04887300,-0.03577400,-0.03681000,0.00947400,0.00963100,0.05623000,-0.00859500,-0.06618600,0.04724300,-0.00838500,-0.00801200,-0.03344800,0.08581700,0.08013000,0.02672800,-0.08876200,0.03021100,-0.07340300,0.07202800,-0.04916200,-0.05539500,-0.01410400,0.01520900,0.06220300,0.05232500,-0.02953400,-0.02846200,-0.03595500,-0.03075100,-0.08453300,0.01548800,-0.04917600,-0.04991800,0.01057900,0.02384000,-0.02689800,-0.04307300,-0.07289500,-0.02711400,0.03412300,-0.10549100,0.00657200,0.08828300,-0.05713800,-0.05712300,-0.04841900,0.04177000,-0.08184000,-0.06537000,-0.07777200,-0.06106500,-0.00699000,-0.06583400,0.00879100,0.00852400,-0.04820800,0.03111600,-0.00755500,0.05569100,-0.02224500,-0.02424100,-0.09442700,-0.04428100,-0.03415900,0.02420900,0.03855600,-0.00056900,-0.00769900,0.06172900,0.05571600,0.05114800,0.00705900,0.01004400,0.02273000,0.01266000,0.01318500,0.00910700,0.03663300,0.05771500,0.11057100,-0.09103700,-0.03737900,-0.06656100,0.00388200,0.01097300,0.05790700,-0.01884100,-0.08384200,-0.01987700,0.05866400,-0.02541500,-0.01911000,-0.04881900,0.12966900,-0.10940300,0.01876400,0.06986600,-0.03181300,-0.01090600,0.06045600,-0.00101500,-0.01376000,-0.05257900,0.02284200,0.00334600,-0.00000000,-0.10863200,0.01214300,-0.07511900,0.00252700,0.06522800,-0.01120200,-0.00413400,-0.00984500,-0.04519300,0.01433100,0.03439100,-0.05478100,0.04150800,-0.02908900,-0.09104000,-0.10503000,0.01028900,0.13190700,0.02531900,0.02429400,-0.00495300,-0.01475400,0.01517500,0.00878600,0.01759000,0.04080000,0.03597400,-0.02186400,0.17818100,0.02670300,-0.02875600,0.06511400,-0.02526900,0.07137900,-0.03631700,0.08395700,-0.08262800,-0.06688700,0.00014500,-0.04883600,-0.04726100,-0.00936500,-0.05643500,-0.04651100,-0.08177900,-0.01465700,0.02479100,-0.05975400,0.07202800,0.00557500,-0.00004400,-0.01520500,-0.06184800,-0.00223500,0.00463500,-0.03489100,0.02781600,-0.00837300,0.01858400,-0.01793200,0.05241600,0.00570400,-0.02562600,-0.06390300,-0.04099300,-0.04647400,0.02149800,-0.05336800,-0.01439100,-0.00883400,0.02632300,0.04734600,0.10330400,-0.01648300,0.03672000,0.09820500,-0.02299300,0.01700100,0.09519700,0.03141400,0.04638700,0.05014300,0.02728400,-0.01589200,0.03681200,0.01091800,0.01386800,0.01731800,-0.01008800,0.04031700,-0.04002700,-0.03167400,0.03107700,0.06164100,0.05681200,-0.00000000,-0.05335200,0.05101500,-0.04748700,-0.00212600,0.00397500,0.02689000,0.00362400,0.05245800,0.03991800,0.12660400,0.06584500,0.01719700,0.00397100,-0.02434800,-0.02144100,-0.11973200,0.07748700,-0.01414000,0.07569000,-0.03265500,-0.02815000,0.12277300,-0.01118500,0.05275300,-0.01383900,0.03206500,-0.05268300,-0.03353000,0.00278500,0.00056200,0.02412400,-0.08014200,-0.06852800,0.02625900,0.06296800,-0.05191000,0.03913600,-0.00740000,0.05528800,0.04548000,-0.00384000,-0.01238700,-0.00554000,-0.00638800,0.02540500,-0.12771100,0.01063600,-0.03689800,0.03673000,0.00527900,-0.03037700,-0.00132200,0.04650000,-0.06666500,-0.02173800,0.01911300,0.11254700,-0.03396200,0.05484400,-0.03517800,0.00902800,0.08903300,0.04757700,-0.00507600,0.12597600,0.03910700,0.02472500,-0.11280100,-0.04008300,0.00264100,0.00611500,-0.03683900,-0.02726400,0.05122600,0.09993200,-0.02332700,0.08864900,-0.07646400,0.04615600,-0.01093700,0.07891300,0.01791200,0.05965600,-0.00958600,0.06689900,-0.05834600,-0.03821600,0.00545500,0.00581700,0.01811800,-0.06008400,-0.04859800,0.03196400,-0.06163200,0.06341100,-0.00000000,-0.02278800,-0.04489700,-0.01454000,0.01973700,0.02795600,-0.01421500,-0.01171500,-0.01013500,-0.00252600,0.03605800,0.03540700,-0.05719500,-0.12720800,0.03127400,-0.07592900,-0.04016100,-0.01750200,0.04996600,-0.01154000,-0.08258400,0.01993100,0.04575800,0.05119900,0.00463000,-0.02651700,0.01474300,0.01404900,0.10424600,-0.00593300,-0.05800200,-0.02825400,0.00695600,0.03423600,0.06695800,-0.08331000,-0.02311100,0.01199000,0.03859900,-0.00962100,-0.01293300,0.05286200,-0.06196700,-0.02553700,0.06993800,0.00485100,0.04552800,-0.07644100,-0.04274700,-0.06387400,-0.02328600,0.02540500,-0.05459800,0.11396900,0.10616800,0.00134200,0.00830800,-0.07295300,0.06097100,0.06870800,0.03667000,0.05107400,-0.02935700,-0.05948600,0.02844400,-0.00534883,-0.03455552,-0.01171687,-0.01231999,0.00818375,-0.00638186,0.06207719,-0.03688839,0.01181530,-0.01690813,-0.00731142,0.00540024,0.01439583,0.01702860,0.00930402,0.00342159,0.00221479,-0.02757974,0.00936027,-0.01124644,-0.00859469,0.00561022,0.00360892,-0.01679310,-0.02318236,-0.00499601,0.01362719,0.01662817,0.00871495,0.01630246,-0.00394965,-0.01413324,-0.01920309,0.01780752,-0.03999311,0.02403099,0.00415655,0.03436836,0.00282035,0.00777060,0.01254542,-0.01053319,0.03899913,-0.00943415,0.01080003,0.03215232,0.01914638,-0.05000320,-0.00824694,-0.04365496,0.00826250,-0.00860184,0.01443194,0.01999072,0.00808971,0.01883000,-0.01867805,0.01841088,-0.01220664,-0.00209180,0.01226602,0.01579942,-0.01043266,0.01784969,0.01213660,-0.02426013,-0.02272144,0.00749661,0.04446309,-0.01038902,-0.01829438,0.02164032,-0.02508261,0.04778368,-0.01623869,-0.01137597,-0.03751033,0.00528621,-0.00482149,0.02324396,0.00766553,0.00512216,0.02165802,0.00914445,0.03305677,0.00404712,-0.01125954,-0.03363148,-0.01446558,-0.00244152,-0.01948138,0.00155665,-0.00612316,0.00563413,0.03604766,-0.01114223,0.04033128,0.05835703,-0.03754200,0.03707927,-0.03041834,-0.00507277,-0.03195804,0.04425300,0.01968909,0.00854539,-0.02409033,0.00600565,-0.01305382,-0.02956747,-0.01222475,-0.00147251,0.02305671,0.04633324,-0.00495779,-0.00456819,-0.00622980,0.02090718,-0.01664326,0.00732598,-0.01438450,-0.00705847,-0.01399080,0.01954117,0.02314972,-0.02488757,0.00110885,0.00000000,-0.00203304,0.00190682,0.02590479,0.00078903,0.00294480,0.00192822,-0.02487247,-0.00637048,0.01188225,0.00822582,0.02689831,-0.04905527,0.01530571,-0.01446368,0.01231143,0.05860154,0.02303824,-0.00403615,-0.03374908,-0.01255761,0.03495676,0.05319121,-0.01539928,-0.03034352,-0.02828732,0.01207776,0.02109876,-0.02672224,0.02499781,0.01209254,-0.02174950,-0.00182895,-0.05797131,0.03300688,0.01455754,0.01022166,-0.00512287,-0.02167316,-0.02280481,-0.01207416,0.01140626,-0.01996900,-0.03147398,0.00943119,0.01657894,0.00669766,-0.01394516,-0.01510194,-0.00019159,0.02292434,0.04461581,-0.00770641,0.03349182,-0.01651958,0.00653457,0.02552478,-0.01256440,0.02560408,-0.01769779,0.01590047,-0.00669970,-0.02726521,-0.04066587,0.00924915,0.02057542,-0.02978852,0.00186181,-0.01792063,0.02911337,-0.01723533,-0.00377991,0.02891355,-0.01535236,0.03057421,-0.04662947,0.00755778,-0.00798054,-0.00533660,-0.02542860,-0.01100852,0.01060487,-0.02502524,-0.01152736,0.02421681,-0.02202226,-0.02835813,0.02165280,0.00246134,0.02020927,0.00060612,-0.03319184,-0.00005291,0.02267908,-0.01882467,-0.04612775,0.00000000,-0.01874657,-0.06533387,0.01162987,0.01074845,0.01625165,0.01652578,0.03318519,-0.00718137,-0.00531201,0.02913017,0.03154116,-0.02687002,-0.00366408,-0.00460235,0.03864991,-0.00045566,0.00150598,-0.00427195,-0.00327068,0.02426149,-0.01583638,0.01120820,0.00150966,-0.01704174,-0.00006266,0.00708620,-0.00097421,-0.00043502,-0.03334432,0.00901115,0.01605636,0.01394558,-0.03463800,-0.03152199,-0.00606200,0.00024469,-0.01191386,0.00432113,-0.02351327,0.02874410,-0.02258502,-0.02394859,-0.01416811,0.01370500,-0.00969411,-0.01879395,0.01542117,0.01331255,-0.02149531,-0.00077871,-0.00950013,-0.02991798,-0.01852291,-0.02326998,0.03635238,-0.01983206,-0.01024136,-0.01101045,0.00733079,-0.02159252,0.02065941,-0.02485902,-0.00810849,0.01685032,0.01473316,-0.00682025,-0.02782721,0.00960033,-0.01121472,0.03232563,0.03513190,-0.03289472,-0.04977728,0.03154835,0.03294194,-0.04613018,0.04699137,0.02623478,-0.03580770,-0.03386604,-0.00690252,-0.04294075,-0.00109754,-0.00516951,0.00792887,0.00125820,0.00009528,0.01728337,0.01351378,-0.02746927,-0.00302170,-0.00204937,0.03248533,-0.02915111,-0.00022612,0.00000000,0.01488117,-0.00493787,0.00554815,-0.01002866,-0.02698249,0.02011418,0.00223696,-0.03857613,-0.00446720,0.00475696,0.02404313,0.00194034,0.03501179,-0.02712937,0.02630190,0.01072288,0.00551872,-0.04555404,-0.01799151,0.05993521,-0.01116798,0.01663477,-0.03093323,0.03603435,0.00368076,-0.00112613,-0.01510740,-0.03925827,-0.01270380,0.03135630,-0.00834271,-0.00080650,0.00087421,0.01110311,0.00605944,0.00231176,0.01076833,-0.02862750,0.00939857,-0.04522616,0.01234116,0.00631149,0.01693991,0.05672528,0.02941382,0.00220614,0.05033748,-0.00470045,-0.00186906,0.01822251,-0.01145146,0.00821724,0.00306123,-0.02600762,0.01470960,0.00009592,0.01947174,-0.01025366,0.00131200,0.00715832,0.03909559,0.03402237,0.04088138,-0.00469927
