mean_e0,mean_e1,mean_e2,mean_e3,mean_e4,mean_e5,mean_e6,mean_e7,mean_e8,mean_e9,mean_e10,mean_e11,mean_e12,mean_e13,mean_e14,mean_e15,mean_e16,mean_e17,mean_e18,mean_e19,mean_e20,mean_e21,mean_e22,mean_e23,mean_e24,mean_e25,mean_e26,mean_e27,mean_e28,mean_e29,mean_e30,mean_e31,mean_e32,mean_e33,mean_e34,mean_e35,mean_e36,mean_e37,mean_e38,mean_e39,mean_e40,mean_e41,mean_e42,mean_e43,mean_e44,mean_e45,mean_e46,mean_e47,mean_e48,mean_e49,mean_e50,mean_e51,mean_e52,mean_e53,mean_e54,mean_e55,mean_e56,mean_e57,mean_e58,mean_e59,mean_e60,mean_e61,mean_e62,mean_e63,mean_e64,mean_e65,mean_e66,mean_e67,mean_e68,mean_e69,mean_e70,mean_e71,mean_e72,mean_e73,mean_e74,mean_e75,mean_e76,mean_e77,mean_e78,mean_e79,mean_e80,mean_e81,mean_e82,mean_e83,mean_e84,mean_e85,mean_e86,mean_e87,mean_e88,mean_e89,mean_e90,mean_e91,mean_e92,mean_e93,mean_e94,mean_e95,mean_e96,mean_e97,mean_e98,mean_e99,mean_e100,mean_e101,mean_e102,mean_e103,mean_e104,mean_e105,mean_e106,mean_e107,mean_e108,mean_e109,mean_e110,mean_e111,mean_e112,mean_e113,mean_e114,mean_e115,mean_e116,mean_e117,mean_e118,mean_e119,mean_e120,mean_e121,mean_e122,mean_e123,mean_e124,mean_e125,mean_e126,mean_e127,mean_e128,mean_e129,mean_e130,mean_e131,mean_e132,mean_e133,mean_e134,mean_e135,mean_e136,mean_e137,mean_e138,mean_e139,mean_e140,mean_e141,mean_e142,mean_e143,mean_e144,mean_e145,mean_e146,mean_e147,mean_e148,mean_e149,mean_e150,mean_e151,mean_e152,mean_e153,mean_e154,mean_e155,mean_e156,mean_e157,mean_e158,mean_e159,mean_e160,mean_e161,mean_e162,mean_e163,mean_e164,mean_e165,mean_e166,mean_e167,mean_e168,mean_e169,mean_e170,mean_e171,mean_e172,mean_e173,mean_e174,mean_e175,mean_e176,mean_e177,mean_e178,mean_e179,mean_e180,mean_e181,mean_e182,mean_e183,mean_e184,mean_e185,mean_e186,mean_e187,mean_e188,mean_e189,mean_e190,mean_e191,mean_e192,mean_e193,mean_e194,mean_e195,mean_e196,mean_e197,mean_e198,mean_e199,mean_e200,mean_e201,mean_e202,mean_e203,mean_e204,mean_e205,mean_e206,mean_e207,mean_e208,mean_e209,mean_e210,mean_e211,mean_e212,mean_e213,mean_e214,mean_e215,mean_e216,mean_e217,mean_e218,mean_e219,mean_e220,mean_e221,mean_e222,mean_e223,mean_e224,mean_e225,mean_e226,mean_e227,mean_e228,mean_e229,mean_e230,mean_e231,mean_e232,mean_e233,mean_e234,mean_e235,mean_e236,mean_e237,mean_e238,mean_e239,mean_e240,mean_e241,mean_e242,mean_e243,mean_e244,mean_e245,mean_e246,mean_e247,mean_e248,mean_e249,mean_e250,mean_e251,mean_e252,mean_e253,mean_e254,mean_e255,mean_e256,mean_e257,mean_e258,mean_e259,mean_e260,mean_e261,mean_e262,mean_e263,mean_e264,mean_e265,mean_e266,mean_e267,mean_e268,mean_e269,mean_e270,mean_e271,mean_e272,mean_e273,mean_e274,mean_e275,mean_e276,mean_e277,mean_e278,mean_e279,mean_e280,mean_e281,mean_e282,mean_e283,mean_e284,mean_e285,mean_e286,mean_e287,mean_e288,mean_e289,mean_e290,mean_e291,mean_e292,mean_e293,mean_e294,mean_e295,mean_e296,mean_e297,mean_e298,mean_e299,mean_e300,mean_e301,mean_e302,mean_e303,mean_e304,mean_e305,mean_e306,mean_e307,mean_e308,mean_e309,mean_e310,mean_e311,mean_e312,mean_e313,mean_e314,mean_e315,mean_e316,mean_e317,mean_e318,mean_e319,mean_e320,mean_e321,mean_e322,mean_e323,mean_e324,mean_e325,mean_e326,mean_e327,mean_e328,mean_e329,mean_e330,mean_e331,mean_e332,mean_e333,mean_e334,mean_e335,mean_e336,mean_e337,mean_e338,mean_e339,mean_e340,mean_e341,mean_e342,mean_e343,mean_e344,mean_e345,mean_e346,mean_e347,mean_e348,mean_e349,mean_e350,mean_e351,mean_e352,mean_e353,mean_e354,mean_e355,mean_e356,mean_e357,mean_e358,mean_e359,mean_e360,mean_e361,mean_e362,mean_e363,mean_e364,mean_e365,mean_e366,mean_e367,mean_e368,mean_e369,mean_e370,mean_e371,mean_e372,mean_e373,mean_e374,mean_e375,mean_e376,mean_e377,mean_e378,mean_e379,mean_e380,mean_e381,mean_e382,mean_e383,std_e0,std_e1,std_e2,std_e3,std_e4,std_e5,std_e6,std_e7,std_e8,std_e9,std_e10,std_e11,std_e12,std_e13,std_e14,std_e15,std_e16,std_e17,std_e18,std_e19,std_e20,std_e21,std_e22,std_e23,std_e24,std_e25,std_e26,std_e27,std_e28,std_e29,std_e30,std_e31,std_e32,std_e33,std_e34,std_e35,std_e36,std_e37,std_e38,std_e39,std_e40,std_e41,std_e42,std_e43,std_e44,std_e45,std_e46,std_e47,std_e48,std_e49,std_e50,std_e51,std_e52,std_e53,std_e54,std_e55,std_e56,std_e57,std_e58,std_e59,std_e60,std_e61,std_e62,std_e63,std_e64,std_e65,std_e66,std_e67,std_e68,std_e69,std_e70,std_e71,std_e72,std_e73,std_e74,std_e75,std_e76,std_e77,std_e78,std_e79,std_e80,std_e81,std_e82,std_e83,std_e84,std_e85,std_e86,std_e87,std_e88,std_e89,std_e90,std_e91,std_e92,std_e93,std_e94,std_e95,std_e96,std_e97,std_e98,std_e99,std_e100,std_e101,std_e102,std_e103,std_e104,std_e105,std_e106,std_e107,std_e108,std_e109,std_e110,std_e111,std_e112,std_e113,std_e114,std_e115,std_e116,std_e117,std_e118,std_e119,std_e120,std_e121,std_e122,std_e123,std_e124,std_e125,std_e126,std_e127,std_e128,std_e129,std_e130,std_e131,std_e132,std_e133,std_e134,std_e135,std_e136,std_e137,std_e138,std_e139,std_e140,std_e141,std_e142,std_e143,std_e144,std_e145,std_e146,std_e147,std_e148,std_e149,std_e150,std_e151,std_e152,std_e153,std_e154,std_e155,std_e156,std_e157,std_e158,std_e159,std_e160,std_e161,std_e162,std_e163,std_e164,std_e165,std_e166,std_e167,std_e168,std_e169,std_e170,std_e171,std_e172,std_e173,std_e174,std_e175,std_e176,std_e177,std_e178,std_e179,std_e180,std_e181,std_e182,std_e183,std_e184,std_e185,std_e186,std_e187,std_e188,std_e189,std_e190,std_e191,std_e192,std_e193,std_e194,std_e195,std_e196,std_e197,std_e198,std_e199,std_e200,std_e201,std_e202,std_e203,std_e204,std_e205,std_e206,std_e207,std_e208,std_e209,std_e210,std_e211,std_e212,std_e213,std_e214,std_e215,std_e216,std_e217,std_e218,std_e219,std_e220,std_e221,std_e222,std_e223,std_e224,std_e225,std_e226,std_e227,std_e228,std_e229,std_e230,std_e231,std_e232,std_e233,std_e234,std_e235,std_e236,std_e237,std_e238,std_e239,std_e240,std_e241,std_e242,std_e243,std_e244,std_e245,std_e246,std_e247,std_e248,std_e249,std_e250,std_e251,std_e252,std_e253,std_e254,std_e255,std_e256,std_e257,std_e258,std_e259,std_e260,std_e261,std_e262,std_e263,std_e264,std_e265,std_e266,std_e267,std_e268,std_e269,std_e270,std_e271,std_e272,std_e273,std_e274,std_e275,std_e276,std_e277,std_e278,std_e279,std_e280,std_e281,std_e282,std_e283,std_e284,std_e285,std_e286,std_e287,std_e288,std_e289,std_e290,std_e291,std_e292,std_e293,std_e294,std_e295,std_e296,std_e297,std_e298,std_e299,std_e300,std_e301,std_e302,std_e303,std_e304,std_e305,std_e306,std_e307,std_e308,std_e309,std_e310,std_e311,std_e312,std_e313,std_e314,std_e315,std_e316,std_e317,std_e318,std_e319,std_e320,std_e321,std_e322,std_e323,std_e324,std_e325,std_e326,std_e327,std_e328,std_e329,std_e330,std_e331,std_e332,std_e333,std_e334,std_e335,std_e336,std_e337,std_e338,std_e339,std_e340,std_e341,std_e342,std_e343,std_e344,std_e345,std_e346,std_e347,std_e348,std_e349,std_e350,std_e351,std_e352,std_e353,std_e354,std_e355,std_e356,std_e357,std_e358,std_e359,std_e360,std_e361,std_e362,std_e363,std_e364,std_e365,std_e366,std_e367,std_e368,std_e369,std_e370,std_e371,std_e372,std_e373,std_e374,std_e375,std_e376,std_e377,std_e378,std_e379,std_e380,std_e381,std_e382,std_e383,max_e0,max_e1,max_e2,max_e3,max_e4,max_e5,max_e6,max_e7,max_e8,max_e9,max_e10,max_e11,max_e12,max_e13,max_e14,max_e15,max_e16,max_e17,max_e18,max_e19,max_e20,max_e21,max_e22,max_e23,max_e24,max_e25,max_e26,max_e27,max_e28,max_e29,max_e30,max_e31,max_e32,max_e33,max_e34,max_e35,max_e36,max_e37,max_e38,max_e39,max_e40,max_e41,max_e42,max_e43,max_e44,max_e45,max_e46,max_e47,max_e48,max_e49,max_e50,max_e51,max_e52,max_e53,max_e54,max_e55,max_e56,max_e57,max_e58,max_e59,max_e60,max_e61,max_e62,max_e63,max_e64,max_e65,max_e66,max_e67,max_e68,max_e69,max_e70,max_e71,max_e72,max_e73,max_e74,max_e75,max_e76,max_e77,max_e78,max_e79,max_e80,max_e81,max_e82,max_e83,max_e84,max_e85,max_e86,max_e87,max_e88,max_e89,max_e90,max_e91,max_e92,max_e93,max_e94,max_e95,max_e96,max_e97,max_e98,max_e99,max_e100,max_e101,max_e102,max_e103,max_e104,max_e105,max_e106,max_e107,max_e108,max_e109,max_e110,max_e111,max_e112,max_e113,max_e114,max_e115,max_e116,max_e117,max_e118,max_e119,max_e120,max_e121,max_e122,max_e123,max_e124,max_e125,max_e126,max_e127,max_e128,max_e129,max_e130,max_e131,max_e132,max_e133,max_e134,max_e135,max_e136,max_e137,max_e138,max_e139,max_e140,max_e141,max_e142,max_e143,max_e144,max_e145,max_e146,max_e147,max_e148,max_e149,max_e150,max_e151,max_e152,max_e153,max_e154,max_e155,max_e156,max_e157,max_e158,max_e159,max_e160,max_e161,max_e162,max_e163,max_e164,max_e165,max_e166,max_e167,max_e168,max_e169,max_e170,max_e171,max_e172,max_e173,max_e174,max_e175,max_e176,max_e177,max_e178,max_e179,max_e180,max_e181,max_e182,max_e183,max_e184,max_e185,max_e186,max_e187,max_e188,max_e189,max_e190,max_e191,max_e192,max_e193,max_e194,max_e195,max_e196,max_e197,max_e198,max_e199,max_e200,max_e201,max_e202,max_e203,max_e204,max_e205,max_e206,max_e207,max_e208,max_e209,max_e210,max_e211,max_e212,max_e213,max_e214,max_e215,max_e216,max_e217,max_e218,max_e219,max_e220,max_e221,max_e222,max_e223,max_e224,max_e225,max_e226,max_e227,max_e228,max_e229,max_e230,max_e231,max_e232,max_e233,max_e234,max_e235,max_e236,max_e237,max_e238,max_e239,max_e240,max_e241,max_e242,max_e243,max_e244,max_e245,max_e246,max_e247,max_e248,max_e249,max_e250,max_e251,max_e252,max_e253,max_e254,max_e255,max_e256,max_e257,max_e258,max_e259,max_e260,max_e261,max_e262,max_e263,max_e264,max_e265,max_e266,max_e267,max_e268,max_e269,max_e270,max_e271,max_e272,max_e273,max_e274,max_e275,max_e276,max_e277,max_e278,max_e279,max_e280,max_e281,max_e282,max_e283,max_e284,max_e285,max_e286,max_e287,max_e288,max_e289,max_e290,max_e291,max_e292,max_e293,max_e294,max_e295,max_e296,max_e297,max_e298,max_e299,max_e300,max_e301,max_e302,max_e303,max_e304,max_e305,max_e306,max_e307,max_e308,max_e309,max_e310,max_e311,max_e312,max_e313,max_e314,max_e315,max_e316,max_e317,max_e318,max_e319,max_e320,max_e321,max_e322,max_e323,max_e324,max_e325,max_e326,max_e327,max_e328,max_e329,max_e330,max_e331,max_e332,max_e333,max_e334,max_e335,max_e336,max_e337,max_e338,max_e339,max_e340,max_e341,max_e342,max_e343,max_e344,max_e345,max_e346,max_e347,max_e348,max_e349,max_e350,max_e351,max_e352,max_e353,max_e354,max_e355,max_e356,max_e357,max_e358,max_e359,max_e360,max_e361,max_e362,max_e363,max_e364,max_e365,max_e366,max_e367,max_e368,max_e369,max_e370,max_e371,max_e372,max_e373,max_e374,max_e375,max_e376,max_e377,max_e378,max_e379,max_e380,max_e381,max_e382,max_e383,min_e0,min_e1,min_e2,min_e3,min_e4,min_e5,min_e6,min_e7,min_e8,min_e9,min_e10,min_e11,min_e12,min_e13,min_e14,min_e15,min_e16,min_e17,min_e18,min_e19,min_e20,min_e21,min_e22,min_e23,min_e24,min_e25,min_e26,min_e27,min_e28,min_e29,min_e30,min_e31,min_e32,min_e33,min_e34,min_e35,min_e36,min_e37,min_e38,min_e39,min_e40,min_e41,min_e42,min_e43,min_e44,min_e45,min_e46,min_e47,min_e48,min_e49,min_e50,min_e51,min_e52,min_e53,min_e54,min_e55,min_e56,min_e57,min_e58,min_e59,min_e60,min_e61,min_e62,min_e63,min_e64,min_e65,min_e66,min_e67,min_e68,min_e69,min_e70,min_e71,min_e72,min_e73,min_e74,min_e75,min_e76,min_e77,min_e78,min_e79,min_e80,min_e81,min_e82,min_e83,min_e84,min_e85,min_e86,min_e87,min_e88,min_e89,min_e90,min_e91,min_e92,min_e93,min_e94,min_e95,min_e96,min_e97,min_e98,min_e99,min_e100,min_e101,min_e102,min_e103,min_e104,min_e105,min_e106,min_e107,min_e108,min_e109,min_e110,min_e111,min_e112,min_e113,min_e114,min_e115,min_e116,min_e117,min_e118,min_e119,min_e120,min_e121,min_e122,min_e123,min_e124,min_e125,min_e126,min_e127,min_e128,min_e129,min_e130,min_e131,min_e132,min_e133,min_e134,min_e135,min_e136,min_e137,min_e138,min_e139,min_e140,min_e141,min_e142,min_e143,min_e144,min_e145,min_e146,min_e147,min_e148,min_e149,min_e150,min_e151,min_e152,min_e153,min_e154,min_e155,min_e156,min_e157,min_e158,min_e159,min_e160,min_e161,min_e162,min_e163,min_e164,min_e165,min_e166,min_e167,min_e168,min_e169,min_e170,min_e171,min_e172,min_e173,min_e174,min_e175,min_e176,min_e177,min_e178,min_e179,min_e180,min_e181,min_e182,min_e183,min_e184,min_e185,min_e186,min_e187,min_e188,min_e189,min_e190,min_e191,min_e192,min_e193,min_e194,min_e195,min_e196,min_e197,min_e198,min_e199,min_e200,min_e201,min_e202,min_e203,min_e204,min_e205,min_e206,min_e207,min_e208,min_e209,min_e210,min_e211,min_e212,min_e213,min_e214,min_e215,min_e216,min_e217,min_e218,min_e219,min_e220,min_e221,min_e222,min_e223,min_e224,min_e225,min_e226,min_e227,min_e228,min_e229,min_e230,min_e231,min_e232,min_e233,min_e234,min_e235,min_e236,min_e237,min_e238,min_e239,min_e240,min_e241,min_e242,min_e243,min_e244,min_e245,min_e246,min_e247,min_e248,min_e249,min_e250,min_e251,min_e252,min_e253,min_e254,min_e255,min_e256,min_e257,min_e258,min_e259,min_e260,min_e261,min_e262,min_e263,min_e264,min_e265,min_e266,min_e267,min_e268,min_e269,min_e270,min_e271,min_e272,min_e273,min_e274,min_e275,min_e276,min_e277,min_e278,min_e279,min_e280,min_e281,min_e282,min_e283,min_e284,min_e285,min_e286,min_e287,min_e288,min_e289,min_e290,min_e291,min_e292,min_e293,min_e294,min_e295,min_e296,min_e297,min_e298,min_e299,min_e300,min_e301,min_e302,min_e303,min_e304,min_e305,min_e306,min_e307,min_e308,min_e309,min_e310,min_e311,min_e312,min_e313,min_e314,min_e315,min_e316,min_e317,min_e318,min_e319,min_e320,min_e321,min_e322,min_e323,min_e324,min_e325,min_e326,min_e327,min_e328,min_e329,min_e330,min_e331,min_e332,min_e333,min_e334,min_e335,min_e336,min_e337,min_e338,min_e339,min_e340,min_e341,min_e342,min_e343,min_e344,min_e345,min_e346,min_e347,min_e348,min_e349,min_e350,min_e351,min_e352,min_e353,min_e354,min_e355,min_e356,min_e357,min_e358,min_e359,min_e360,min_e361,min_e362,min_e363,min_e364,min_e365,min_e366,min_e367,min_e368,min_e369,min_e370,min_e371,min_e372,min_e373,min_e374,min_e375,min_e376,min_e377,min_e378,min_e379,min_e380,min_e381,min_e382,min_e383,first_e0,first_e1,first_e2,first_e3,first_e4,first_e5,first_e6,first_e7,first_e8,first_e9,first_e10,first_e11,first_e12,first_e13,first_e14,first_e15,first_e16,first_e17,first_e18,first_e19,first_e20,first_e21,first_e22,first_e23,first_e24,first_e25,first_e26,first_e27,first_e28,first_e29,first_e30,first_e31,first_e32,first_e33,first_e34,first_e35,first_e36,first_e37,first_e38,first_e39,first_e40,first_e41,first_e42,first_e43,first_e44,first_e45,first_e46,first_e47,first_e48,first_e49,first_e50,first_e51,first_e52,first_e53,first_e54,first_e55,first_e56,first_e57,first_e58,first_e59,first_e60,first_e61,first_e62,first_e63,first_e64,first_e65,first_e66,first_e67,first_e68,first_e69,first_e70,first_e71,first_e72,first_e73,first_e74,first_e75,first_e76,first_e77,first_e78,first_e79,first_e80,first_e81,first_e82,first_e83,first_e84,first_e85,first_e86,first_e87,first_e88,first_e89,first_e90,first_e91,first_e92,first_e93,first_e94,first_e95,first_e96,first_e97,first_e98,first_e99,first_e100,first_e101,first_e102,first_e103,first_e104,first_e105,first_e106,first_e107,first_e108,first_e109,first_e110,first_e111,first_e112,first_e113,first_e114,first_e115,first_e116,first_e117,first_e118,first_e119,first_e120,first_e121,first_e122,first_e123,first_e124,first_e125,first_e126,first_e127,first_e128,first_e129,first_e130,first_e131,first_e132,first_e133,first_e134,first_e135,first_e136,first_e137,first_e138,first_e139,first_e140,first_e141,first_e142,first_e143,first_e144,first_e145,first_e146,first_e147,first_e148,first_e149,first_e150,first_e151,first_e152,first_e153,first_e154,first_e155,first_e156,first_e157,first_e158,first_e159,first_e160,first_e161,first_e162,first_e163,first_e164,first_e165,first_e166,first_e167,first_e168,first_e169,first_e170,first_e171,first_e172,first_e173,first_e174,first_e175,first_e176,first_e177,first_e178,first_e179,first_e180,first_e181,first_e182,first_e183,first_e184,first_e185,first_e186,first_e187,first_e188,first_e189,first_e190,first_e191,first_e192,first_e193,first_e194,first_e195,first_e196,first_e197,first_e198,first_e199,first_e200,first_e201,first_e202,first_e203,first_e204,first_e205,first_e206,first_e207,first_e208,first_e209,first_e210,first_e211,first_e212,first_e213,first_e214,first_e215,first_e216,first_e217,first_e218,first_e219,first_e220,first_e221,first_e222,first_e223,first_e224,first_e225,first_e226,first_e227,first_e228,first_e229,first_e230,first_e231,first_e232,first_e233,first_e234,first_e235,first_e236,first_e237,first_e238,first_e239,first_e240,first_e241,first_e242,first_e243,first_e244,first_e245,first_e246,first_e247,first_e248,first_e249,first_e250,first_e251,first_e252,first_e253,first_e254,first_e255,first_e256,first_e257,first_e258,first_e259,first_e260,first_e261,first_e262,first_e263,first_e264,first_e265,first_e266,first_e267,first_e268,first_e269,first_e270,first_e271,first_e272,first_e273,first_e274,first_e275,first_e276,first_e277,first_e278,first_e279,first_e280,first_e281,first_e282,first_e283,first_e284,first_e285,first_e286,first_e287,first_e288,first_e289,first_e290,first_e291,first_e292,first_e293,first_e294,first_e295,first_e296,first_e297,first_e298,first_e299,first_e300,first_e301,first_e302,first_e303,first_e304,first_e305,first_e306,first_e307,first_e308,first_e309,first_e310,first_e311,first_e312,first_e313,first_e314,first_e315,first_e316,first_e317,first_e318,first_e319,first_e320,first_e321,first_e322,first_e323,first_e324,first_e325,first_e326,first_e327,first_e328,first_e329,first_e330,first_e331,first_e332,first_e333,first_e334,first_e335,first_e336,first_e337,first_e338,first_e339,first_e340,first_e341,first_e342,first_e343,first_e344,first_e345,first_e346,first_e347,first_e348,first_e349,first_e350,first_e351,first_e352,first_e353,first_e354,first_e355,first_e356,first_e357,first_e358,first_e359,first_e360,first_e361,first_e362,first_e363,first_e364,first_e365,first_e366,first_e367,first_e368,first_e369,first_e370,first_e371,first_e372,first_e373,first_e374,first_e375,first_e376,first_e377,first_e378,first_e379,first_e380,first_e381,first_e382,first_e383,last_e0,last_e1,last_e2,last_e3,last_e4,last_e5,last_e6,last_e7,last_e8,last_e9,last_e10,last_e11,last_e12,last_e13,last_e14,last_e15,last_e16,last_e17,last_e18,last_e19,last_e20,last_e21,last_e22,last_e23,last_e24,last_e25,last_e26,last_e27,last_e28,last_e29,last_e30,last_e31,last_e32,last_e33,last_e34,last_e35,last_e36,last_e37,last_e38,last_e39,last_e40,last_e41,last_e42,last_e43,last_e44,last_e45,last_e46,last_e47,last_e48,last_e49,last_e50,last_e51,last_e52,last_e53,last_e54,last_e55,last_e56,last_e57,last_e58,last_e59,last_e60,last_e61,last_e62,last_e63,last_e64,last_e65,last_e66,last_e67,last_e68,last_e69,last_e70,last_e71,last_e72,last_e73,last_e74,last_e75,last_e76,last_e77,last_e78,last_e79,last_e80,last_e81,last_e82,last_e83,last_e84,last_e85,last_e86,last_e87,last_e88,last_e89,last_e90,last_e91,last_e92,last_e93,last_e94,last_e95,last_e96,last_e97,last_e98,last_e99,last_e100,last_e101,last_e102,last_e103,last_e104,last_e105,last_e106,last_e107,last_e108,last_e109,last_e110,last_e111,last_e112,last_e113,last_e114,last_e115,last_e116,last_e117,last_e118,last_e119,last_e120,last_e121,last_e122,last_e123,last_e124,last_e125,last_e126,last_e127,last_e128,last_e129,last_e130,last_e131,last_e132,last_e133,last_e134,last_e135,last_e136,last_e137,last_e138,last_e139,last_e140,last_e141,last_e142,last_e143,last_e144,last_e145,last_e146,last_e147,last_e148,last_e149,last_e150,last_e151,last_e152,last_e153,last_e154,last_e155,last_e156,last_e157,last_e158,last_e159,last_e160,last_e161,last_e162,last_e163,last_e164,last_e165,last_e166,last_e167,last_e168,last_e169,last_e170,last_e171,last_e172,last_e173,last_e174,last_e175,last_e176,last_e177,last_e178,last_e179,last_e180,last_e181,last_e182,last_e183,last_e184,last_e185,last_e186,last_e187,last_e188,last_e189,last_e190,last_e191,last_e192,last_e193,last_e194,last_e195,last_e196,last_e197,last_e198,last_e199,last_e200,last_e201,last_e202,last_e203,last_e204,last_e205,last_e206,last_e207,last_e208,last_e209,last_e210,last_e211,last_e212,last_e213,last_e214,last_e215,last_e216,last_e217,last_e218,last_e219,last_e220,last_e221,last_e222,last_e223,last_e224,last_e225,last_e226,last_e227,last_e228,last_e229,last_e230,last_e231,last_e232,last_e233,last_e234,last_e235,last_e236,last_e237,last_e238,last_e239,last_e240,last_e241,last_e242,last_e243,last_e244,last_e245,last_e246,last_e247,last_e248,last_e249,last_e250,last_e251,last_e252,last_e253,last_e254,last_e255,last_e256,last_e257,last_e258,last_e259,last_e260,last_e261,last_e262,last_e263,last_e264,last_e265,last_e266,last_e267,last_e268,last_e269,last_e270,last_e271,last_e272,last_e273,last_e274,last_e275,last_e276,last_e277,last_e278,last_e279,last_e280,last_e281,last_e282,last_e283,last_e284,last_e285,last_e286,last_e287,last_e288,last_e289,last_e290,last_e291,last_e292,last_e293,last_e294,last_e295,last_e296,last_e297,last_e298,last_e299,last_e300,last_e301,last_e302,last_e303,last_e304,last_e305,last_e306,last_e307,last_e308,last_e309,last_e310,last_e311,last_e312,last_e313,last_e314,last_e315,last_e316,last_e317,last_e318,last_e319,last_e320,last_e321,last_e322,last_e323,last_e324,last_e325,last_e326,last_e327,last_e328,last_e329,last_e330,last_e331,last_e332,last_e333,last_e334,last_e335,last_e336,last_e337,last_e338,last_e339,last_e340,last_e341,last_e342,last_e343,last_e344,last_e345,last_e346,last_e347,last_e348,last_e349,last_e350,last_e351,last_e352,last_e353,last_e354,last_e355,last_e356,last_e357,last_e358,last_e359,last_e360,last_e361,last_e362,last_e363,last_e364,last_e365,last_e366,last_e367,last_e368,last_e369,last_e370,last_e371,last_e372,last_e373,last_e374,last_e375,last_e376,last_e377,last_e378,last_e379,last_e380,last_e381,last_e382,last_e383,slope_e0,slope_e1,slope_e2,slope_e3,slope_e4,slope_e5,slope_e6,slope_e7,slope_e8,slope_e9,slope_e10,slope_e11,slope_e12,slope_e13,slope_e14,slope_e15,slope_e16,slope_e17,slope_e18,slope_e19,slope_e20,slope_e21,slope_e22,slope_e23,slope_e24,slope_e25,slope_e26,slope_e27,slope_e28,slope_e29,slope_e30,slope_e31,slope_e32,slope_e33,slope_e34,slope_e35,slope_e36,slope_e37,slope_e38,slope_e39,slope_e40,slope_e41,slope_e42,slope_e43,slope_e44,slope_e45,slope_e46,slope_e47,slope_e48,slope_e49,slope_e50,slope_e51,slope_e52,slope_e53,slope_e54,slope_e55,slope_e56,slope_e57,slope_e58,slope_e59,slope_e60,slope_e61,slope_e62,slope_e63,slope_e64,slope_e65,slope_e66,slope_e67,slope_e68,slope_e69,slope_e70,slope_e71,slope_e72,slope_e73,slope_e74,slope_e75,slope_e76,slope_e77,slope_e78,slope_e79,slope_e80,slope_e81,slope_e82,slope_e83,slope_e84,slope_e85,slope_e86,slope_e87,slope_e88,slope_e89,slope_e90,slope_e91,slope_e92,slope_e93,slope_e94,slope_e95,slope_e96,slope_e97,slope_e98,slope_e99,slope_e100,slope_e101,slope_e102,slope_e103,slope_e104,slope_e105,slope_e106,slope_e107,slope_e108,slope_e109,slope_e110,slope_e111,slope_e112,slope_e113,slope_e114,slope_e115,slope_e116,slope_e117,slope_e118,slope_e119,slope_e120,slope_e121,slope_e122,slope_e123,slope_e124,slope_e125,slope_e126,slope_e127,slope_e128,slope_e129,slope_e130,slope_e131,slope_e132,slope_e133,slope_e134,slope_e135,slope_e136,slope_e137,slope_e138,slope_e139,slope_e140,slope_e141,slope_e142,slope_e143,slope_e144,slope_e145,slope_e146,slope_e147,slope_e148,slope_e149,slope_e150,slope_e151,slope_e152,slope_e153,slope_e154,slope_e155,slope_e156,slope_e157,slope_e158,slope_e159,slope_e160,slope_e161,slope_e162,slope_e163,slope_e164,slope_e165,slope_e166,slope_e167,slope_e168,slope_e169,slope_e170,slope_e171,slope_e172,slope_e173,slope_e174,slope_e175,slope_e176,slope_e177,slope_e178,slope_e179,slope_e180,slope_e181,slope_e182,slope_e183,slope_e184,slope_e185,slope_e186,slope_e187,slope_e188,slope_e189,slope_e190,slope_e191,slope_e192,slope_e193,slope_e194,slope_e195,slope_e196,slope_e197,slope_e198,slope_e199,slope_e200,slope_e201,slope_e202,slope_e203,slope_e204,slope_e205,slope_e206,slope_e207,slope_e208,slope_e209,slope_e210,slope_e211,slope_e212,slope_e213,slope_e214,slope_e215,slope_e216,slope_e217,slope_e218,slope_e219,slope_e220,slope_e221,slope_e222,slope_e223,slope_e224,slope_e225,slope_e226,slope_e227,slope_e228,slope_e229,slope_e230,slope_e231,slope_e232,slope_e233,slope_e234,slope_e235,slope_e236,slope_e237,slope_e238,slope_e239,slope_e240,slope_e241,slope_e242,slope_e243,slope_e244,slope_e245,slope_e246,slope_e247,slope_e248,slope_e249,slope_e250,slope_e251,slope_e252,slope_e253,slope_e254,slope_e255,slope_e256,slope_e257,slope_e258,slope_e259,slope_e260,slope_e261,slope_e262,slope_e263,slope_e264,slope_e265,slope_e266,slope_e267,slope_e268,slope_e269,slope_e270,slope_e271,slope_e272,slope_e273,slope_e274,slope_e275,slope_e276,slope_e277,slope_e278,slope_e279,slope_e280,slope_e281,slope_e282,slope_e283,slope_e284,slope_e285,slope_e286,slope_e287,slope_e288,slope_e289,slope_e290,slope_e291,slope_e292,slope_e293,slope_e294,slope_e295,slope_e296,slope_e297,slope_e298,slope_e299,slope_e300,slope_e301,slope_e302,slope_e303,slope_e304,slope_e305,slope_e306,slope_e307,slope_e308,slope_e309,slope_e310,slope_e311,slope_e312,slope_e313,slope_e314,slope_e315,slope_e316,slope_e317,slope_e318,slope_e319,slope_e320,slope_e321,slope_e322,slope_e323,slope_e324,slope_e325,slope_e326,slope_e327,slope_e328,slope_e329,slope_e330,slope_e331,slope_e332,slope_e333,slope_e334,slope_e335,slope_e336,slope_e337,slope_e338,slope_e339,slope_e340,slope_e341,slope_e342,slope_e343,slope_e344,slope_e345,slope_e346,slope_e347,slope_e348,slope_e349,slope_e350,slope_e351,slope_e352,slope_e353,slope_e354,slope_e355,slope_e356,slope_e357,slope_e358,slope_e359,slope_e360,slope_e361,slope_e362,slope_e363,slope_e364,slope_e365,slope_e366,slope_e367,slope_e368,slope_e369,slope_e370,slope_e371,slope_e372,slope_e373,slope_e374,slope_e375,slope_e376,slope_e377,slope_e378,slope_e379,slope_e380,slope_e381,slope_e382,slope_e383
-0.00698627,-0.01553798,-0.00198503,-0.02234921,-0.00071494,-0.00190545,-0.01499574,-0.01628916,0.00996532,-0.01775505,0.01457323,0.06867111,-0.00780013,-0.00764353,0.02036274,-0.02032240,-0.00361147,-0.05284363,-0.02042471,0.00749469,-0.01254082,-0.02292042,-0.01652837,0.00774524,0.00482681,-0.01519805,-0.02102863,0.01333840,0.00646097,-0.03084194,-0.02668689,0.06324632,0.02873244,0.00666227,0.00183927,-0.00429703,-0.00076560,0.01256918,0.00933934,-0.01881631,0.01444495,-0.03882971,-0.01024750,0.01980719,-0.00000376,0.00564190,-0.01089077,0.00803577,0.00492287,0.01636019,0.00735674,-0.00726176,-0.01686494,0.01098416,0.00475656,0.00434058,-0.00686066,-0.00670560,0.01977300,0.00456405,-0.00286445,-0.00653185,-0.02666816,0.04857447,0.01905018,-0.00033498,-0.01257206,0.00511674,-0.03904845,0.00136942,-0.00199018,-0.03895224,0.00625531,0.00725563,-0.00556434,0.00129539,0.03910379,0.03200635,0.03747198,-0.01445477,0.01142061,-0.01897445,-0.00867487,-0.01497826,-0.00383121,-0.01465553,0.00507950,-0.02445815,0.01178032,-0.00593229,-0.00317740,0.01727055,0.05505381,-0.00588506,-0.02540565,-0.00347868,-0.01738671,0.01011285,0.00012576,0.02901181,0.01468344,0.04563856,-0.00046645,-0.01294756,-0.02795826,-0.03066976,0.00438253,0.02194889,-0.00129816,-0.00526877,-0.02824334,0.02296311,0.00965581,-0.00106023,-0.01180860,0.00615103,-0.04123697,0.00086300,0.03531598,0.01555319,0.02481955,0.04861371,-0.02943606,-0.01139198,-0.02924321,-0.00836469,-0.00714694,0.00000000,-0.02871605,0.01317235,0.01326069,-0.01016595,-0.01409858,0.00598266,-0.03363950,0.00591513,-0.01878589,0.00298482,0.01154440,0.03170858,-0.00048363,0.00568053,0.01789982,-0.02159424,-0.02902695,0.04515884,0.02669179,-0.00144519,0.01230445,-0.02530444,0.00305569,0.01116587,0.02949700,-0.00207527,0.00218197,0.01132834,0.02824619,0.01104487,0.01222497,0.01511023,-0.00733155,-0.00943779,-0.01360637,0.02755305,0.01120031,-0.01766352,0.00430618,-0.00449553,-0.03419484,0.01558253,-0.03904276,-0.00477719,0.00268353,0.02190516,0.01925021,0.00366155,-0.03397203,0.01176863,-0.02975932,0.02144932,-0.02137939,-0.01606937,-0.00770966,-0.00219503,0.00245747,-0.01929463,0.00321260,0.00257619,-0.01418837,0.01949074,-0.02638734,0.00413755,-0.04612763,0.05422710,0.02382239,0.02064223,-0.02449639,0.02268423,-0.00090334,0.00328932,-0.00276500,0.01292034,-0.00964066,-0.00738097,-0.00273635,0.02176060,0.04296724,0.00966368,0.00491763,-0.01364366,0.01791627,-0.00190155,0.03772465,0.02019084,0.04930961,-0.01463713,-0.01290894,-0.00208284,-0.02431598,0.01522237,0.02633242,0.04222666,0.00270852,0.00000000,-0.03276258,-0.00430537,-0.01392379,0.03994242,-0.00840747,-0.00561426,0.01435866,0.01269669,-0.01454311,0.03391879,0.00645589,0.00089985,-0.01462460,0.00914277,-0.00910702,-0.01104077,0.03677348,-0.03031358,0.00143589,-0.01646444,0.00825365,0.04627852,-0.03241334,0.03256292,-0.01283911,0.02286303,-0.04759973,-0.01017066,-0.01214424,-0.00776961,-0.01377489,-0.03767413,-0.04616290,0.01016142,-0.01826650,-0.01322577,0.00111842,-0.01093344,0.00040758,0.00560715,0.02275945,-0.02473089,-0.03169439,0.00641665,-0.01229568,-0.00276524,0.02708794,0.00844637,0.00581256,-0.01918421,-0.00858000,-0.00019823,-0.01802566,0.00510431,-0.04916576,0.05622484,0.03622576,-0.00517377,-0.00352818,-0.00331037,0.00826437,0.01172473,0.00097531,-0.00236885,0.01599290,-0.01405195,0.01075940,-0.00844990,0.00580040,-0.01548129,0.03258427,-0.02855015,-0.04862369,-0.02057385,-0.03069608,0.02364110,-0.00030432,-0.04537921,-0.02646961,-0.02055502,-0.00740013,-0.00742977,0.01359592,0.02455606,-0.00206387,-0.01989321,-0.00265195,-0.03695818,0.00525524,0.01903202,-0.05176387,-0.02316887,-0.03237458,0.02405711,-0.01408835,0.00000000,0.00886539,-0.00074247,0.01659610,0.01312627,0.03577637,-0.02351368,0.00341603,0.01720263,-0.00006640,0.01302953,0.03108926,0.00124785,-0.04045377,0.00845353,0.01987781,0.03089621,0.00183244,-0.02142579,-0.02119281,0.01118245,-0.00410497,0.05284426,0.02196461,-0.01279445,-0.01320037,0.01246866,-0.00230068,0.04029676,0.02122831,-0.03735766,0.00108360,0.01739669,0.00617369,-0.00991071,0.00173171,-0.01342352,-0.01769887,-0.00071924,0.02226235,-0.01580732,-0.03322476,-0.01160860,0.00597589,0.04946142,-0.01346710,-0.02185506,-0.05541865,-0.00956892,0.00091066,-0.03805344,0.00698695,-0.01208821,0.01939384,0.00886039,0.05142661,-0.00975444,-0.00829897,-0.01230245,-0.01470955,0.00473258,0.03134027,-0.04271166,0.03627698,0.01604595,0.06112133,0.06692343,0.05512577,0.04192636,0.04097003,0.05142047,0.06145069,0.05229863,0.04854737,0.03832433,0.04554118,0.05806817,0.03501030,0.03480698,0.04113225,0.04403052,0.03812768,0.04951036,0.04143387,0.05161962,0.05507991,0.05604095,0.04573001,0.03833367,0.05107972,0.04139548,0.03680845,0.03848989,0.03561296,0.04503124,0.04188197,0.05704066,0.04688368,0.03584900,0.04240966,0.05907797,0.03942606,0.04930677,0.04425206,0.03666414,0.03355228,0.04131580,0.04560548,0.04088149,0.04112840,0.04984794,0.04980694,0.05154652,0.05418500,0.04848608,0.04479830,0.05470206,0.04352969,0.05357321,0.05077240,0.04350322,0.04704056,0.04601064,0.04082285,0.04627061,0.04422272,0.03718413,0.04486692,0.03980884,0.04654920,0.04231482,0.03300640,0.05365690,0.05262901,0.04595078,0.04130655,0.04673411,0.04587494,0.05780331,0.03464114,0.03388073,0.04306191,0.04110783,0.04352984,0.05044553,0.04538732,0.04979897,0.04112848,0.04363763,0.05285436,0.03734926,0.04700920,0.05551698,0.04484227,0.04186902,0.05577216,0.05438084,0.05541114,0.03663627,0.04708710,0.04613407,0.03708329,0.05604441,0.06901543,0.03931681,0.04413340,0.04410452,0.03873507,0.05343805,0.04251506,0.04021863,0.03447042,0.03838965,0.04511850,0.04483189,0.03456252,0.04136390,0.05156895,0.04078092,0.04388307,0.05786922,0.04533119,0.03450212,0.04559708,0.03932419,0.04596193,0.04590614,0.04531228,0.05458472,0.04790864,0.05469407,0.04576847,0.00000000,0.04650002,0.04721539,0.04243526,0.05422765,0.03869159,0.03705640,0.03335657,0.03428164,0.04301710,0.05047581,0.05058463,0.05079894,0.04356145,0.04920916,0.05162286,0.05708711,0.04510901,0.04538074,0.04863588,0.03971656,0.03807847,0.04703398,0.04062667,0.03617995,0.04984640,0.05106890,0.03793985,0.04276726,0.04962880,0.02267989,0.05412283,0.04729375,0.04921249,0.04421651,0.04190166,0.04213825,0.04979412,0.04659725,0.04339180,0.03786385,0.04464944,0.03407091,0.04012668,0.03743407,0.04996160,0.04952432,0.04809385,0.04071253,0.04906420,0.03783550,0.04352839,0.03544860,0.06102185,0.03845403,0.04104961,0.04180208,0.04424735,0.05271658,0.04254149,0.05442709,0.04378183,0.03439715,0.05029499,0.05063761,0.04236967,0.05551311,0.04841946,0.04504137,0.05688817,0.04154892,0.03784891,0.03763450,0.05286924,0.05277782,0.04539305,0.04645250,0.04834866,0.04391196,0.05486659,0.05002552,0.04217699,0.05204919,0.05565326,0.04975651,0.04380989,0.04081416,0.03622475,0.05009911,0.04058342,0.04681813,0.05391088,0.03835257,0.05077241,0.04998522,0.05737772,0.00000000,0.06094483,0.04589167,0.04294575,0.04178781,0.04250963,0.04449140,0.04934991,0.05942877,0.05531653,0.05894345,0.05035132,0.04079954,0.05294914,0.04018462,0.05122920,0.04380761,0.04897657,0.05578541,0.03949354,0.03536957,0.04251016,0.05133889,0.04242275,0.04677365,0.03751539,0.03511932,0.06043774,0.05713429,0.04053424,0.03742018,0.04689898,0.04923032,0.05174824,0.05234725,0.04680575,0.05138773,0.04455162,0.04369645,0.04002242,0.04638673,0.04804140,0.03584252,0.03784038,0.06727078,0.03530950,0.04592362,0.05278476,0.04126177,0.05669882,0.04293803,0.05047348,0.03808449,0.04909667,0.04796815,0.04282480,0.05057608,0.04782303,0.04661620,0.03957175,0.03616097,0.04716719,0.04056876,0.04003245,0.05387669,0.04007873,0.04245626,0.04534126,0.05017434,0.05259440,0.04638937,0.04526676,0.03853737,0.04835556,0.04288504,0.04734451,0.04276481,0.04675288,0.04746952,0.03962281,0.04567900,0.06453176,0.04356692,0.04345721,0.04150640,0.05199585,0.04884354,0.04712572,0.04400036,0.03628421,0.04012572,0.05505405,0.04019153,0.06533817,0.04977649,0.03679108,0.00000000,0.03623429,0.04535656,0.03840902,0.03243734,0.06189508,0.05684349,0.04331620,0.04857698,0.04065140,0.04622730,0.04637576,0.04119288,0.05646136,0.05363961,0.04798634,0.04841390,0.05267053,0.05983164,0.02997241,0.05539798,0.05090849,0.03600330,0.05231973,0.04294815,0.03944187,0.03767732,0.04299857,0.04587045,0.04279015,0.05143671,0.04569136,0.04050141,0.05136140,0.04634629,0.03873167,0.04809495,0.04439142,0.03601533,0.03635360,0.04331931,0.04170217,0.05242406,0.03779696,0.03914491,0.05104341,0.04835175,0.05092902,0.05849774,0.05200651,0.05171727,0.04383671,0.04838747,0.04191724,0.04480241,0.04176244,0.04197377,0.04012102,0.04510005,0.04761285,0.04221480,0.05402820,0.05553552,0.04539016,0.03496437,0.10287600,0.16943500,0.13150100,0.09280700,0.08295300,0.10132800,0.11645700,0.10531900,0.09190400,0.06708100,0.13600200,0.21833100,0.07773100,0.07018900,0.12345600,0.07205200,0.07859400,0.08428400,0.08252300,0.10684900,0.17648300,0.12329500,0.09439900,0.10042100,0.10846100,0.08030900,0.06267000,0.08224000,0.07043700,0.09440500,0.05670300,0.18163600,0.14092500,0.09562800,0.10490300,0.14749300,0.09475300,0.11807900,0.08395400,0.07597200,0.08285800,0.03907200,0.09635200,0.13771400,0.09139700,0.10293800,0.09456700,0.15758000,0.11603100,0.11375100,0.11247500,0.14766700,0.05299500,0.14592400,0.14507400,0.10119600,0.11080500,0.12227600,0.11862400,0.11661000,0.09014900,0.07840600,0.04174200,0.14601300,0.10952500,0.14885200,0.06190200,0.15289400,0.05789600,0.07862400,0.09034100,0.03080500,0.11627700,0.19786200,0.06768700,0.08813000,0.14038500,0.12427000,0.14515600,0.13047800,0.13134800,0.15406200,0.11000200,0.11740800,0.13133600,0.06180900,0.10458600,0.12441400,0.09992600,0.08080500,0.14543800,0.12753300,0.21447500,0.07571400,0.08806500,0.13107400,0.05902800,0.17833100,0.16731100,0.13301600,0.10401500,0.12433500,0.11547400,0.10587300,0.10213800,0.07157100,0.06713300,0.09102800,0.10393300,0.09413800,0.05540700,0.12616300,0.10137100,0.11187600,0.10101300,0.14545900,0.07858900,0.08325100,0.14543000,0.09377400,0.12565500,0.13521700,0.07072200,0.11418900,0.08062200,0.09603800,0.08336700,0.00000000,0.08194900,0.12663200,0.08043000,0.13952100,0.07554300,0.08754700,0.02592200,0.07294500,0.09505100,0.11044300,0.12626100,0.14462200,0.08035700,0.09068700,0.13100900,0.11184800,0.06915700,0.16566200,0.12395900,0.11384200,0.11272600,0.08967500,0.10212500,0.07794000,0.13998900,0.09381500,0.07901200,0.09924900,0.16834000,0.06115500,0.16134000,0.12803000,0.10863000,0.12818300,0.08911300,0.13093900,0.15103600,0.10621300,0.08023800,0.07994700,0.06776700,0.08522400,0.04515100,0.09075300,0.16683300,0.16482200,0.14196600,0.09861900,0.09855300,0.12079800,0.05131800,0.09236500,0.12628200,0.08996100,0.09735100,0.07029000,0.12801900,0.12452000,0.11923900,0.15049700,0.09210500,0.10956400,0.06828700,0.11684600,0.09343400,0.14889200,0.12171200,0.13980100,0.09346400,0.14779300,0.09062300,0.08619200,0.12025900,0.14336900,0.09895300,0.14694500,0.13994900,0.13179500,0.19547700,0.11294800,0.11571800,0.10054400,0.18295700,0.08660700,0.16045600,0.10809700,0.12526100,0.08931400,0.05853500,0.14417300,0.08610300,0.10370900,0.15227000,0.14019900,0.10776500,0.00000000,0.16674800,0.08130300,0.09443600,0.14424600,0.07591800,0.10132000,0.10782700,0.21819300,0.09433600,0.18652100,0.13444400,0.08024000,0.10973000,0.08336500,0.11007500,0.10618600,0.19119100,0.09755600,0.07603600,0.06828000,0.10050100,0.15772900,0.05185800,0.11571200,0.08378900,0.10213100,0.07360300,0.12356900,0.07479300,0.07202700,0.11802600,0.06294000,0.07700000,0.15824800,0.09299200,0.07208800,0.08777900,0.10630200,0.09049500,0.15454400,0.11955000,0.05863200,0.06233000,0.25542800,0.06210600,0.14186600,0.16694000,0.10228500,0.13013000,0.06978500,0.11220200,0.09414400,0.09678800,0.12778400,0.09081900,0.15828900,0.13079000,0.09968000,0.08133300,0.07295500,0.09636200,0.11354500,0.09015600,0.09298200,0.12982600,0.07570400,0.10033800,0.12786200,0.13105100,0.12108900,0.13498000,0.04386800,0.09926000,0.07057400,0.07785500,0.12219500,0.08100600,0.07170400,0.05776000,0.08565000,0.14482200,0.06957000,0.09975300,0.12526600,0.12043900,0.12534100,0.10948900,0.09988000,0.12933800,0.11066800,0.04654200,0.07047200,0.10932100,0.11678000,0.07762000,-0.00000000,0.07385800,0.11756100,0.09774700,0.09009400,0.21512400,0.10598700,0.10273100,0.14467400,0.09186200,0.15332900,0.15243200,0.09256500,0.10813500,0.15202600,0.11577000,0.13686400,0.13633300,0.10963700,0.04157400,0.15086100,0.14758500,0.12568900,0.18162300,0.10046100,0.12998400,0.08637500,0.09847600,0.14039900,0.11565800,0.07563800,0.15252700,0.10520000,0.11238600,0.09149200,0.11971400,0.07262700,0.06599000,0.08830000,0.11909100,0.09169300,0.06785200,0.09570100,0.08775000,0.11481700,0.08046300,0.08435900,0.09714500,0.08012400,0.12067700,0.09379300,0.11069300,0.14563700,0.11103600,0.15708900,0.14757800,0.11925900,0.11926900,0.07515200,0.09939300,0.09215700,0.13452700,0.07334200,0.12218400,0.08392500,-0.14016800,-0.17076900,-0.18529300,-0.13701100,-0.10069000,-0.11570500,-0.19591100,-0.14243700,-0.09467800,-0.10622100,-0.09487100,-0.07649700,-0.06733000,-0.07337400,-0.09172000,-0.14153500,-0.10761400,-0.16835100,-0.12460600,-0.13493600,-0.14378000,-0.13483800,-0.10611100,-0.06916100,-0.10160700,-0.09352800,-0.09709200,-0.07517600,-0.08149900,-0.12010600,-0.12435900,-0.13512600,-0.07752300,-0.05555400,-0.13070000,-0.13707200,-0.06801700,-0.13056800,-0.12385500,-0.10530000,-0.05386800,-0.14078200,-0.11979000,-0.10054400,-0.10785000,-0.12912700,-0.12058900,-0.10158500,-0.14561000,-0.08496500,-0.10574700,-0.13264300,-0.11657500,-0.09725300,-0.09920900,-0.10797500,-0.12724300,-0.09648300,-0.06690800,-0.09968100,-0.11812600,-0.10955900,-0.15867300,-0.03220700,-0.08845900,-0.12089000,-0.08064600,-0.14314500,-0.14865200,-0.09672600,-0.09916900,-0.18933900,-0.06661800,-0.11124200,-0.08678200,-0.08206700,-0.04615400,-0.11924900,-0.07260400,-0.11118600,-0.06419400,-0.18997900,-0.09379100,-0.11530500,-0.11803700,-0.10143600,-0.11495100,-0.15458200,-0.14155000,-0.10878100,-0.11988600,-0.11336900,-0.07323100,-0.09760800,-0.13566600,-0.09220400,-0.09504500,-0.10244700,-0.12330700,-0.03125100,-0.10503500,-0.05712300,-0.07444400,-0.11810400,-0.09812200,-0.10081000,-0.09165100,-0.04714200,-0.10456600,-0.09040000,-0.11399900,-0.04472000,-0.12833100,-0.10214300,-0.09045100,-0.12189500,-0.14721700,-0.07217000,-0.08955800,-0.05517500,-0.06108300,-0.05669900,-0.13173400,-0.11790700,-0.13309100,-0.11330900,-0.10824300,-0.00000000,-0.11503100,-0.09442000,-0.09772100,-0.12244900,-0.10108600,-0.04936900,-0.11451500,-0.06705600,-0.11975200,-0.12903900,-0.08101300,-0.06828500,-0.10989100,-0.12845700,-0.08401900,-0.14395900,-0.13027200,-0.03870500,-0.10615600,-0.08640100,-0.06244600,-0.14785400,-0.11100500,-0.07597800,-0.08157000,-0.13892800,-0.09970700,-0.10170600,-0.07584300,-0.03614800,-0.11943100,-0.08825900,-0.10772900,-0.13204300,-0.13639100,-0.05771100,-0.09945400,-0.11196100,-0.10859900,-0.13594200,-0.12115200,-0.05550300,-0.12070300,-0.08061400,-0.10570000,-0.07518700,-0.08238600,-0.07739400,-0.14588100,-0.09034900,-0.14558100,-0.06076200,-0.14305700,-0.09177100,-0.10538000,-0.08847700,-0.09859000,-0.11505400,-0.09171500,-0.12806900,-0.10641600,-0.07140000,-0.17674700,-0.14676100,-0.13802900,-0.06233700,-0.10037200,-0.06241700,-0.14438200,-0.06332000,-0.10579600,-0.06077000,-0.11325700,-0.10215300,-0.11227000,-0.10975600,-0.12096600,-0.09911300,-0.15452200,-0.07584700,-0.08683600,-0.14908700,-0.10326900,-0.15439300,-0.08500400,-0.08678000,-0.04000200,-0.13885300,-0.11723200,-0.10077800,-0.12951600,-0.06176500,-0.09135800,-0.08594100,-0.20482600,-0.00000000,-0.14660400,-0.08510600,-0.10544400,-0.07708200,-0.11104800,-0.09574300,-0.09816800,-0.11986400,-0.15582200,-0.12271300,-0.09915600,-0.08861000,-0.16550600,-0.08746900,-0.10318800,-0.08688800,-0.09327700,-0.15016400,-0.09185700,-0.09905400,-0.08364300,-0.11267800,-0.12398000,-0.08836100,-0.11796800,-0.05874100,-0.21598900,-0.11669300,-0.13027700,-0.09021600,-0.11363400,-0.14157700,-0.20614300,-0.10418300,-0.11212300,-0.12747000,-0.09443300,-0.09635500,-0.08778000,-0.09944800,-0.09894200,-0.09021200,-0.11976800,-0.10504100,-0.11204400,-0.09640100,-0.18251500,-0.06529400,-0.15919400,-0.11752700,-0.11673800,-0.08981100,-0.11406000,-0.13895000,-0.12479400,-0.10793500,-0.04919800,-0.12013100,-0.08302800,-0.09037500,-0.13449100,-0.10518600,-0.10398900,-0.09357600,-0.06854000,-0.12669300,-0.08796600,-0.10257800,-0.16558100,-0.10463300,-0.08736500,-0.11072300,-0.17666200,-0.13924100,-0.11220100,-0.06347200,-0.09629000,-0.13765100,-0.15639800,-0.12698600,-0.16010000,-0.11059300,-0.13029800,-0.06786800,-0.10363100,-0.11617200,-0.09808300,-0.13430600,-0.06591900,-0.06155800,-0.19908000,-0.11966300,-0.17360400,-0.08796800,-0.10437600,-0.00000000,-0.08800900,-0.09222200,-0.09644600,-0.06122400,-0.08152500,-0.11485200,-0.09282800,-0.07736100,-0.12042800,-0.09223300,-0.08341100,-0.08225900,-0.15433500,-0.11906800,-0.07257200,-0.04846500,-0.12043100,-0.17563100,-0.08984900,-0.10523700,-0.11522800,-0.04715200,-0.06078800,-0.11234300,-0.08734700,-0.07028200,-0.11540100,-0.07397000,-0.11917200,-0.13013800,-0.06514300,-0.08337300,-0.13296200,-0.10881800,-0.07689900,-0.12333700,-0.10291300,-0.08030400,-0.05122900,-0.13375900,-0.15809400,-0.11334100,-0.08252000,-0.06491700,-0.12709400,-0.12887100,-0.14861800,-0.16639200,-0.13512900,-0.15018800,-0.10513900,-0.11623100,-0.07343000,-0.08555200,-0.02851300,-0.07713800,-0.11159400,-0.17763000,-0.12378300,-0.10105100,-0.07838700,-0.15266700,-0.07060600,-0.06568700,-0.06718600,-0.04892100,-0.06383900,-0.03243800,0.08059300,0.03962500,0.09507600,0.00765500,-0.08433700,-0.08244900,-0.04550200,0.01386900,0.02084500,0.01571600,0.02808700,0.03002500,-0.04071400,-0.11586000,-0.04340600,0.10020900,0.00214300,0.00048700,0.07296900,-0.00287200,-0.02266700,-0.02953900,-0.03673500,0.06965400,0.00234900,-0.00147200,-0.07709400,0.04157200,0.02643500,0.05737700,-0.02489400,-0.01532900,-0.06754400,-0.00245000,0.04977500,0.04518500,0.05917100,-0.02920100,-0.06092700,0.04518300,0.01178100,0.00482800,-0.01391000,-0.03804600,0.01373000,0.03013900,-0.00049300,-0.05212900,-0.06858700,0.03794300,0.01688900,-0.03135300,0.00880700,-0.06420000,0.11862400,-0.01936800,-0.04319800,0.00203400,-0.13975400,0.08486500,-0.00554900,0.00666500,0.04163700,-0.00114200,-0.00820100,0.07370100,0.06051800,-0.06086300,0.04681300,-0.06906900,0.02640900,-0.01653500,0.02748900,-0.01485500,0.09864900,0.11713900,-0.02367100,0.00603500,-0.07978900,-0.03507100,-0.00272000,-0.02209500,0.06374500,0.02010700,0.01302200,0.08080500,0.00416800,-0.07515700,0.06165800,-0.00238100,0.00330100,-0.00392700,-0.00758200,0.06852000,-0.09741800,0.08915900,0.09007900,0.03169900,-0.03631000,0.05666400,0.00291600,-0.07245600,-0.01009500,0.01243400,-0.02816200,-0.07233600,-0.04682700,-0.03512100,-0.03971100,0.10358900,-0.03251600,0.11086200,0.02747700,0.03627800,0.02733600,0.06540700,0.01031500,0.00331600,-0.00495300,0.04543600,-0.06846200,-0.10680800,0.03911200,-0.00000000,0.01406000,0.01336900,0.03239500,-0.00335900,0.02121600,0.03267100,-0.02148300,-0.00037700,-0.01427400,0.03535000,0.11579800,-0.02363000,-0.10989100,-0.01995200,0.09261600,0.11184800,0.02062900,0.06492000,0.00013600,0.03701200,0.04540000,-0.03312600,-0.08041600,0.01678500,-0.02558500,-0.02247500,0.01654700,-0.08286700,0.07983300,0.02273300,-0.01590400,0.03538700,-0.04966700,0.04306000,0.02708200,-0.00457000,0.01062400,-0.02787300,-0.07639200,0.03926000,-0.01276900,0.00151900,-0.09427700,0.03752400,-0.02021400,0.04996600,0.03303200,-0.00678200,-0.08535500,0.01382200,-0.02656600,0.09236500,-0.06459500,-0.05439800,-0.10538000,-0.04141600,-0.03405600,0.03637200,0.04756400,0.07418500,-0.04832500,0.04520500,0.01436800,-0.07160000,-0.08026700,-0.01346000,-0.01870600,0.00033800,0.07715200,-0.05824200,-0.04872100,0.01781100,0.00237000,0.03571400,-0.02815800,0.03203500,-0.01849400,-0.04112800,0.11575500,-0.04752200,0.02814600,-0.01416900,-0.02821200,0.02159800,0.06624400,0.04702000,0.03931300,0.03808200,0.04378500,0.00400600,-0.07098300,0.03531000,-0.00795500,0.04561900,-0.02018100,0.00000000,-0.07184900,0.05045400,-0.00170400,0.06080300,-0.01292400,0.01416000,0.08182900,0.04764100,-0.06581600,0.04076200,0.01834100,-0.08585000,0.00206700,-0.01789200,-0.00267300,0.05171700,0.04023600,-0.04916500,0.01018200,0.06512600,-0.04820800,0.10738700,-0.06338500,0.04030700,0.01815600,0.01789700,-0.05583100,0.00739200,0.02635600,0.00456200,0.04394100,-0.11024900,-0.01275400,0.00697200,0.02556800,0.05629400,0.01734800,-0.00579700,0.01070100,-0.08860000,0.04740900,-0.03412600,-0.03045100,0.09548300,0.04482800,-0.07389700,0.06286800,-0.03328800,-0.00496400,0.06978500,-0.07680600,-0.05987900,0.01726000,0.00767700,-0.05041900,0.04232800,-0.00381100,0.01198200,-0.05003800,-0.05014500,-0.04426200,-0.02518700,-0.01354300,0.08004400,0.03571200,-0.01362700,-0.06388000,-0.05720800,0.02633700,-0.09400600,0.03218500,-0.06919000,-0.07049900,-0.04142900,-0.02547300,-0.00884800,0.03381900,-0.05292200,-0.00318000,-0.03264600,-0.03655100,0.02037400,0.02110200,-0.01297500,0.06883600,-0.05885600,0.04304600,-0.03593800,-0.04883900,0.02428400,-0.01904600,-0.02315200,0.09235400,-0.02692900,-0.00614300,-0.00000000,-0.00982400,0.01720300,0.04048700,0.01889900,0.02185800,0.08546900,-0.03342100,0.00589000,-0.00153800,-0.04470300,0.08358500,0.00154600,-0.07799700,0.03753700,0.07814400,0.05228700,-0.02955300,-0.12629300,-0.07908100,0.00706200,-0.01351700,0.03418300,0.04482900,-0.01286000,0.06826400,0.04417300,0.01553700,0.00402300,0.04707300,-0.04185800,0.15252700,-0.02011500,-0.00485800,-0.00847600,0.00276700,-0.12201700,-0.03755000,0.04341300,0.01462900,-0.03495500,-0.07847300,0.07446900,0.02471600,0.03449500,-0.03722300,-0.02551200,0.05412700,-0.12631800,-0.06466800,0.03138600,-0.00483300,-0.05485600,-0.01119100,0.02862900,0.03016300,-0.06405700,0.00657100,-0.00664000,0.06596900,0.01455900,0.11875500,0.01074200,0.06297500,0.02261300,-0.07805800,0.05183800,0.11012000,-0.00653800,0.00557500,-0.04211500,0.04083500,0.02251100,0.01316300,0.01252400,-0.03864600,0.08810900,0.03221000,0.04912600,-0.02658700,0.07205200,0.00304700,-0.08411300,-0.02856700,0.10684900,-0.07503000,0.00870200,-0.00114300,0.01640100,-0.04206000,0.08030900,0.06267000,-0.00040600,-0.04384200,-0.06751900,-0.11630700,0.07082400,0.02376100,-0.02555800,0.02416300,0.00362800,-0.01465700,-0.09292400,0.06174400,0.01653900,0.01455800,0.03401400,-0.09118200,0.05700800,0.03656000,0.09442400,-0.02574400,0.01807500,0.11603100,0.00554600,0.01383300,-0.02003800,-0.09176200,0.02430900,-0.00660000,0.01566100,0.01983600,-0.06362900,0.05085000,-0.03265300,-0.05569700,0.02985500,-0.04046900,0.09290100,0.08299300,-0.05626600,0.01042400,0.00494900,-0.06433300,0.07327500,-0.00832100,-0.04918200,0.08387700,0.04933600,0.00306300,-0.02614700,-0.04428300,-0.02852500,0.09615600,0.04768700,-0.03405900,-0.02361200,-0.02014900,-0.00781500,-0.02948700,-0.00436700,0.00503400,0.07959900,-0.03538100,-0.05889800,-0.08704600,-0.00213400,-0.01355500,0.02363900,0.06074600,-0.01121700,0.00103600,-0.01486300,-0.07328300,0.05733000,0.02465800,0.08290000,-0.02603600,0.06563300,-0.03108200,-0.05399200,0.03242100,-0.01448500,-0.00190400,-0.07233200,-0.00245100,0.01812300,-0.00909600,0.01648300,0.09114400,0.11536900,-0.01791500,0.03366900,-0.03195100,-0.00749700,-0.03425900,0.03875400,-0.02172600,0.05758900,-0.05016600,-0.03563100,0.01631400,-0.00000000,0.08194900,0.01311900,0.03595000,0.08882200,-0.03066100,-0.03695400,-0.00738000,-0.03749400,0.02057500,-0.02659900,0.06636200,-0.02556600,-0.07153700,-0.00760700,-0.04070900,0.07055400,-0.01916800,0.05157600,0.02846400,-0.02161700,-0.01900200,0.00269900,-0.01472700,0.05130800,0.01250600,0.02614400,0.03500200,-0.00503900,0.07309000,0.04459400,0.02040600,-0.02280800,0.00839300,0.03286000,0.03326400,-0.05771100,0.06637200,0.02542600,-0.08366900,-0.00696500,0.02458100,0.04560500,-0.02751800,-0.04667800,-0.06667800,0.01284800,0.02534600,0.06268800,0.01952600,-0.04166600,-0.03098100,0.05104200,0.06427500,-0.00393500,-0.09224400,0.03955900,-0.07963600,0.00496800,-0.04394700,0.11767600,0.00488900,0.05504100,-0.01867300,-0.08533200,-0.10421300,0.00444700,0.04648900,-0.01801900,0.01522500,0.00464400,-0.01098200,-0.03537100,0.05927400,0.05337600,-0.03971800,0.02553600,-0.02902400,-0.01898800,0.05132800,0.01509000,0.07208700,0.02294800,0.06314400,-0.11039700,0.08166700,0.04380100,0.05249500,-0.00142000,-0.00811900,-0.03017400,-0.09748800,0.01972000,0.08425700,0.01404000,-0.15043100,0.00000000,0.11122500,-0.03499500,-0.06342600,0.03763900,-0.01875500,-0.03326000,-0.00872800,0.02000900,-0.08230100,0.08826100,0.03232000,-0.01326200,0.00040300,-0.01189600,0.01231600,0.05195900,0.10528700,0.09755600,-0.00572400,-0.00491800,-0.02146700,0.06685000,-0.02330500,0.04684200,-0.00997300,0.00143000,0.00409600,-0.01351800,-0.03353000,0.00754200,0.07860000,0.02038000,-0.09382700,-0.02337100,-0.00521600,-0.01831200,0.00257400,-0.04316700,-0.02901500,-0.04638200,-0.02420300,0.01557600,-0.04106700,0.01188500,0.01403600,-0.05529200,0.04229400,0.08256800,-0.05686300,0.01663800,-0.02461900,-0.08981100,0.02039500,0.01142700,-0.02304700,-0.04844900,0.02466700,-0.05292900,-0.02378000,0.04264200,-0.13449100,-0.05007300,0.00790400,-0.02863200,0.01863000,0.01334100,-0.08796600,-0.08527100,-0.03199700,-0.05765700,0.00988400,-0.10451200,-0.04701100,0.02761400,0.05882000,0.07676700,-0.01155700,-0.05267000,-0.00875900,-0.00408100,-0.01967800,-0.00299800,0.00868200,0.08528800,-0.05663100,-0.10466300,0.10948900,-0.00696200,-0.00091700,-0.01786400,-0.01471300,-0.06874500,-0.03145900,0.01576800,0.00907200,-0.00000000,-0.00362900,0.11756100,-0.02363200,0.05100600,-0.07275800,-0.00780200,-0.02472700,0.00604600,0.06803900,0.03693100,0.04173800,0.09256500,-0.07438800,-0.01604200,0.05319300,0.04246200,0.00582000,0.00325500,-0.04204300,-0.01050000,-0.02863900,0.05447700,0.04052400,-0.05379700,0.12998400,0.00929600,-0.07571500,0.02591900,0.01592000,-0.01349400,0.01414500,0.06381700,-0.10524600,0.00670700,-0.04920400,-0.02957900,0.03688500,0.02907300,-0.01418200,-0.01808900,-0.09404900,-0.02023400,-0.01341600,-0.06491700,0.03482500,-0.01165300,0.02370800,-0.11257400,-0.09450300,-0.02097400,-0.04329900,0.00735800,0.04368000,0.07650200,0.08025200,-0.03607400,0.01707900,-0.10641200,-0.01346800,-0.10105100,0.02132500,0.05235700,0.03830600,0.06759700,0.02481485,0.00817282,0.04639793,-0.01412921,0.01982320,-0.00322684,0.03716987,-0.01825238,-0.00250813,-0.02674296,0.01291182,0.00155913,0.03522752,0.02399433,-0.03530170,0.02033380,0.02625484,-0.03772805,-0.00415925,0.02881569,-0.04227435,0.02970762,0.01255427,0.00008970,0.00351283,-0.01165237,0.03980379,0.00040170,-0.02408897,0.01224054,-0.05729103,-0.01189870,-0.02569885,-0.01564484,0.02614012,-0.01641469,0.02704011,-0.04857657,0.01236144,-0.01490468,-0.00783277,-0.00135147,-0.00965901,0.02349963,0.00471243,0.04125629,-0.01418314,0.01962774,0.01912500,0.02044463,0.02769681,0.02909084,0.01587454,-0.01899122,-0.00203951,0.01275226,0.03441327,-0.02576090,0.00991604,-0.01136628,-0.00061075,0.01441147,0.02465253,0.02754233,0.02118570,-0.01834016,-0.00073504,-0.02667569,-0.02072291,-0.01529179,-0.02617371,-0.02476470,0.06213602,0.03200056,0.01486670,-0.00670917,-0.02727947,0.02155296,0.02076308,0.01412004,0.02092630,-0.00433236,-0.01267221,-0.00970809,0.00442941,0.00349384,-0.02556974,0.01438247,-0.00860959,-0.03891789,-0.01093231,0.03010680,-0.03952244,0.00828614,0.00552786,-0.04182553,0.00572048,0.01066418,-0.00851612,-0.00014750,0.01648585,0.00048699,0.03510838,0.00884936,0.00110351,0.05221662,0.00066731,-0.01731807,0.00648477,0.00411126,0.00855970,-0.02205561,-0.07458512,-0.01171534,0.00525834,-0.02840327,0.01129146,0.02828778,-0.00560188,-0.02701202,-0.00571895,-0.00817420,-0.04188216,-0.01861047,0.00023658,-0.04014512,-0.02049603,0.00000000,0.03485780,0.03613165,-0.00437117,0.03830018,-0.03136813,-0.01266780,0.02934509,0.01219271,-0.01641832,-0.00060189,0.02287326,-0.02116326,0.03264047,-0.00470795,-0.04753928,0.04492085,-0.00930121,-0.01597124,0.01733966,0.01122606,-0.00739825,0.02036932,0.00750103,0.01943701,0.00668335,-0.02057532,-0.01137196,0.00595771,-0.00324042,-0.00878633,0.02236494,-0.05642249,0.01607406,0.02917036,0.01405147,0.00455522,0.00665553,-0.02566146,-0.03404429,-0.04067909,0.00891641,0.02551674,0.00832353,0.02870267,0.02957439,0.01254238,-0.03638420,0.00832923,0.04817328,-0.01705547,-0.04464736,-0.02715193,0.01849320,0.00964527,0.00158476,-0.01181674,-0.01859927,0.06262787,0.01802667,-0.03933632,-0.02583944,-0.00198441,-0.00984966,-0.00857051,0.00926357,-0.01161631,-0.01399611,-0.00946259,-0.01067654,0.01631837,-0.02729133,0.03613798,0.04844214,0.04494891,-0.01396101,0.03546630,-0.00305719,-0.02766203,0.05116228,-0.00877679,-0.03146531,0.01616378,0.02474682,-0.02244598,0.00774268,0.03968883,0.01307602,-0.04310151,0.00650706,0.04135814,-0.02136357,0.04302915,0.02862665,0.02283768,-0.02767883,0.00000000,-0.01658513,-0.00716118,0.00715582,-0.05124844,-0.01461714,-0.02599871,0.02599097,-0.03095507,0.02333984,0.02296893,0.00761105,0.02536900,0.04053826,-0.00925863,-0.01523940,0.01869109,0.03314336,0.02828260,-0.03013489,-0.02143333,-0.02418220,0.02824722,0.04279341,0.02286373,0.00970670,-0.02693683,0.00918626,-0.03941547,0.00722450,-0.04462247,-0.00616265,0.02330132,-0.00888833,0.05482757,-0.01172735,-0.00488184,0.03965861,-0.02489507,0.02191572,0.01206947,-0.03800474,-0.00387833,-0.00768951,-0.00289333,-0.01477348,0.00347949,0.02320952,0.00016014,-0.05433093,-0.03463255,0.00026296,-0.03116029,0.00673357,-0.01532345,0.01089055,0.02455477,-0.00172777,-0.03237905,0.00135815,-0.00389196,-0.03295326,-0.01033763,0.00016429,-0.00468844,-0.02018412,-0.01727619,-0.01692569,0.02302463,0.01702642,0.02020705,-0.01295222,-0.03909521,-0.03663841,0.03985839,0.03679175,-0.02264229,0.01111856,0.02825625,0.00667244,0.03517767,0.03850715,0.01551559,-0.01626461,0.01542791,0.00354996,0.00203729,0.05546989,-0.04223604,0.00221427,-0.01225473,-0.04653687,-0.01134242,0.01175927,-0.03227363,-0.02968243,0.00000000,0.04763828,-0.00853896,-0.06547342,-0.00468172,-0.06072507,0.01703429,-0.03584896,-0.01088895,0.00263707,0.04156256,-0.05302903,0.03051936,-0.02169431,-0.03643097,-0.01877510,-0.00957650,-0.00802679,0.05197187,0.00161271,-0.01558331,-0.02553392,0.01210702,-0.01567797,0.02644286,0.02794480,0.04101997,-0.05030264,-0.00044663,-0.01229995,0.02070854,-0.03677080,-0.02828434,-0.01808039,-0.02577238,-0.01836695,0.01215665,0.03331181,-0.02727129,0.02678455,-0.01293489,-0.01682942,-0.04177726,-0.00137515,-0.02482372,-0.00230157,-0.02425534,0.02992697,0.01424890,-0.02902631,0.00711879,-0.02417341,-0.02793349,-0.00326570,0.00396645,0.02662927,0.01076605,-0.00866765,-0.06173674,0.03877887,-0.04349366,-0.00111562,0.05037466,0.01626947,0.00680776
